$SPEC_ID:
No sample description was entered.
$SPEC_REM:
DET# 1
DETDESC# 
AP# Maestro Version 6.08
$DATE_MEA:
09/19/2017 11:17:11
$MEAS_TIM:
120 120
$DATA:
0 2047
       0
       0
       0
       0
       0
       0
       0
       0
       0
       0
       0
       0
       0
       0
       0
       0
       0
       0
       0
       0
       0
       0
       0
       0
       0
       0
       0
       0
       0
       0
       0
       0
       0
       0
       0
       0
       0
       0
       0
       0
       0
       0
       0
       0
       0
       0
       0
       0
       0
       0
       0
       0
       0
       0
       0
       0
       0
       0
       0
       0
       0
       0
       0
       0
       0
       0
       0
       0
       0
       0
       0
       0
       0
       0
       0
       0
       0
       0
       0
       0
       0
       0
       0
       0
       0
       0
       0
       0
       0
       0
       0
       0
       0
       0
       0
       0
       0
       0
       0
       0
       0
       0
       0
       0
       0
       0
       0
       0
       0
       0
       0
       0
       0
       0
       0
       0
       0
       0
       0
       0
       0
       0
       0
       0
       0
       0
       0
       0
       0
       0
       0
       0
       0
       0
       0
       0
       0
       0
       0
       0
       0
       0
       0
       0
       0
       0
       0
       0
       0
       0
       0
       0
       0
       0
       0
       0
       0
       0
       0
       0
       0
       0
       0
       0
       0
       0
       0
       0
       0
       0
       0
       0
       0
       0
       0
       0
       0
       0
       0
       0
       0
       0
       0
       0
       0
       0
       0
       0
       0
       0
       0
       0
       0
       0
       0
       0
       0
       0
       1
       3
       2
       1
       3
       3
       1
       0
       2
       3
       5
       2
       1
       1
       0
       0
       1
       0
       2
       0
       2
       1
       2
       0
       2
       1
       1
       1
       2
       1
       1
       0
       3
       1
       2
       1
       0
       1
       1
       2
       1
       1
       1
       0
       0
       1
       2
       1
       1
       1
       0
       1
       1
       2
       0
       1
       2
       2
       0
       0
       2
       2
       0
       0
       2
       0
       1
       0
       1
       3
       0
       0
       2
       2
       0
       4
       2
       2
       0
       1
       1
       0
       1
       3
       0
       1
       0
       0
       0
       1
       2
       2
       1
       1
       0
       1
       1
       1
       4
       2
       3
       1
       1
       0
       1
       1
       1
       0
       1
       0
       2
       0
       1
       0
       2
       3
       0
       1
       0
       4
       1
       1
       1
       0
       0
       0
       0
       2
       1
       0
       0
       1
       2
       1
       0
       1
       0
       4
       2
       0
       1
       5
       1
       2
       2
       1
       2
       1
       1
       2
       2
       1
       3
       3
       2
       1
       1
       1
       1
       1
       1
       3
       2
       3
       0
       0
       0
       0
       2
       1
       0
       1
       3
       4
       1
       1
       2
       4
       0
       2
       0
       0
       0
       2
       2
       2
       2
       2
       3
       1
       4
       2
       1
       0
       0
       2
       0
       1
       1
       2
       2
       1
       3
       1
       1
       1
       1
       1
       1
       0
       1
       2
       3
       2
       2
       1
       0
       1
       1
       1
       4
       1
       0
       2
       2
       1
       0
       2
       1
       2
       2
       2
       1
       1
       0
       1
       1
       2
       0
       2
       3
       4
       1
       0
       2
       1
       0
       0
       1
       2
       0
       1
       0
       1
       1
       1
       2
       0
       1
       4
       1
       2
       3
       1
       2
       0
       3
       2
       1
       3
       4
       1
       2
       2
       2
       1
       3
       2
       3
       3
       3
       2
       1
       2
       0
       2
       2
       4
       1
       0
       0
       1
       3
       1
       1
       1
       1
       1
       1
       1
       1
       0
       2
       3
       1
       1
       0
       0
       2
       2
       1
       5
       2
       4
       6
       3
       1
       0
       1
       1
       3
       1
       3
       1
       3
       5
       3
       1
       1
       0
       2
       2
       2
       1
       0
       1
       0
       0
       1
       2
       0
       2
       0
       2
       2
       3
       3
       2
       3
       3
       1
       2
       2
       1
       3
       3
       3
       0
       0
       4
       2
       1
       2
       1
       1
       0
       5
       2
       0
       2
       0
       1
       1
       1
       2
       3
       2
       4
       3
       3
       3
       4
       4
       1
       0
       1
       2
       0
       0
       5
       1
       2
       2
       2
       2
       4
       1
       0
       1
       1
       4
       2
       1
       1
       1
       1
       3
       2
       3
       0
       1
       3
       0
       3
       0
       3
       1
       1
       4
       1
       1
       3
       1
       2
       2
       0
       3
       3
       3
       3
       2
       0
       4
       3
       1
       4
       1
       2
       1
       3
       4
       3
       2
       2
       1
       1
       3
       2
       3
       2
       2
       2
       1
       4
       1
       5
       2
       2
       6
       2
       0
       2
       3
       2
       2
       4
       2
       1
       2
       1
       2
       1
       2
       4
       2
       4
       2
       7
       4
       2
       4
       2
       2
       0
       4
       2
       4
       4
       1
       3
       2
       1
       2
       4
       1
       3
       1
       0
       3
       3
       0
       2
       1
       5
       1
       2
       3
       5
       2
       0
       3
       3
       6
       5
       4
       2
       5
       2
       6
       1
       5
       5
       4
       3
       2
       3
       5
       2
       5
       3
       4
       5
       1
       2
       1
       2
       5
       3
       3
       1
       4
       3
       4
       5
       4
       7
       3
       6
       8
       2
       4
       3
       6
       2
       3
       1
       3
       3
       5
       3
       2
       7
       1
       3
       4
       2
       4
       5
       2
       3
       1
       4
       3
       3
       7
       4
       2
       5
       4
       4
      10
       6
       1
       2
       5
       4
       3
       1
       4
       2
       7
       3
       3
       6
       2
       3
       3
       3
       2
       4
       2
       3
       3
       3
       0
       6
       7
       8
       8
       5
       5
       8
       3
       3
       1
       7
       2
       7
       4
       1
       9
       5
       3
       1
       6
       4
       4
       2
       5
       5
       3
       4
       3
       1
       4
       8
       6
       3
       6
      12
       6
       5
       5
       4
       4
       6
       0
       4
       5
       8
       5
       6
       9
       9
       5
       4
       1
       8
       6
       5
       3
       6
       4
       7
       3
      10
       6
       7
       7
       9
       6
       9
       7
       8
       5
       3
       9
       5
       6
       9
       9
      10
      11
      11
       6
       6
       9
      11
       6
       7
      10
       8
      15
      14
       6
      16
      11
      15
      15
       8
      17
      12
      20
      14
      11
       8
      11
      10
      12
      16
       7
      23
      22
      21
      21
      21
      17
      19
      25
      15
      18
      28
      12
      26
      30
      23
      32
      29
      21
      14
      35
      19
      31
      39
      33
      40
      26
      47
      42
      38
      30
      30
      35
      42
      34
      33
      33
      60
      37
      47
      36
      51
      44
      43
      49
      54
      60
      50
      59
      71
      59
      67
      62
      71
      63
      85
      75
      87
      88
      71
      94
      88
      94
      78
      87
      83
      71
      91
      82
      92
      94
     106
      95
     110
     110
     128
     122
     116
     126
     143
     123
     131
     121
     141
     119
     129
     132
     150
     144
     147
     145
     166
     170
     157
     152
     177
     150
     156
     192
     173
     184
     193
     196
     182
     183
     172
     195
     188
     208
     204
     189
     196
     191
     211
     226
     207
     203
     228
     217
     234
     244
     238
     212
     231
     232
     241
     247
     261
     226
     219
     249
     255
     226
     232
     246
     252
     222
     245
     265
     243
     255
     242
     271
     246
     235
     248
     253
     251
     233
     240
     252
     227
     235
     259
     264
     249
     262
     244
     263
     225
     231
     236
     266
     267
     226
     262
     246
     223
     222
     235
     225
     224
     238
     245
     205
     237
     199
     218
     220
     206
     193
     193
     212
     186
     207
     190
     169
     177
     179
     180
     187
     179
     150
     168
     158
     159
     159
     151
     170
     145
     143
     159
     156
     156
     163
     161
     113
     157
     127
     128
     120
     113
     116
     104
     122
     118
     107
     101
     115
     109
      92
      92
     106
      93
      88
     103
      77
      87
      93
      72
      53
      87
      62
      60
      69
      66
      51
      73
      69
      53
      60
      47
      57
      47
      56
      61
      60
      45
      42
      47
      41
      43
      45
      39
      45
      36
      37
      38
      31
      18
      29
      31
      34
      26
      35
      18
      23
      21
      17
      20
      23
      14
      16
      20
      12
      12
      15
       9
      19
       8
      13
      12
       7
       9
      12
      10
      11
      13
      13
       5
       9
       7
       7
       6
       4
      12
       9
       9
      10
      11
       8
       4
       2
      10
       6
       4
       2
       4
       2
       3
       4
       3
       5
       3
       0
       1
       2
       1
       1
       1
       1
       4
       0
       1
       3
       2
       1
       2
       1
       3
       2
       3
       1
       0
       1
       2
       1
       1
       0
       0
       0
       0
       1
       0
       0
       1
       0
       0
       1
       0
       1
       1
       0
       0
       1
       0
       2
       0
       0
       0
       1
       0
       2
       0
       1
       1
       2
       1
       1
       0
       1
       2
       0
       0
       0
       2
       0
       0
       0
       0
       0
       0
       0
       0
       0
       1
       0
       0
       0
       0
       0
       0
       0
       0
       0
       0
       0
       0
       1
       0
       2
       0
       0
       0
       0
       1
       0
       1
       0
       1
       0
       1
       0
       0
       0
       0
       0
       0
       0
       0
       0
       0
       0
       0
       0
       0
       0
       0
       0
       0
       0
       0
       0
       1
       0
       0
       0
       0
       1
       0
       0
       0
       0
       0
       0
       0
       0
       1
       0
       0
       0
       0
       0
       0
       0
       0
       0
       0
       0
       0
       1
       0
       0
       0
       0
       0
       0
       1
       0
       0
       0
       0
       0
       0
       0
       0
       0
       0
       0
       0
       0
       0
       0
       0
       0
       0
       0
       0
       0
       0
       0
       0
       1
       0
       0
       0
       0
       0
       0
       0
       0
       0
       1
       0
       0
       0
       0
       0
       0
       0
       0
       0
       0
       0
       0
       0
       0
       0
       0
       0
       0
       0
       0
       0
       0
       0
       0
       0
       1
       0
       0
       0
       0
       0
       0
       0
       0
       0
       0
       0
       0
       0
       0
       0
       0
       0
       0
       0
       0
       0
       0
       0
       0
       0
       0
       0
       0
       0
       0
       0
       0
       0
       0
       0
       0
       0
       0
       0
       0
       0
       0
       0
       0
       0
       0
       1
       0
       0
       0
       0
       0
       0
       0
       0
       0
       0
       0
       0
       0
       0
       0
       0
       0
       0
       0
       0
       0
       0
       0
       0
       0
       0
       0
       0
       0
       0
       0
       0
       0
       0
       0
       1
       0
       0
       0
       0
       0
       0
       0
       0
       0
       0
       0
       0
       0
       0
       0
       0
       0
       0
       0
       0
       0
       0
       0
       0
       0
       0
       0
       0
       0
       0
       0
       0
       0
       0
       0
       0
       0
       0
       0
       0
       0
       0
       0
       0
       0
       0
       0
       0
       0
       0
       0
       0
       0
       0
       0
       0
       0
       0
       0
       0
       0
       0
       0
       0
       0
       0
       1
       0
       0
       0
       0
       0
       0
       0
       0
       0
       0
       0
       0
       0
       0
       0
       0
       0
       0
       0
       0
       0
       0
       0
       0
       0
       0
       0
       0
       0
       0
       0
       0
       0
       0
       0
       0
       0
       0
       0
       0
       0
       0
       0
       0
       0
       2
       0
       0
       0
       0
       0
       0
       0
       0
       0
       0
       0
       0
       0
       0
       0
       0
       0
       0
       0
       0
       0
       0
       0
       0
       0
       0
       0
       0
       0
       0
       0
       0
       0
       0
       0
       0
       0
       0
       0
       0
       0
       0
       0
       0
       0
       0
       0
       0
       0
       0
       0
       0
       0
       0
       0
       0
       0
       0
       0
       0
       0
       0
       0
       0
       0
       0
       0
       0
       0
       0
       0
       0
       0
       0
       0
       0
       0
       0
       0
       0
       0
       0
       0
       0
       0
       0
       0
       0
       0
       0
       0
       0
       0
       0
       0
       0
       0
       0
       0
       0
       0
       0
       0
       0
       0
       0
       0
       0
       0
       0
       0
       0
       0
       0
       0
       0
       0
       0
       0
       0
       0
       1
       0
       0
       0
       0
       0
       0
       0
       0
       0
       0
       0
       0
       0
       0
       0
       0
       0
       0
       0
       0
       0
       0
       0
       0
       0
       0
       0
       0
       0
       1
       0
       0
       0
       0
       0
       0
       0
       0
       0
       0
       0
       0
       0
       0
       0
       0
       0
       0
       0
       0
       0
       0
       0
       0
       0
       0
       0
       0
       0
       0
       0
       0
       0
       0
       0
       0
       0
       0
       0
       0
       0
       0
       0
       0
       0
       0
       0
       0
       0
       0
       0
       0
       0
       0
       0
       0
       0
       0
       0
       0
       0
       0
       0
       0
       0
       0
       0
       0
       0
       1
       0
       0
       0
       0
       0
       0
       0
       0
       0
       0
       0
       0
       0
       0
       0
       0
       0
       0
       0
       0
       0
       0
       0
       0
       0
       0
       0
       0
       0
       0
       0
       0
       0
       0
       0
       0
       0
       0
       0
       0
       0
       0
       0
       0
       0
       0
       0
       0
       0
       0
       0
       0
       0
       0
       0
       0
       0
       0
       0
       0
       0
       0
       0
       0
       0
       0
       0
       0
       1
       0
       0
       0
       0
       0
       0
       0
       0
       0
       0
       0
       0
       0
       0
       0
       0
       0
       0
       0
       0
       0
       0
       0
       0
       0
       0
       0
       0
       0
       0
       0
       0
       0
       0
       0
       0
       0
       0
       0
       0
       0
       0
       0
       0
       0
       0
       0
       0
       0
       0
       1
       0
       0
       0
       0
       0
       0
       0
       0
       0
       0
       0
       0
       0
       0
       0
       0
       0
       0
       0
       0
       0
       0
       0
       0
       0
       0
       0
       0
       0
       0
       0
       0
       1
       0
       0
       0
       0
       0
       0
       0
       0
       0
       0
       0
       0
       0
       0
       0
       0
       0
       0
       0
       0
       0
       0
       0
       0
       0
       0
       0
       0
       0
       0
       0
       0
       0
       0
       0
       0
       0
       0
       0
       0
$ROI:
0
$PRESETS:
Live Time
120
0
$ENER_FIT:
0.000000 0.002526
$MCA_CAL:
3
0.000000E+000 2.525835E-003 0.000000E+000 keV
$SHAPE_CAL:
3
0.000000E+000 0.000000E+000 0.000000E+000
