$SPEC_ID:
No sample description was entered.
$SPEC_REM:
DET# 1
DETDESC# 
AP# Maestro Version 6.08
$DATE_MEA:
09/19/2017 11:25:13
$MEAS_TIM:
120 120
$DATA:
0 2047
       0
       0
       0
       0
       0
       0
       0
       0
       0
       0
       0
       0
       0
       0
       0
       0
       0
       0
       0
       0
       0
       0
       0
       0
       0
       0
       0
       0
       0
       0
       0
       0
       0
       0
       0
       0
       0
       0
       0
       0
       0
       0
       0
       0
       0
       0
       0
       0
       0
       0
       0
       0
       0
       0
       0
       0
       0
       0
       0
       0
       0
       0
       0
       0
       0
       0
       0
       0
       0
       0
       0
       0
       0
       0
       0
       0
       0
       0
       0
       0
       0
       0
       0
       0
       0
       0
       0
       0
       0
       0
       0
       0
       0
       0
       0
       0
       0
       0
       0
       0
       0
       0
       0
       0
       0
       0
       0
       0
       0
       0
       0
       0
       0
       0
       0
       0
       0
       0
       0
       0
       0
       0
       0
       0
       0
       0
       0
       0
       0
       0
       0
       0
       0
       0
       0
       0
       0
       0
       0
       0
       0
       0
       0
       0
       0
       0
       0
       0
       0
       0
       0
       0
       0
       0
       0
       0
       0
       0
       0
       0
       0
       0
       0
       0
       0
       0
       0
       0
       0
       0
       0
       0
       0
       0
       0
       0
       0
       0
       0
       0
       0
       0
       0
       0
       0
       0
       0
       0
       0
       0
       0
       0
       0
       0
       0
       0
       0
       0
       2
       2
       5
       3
       4
       1
       0
       1
       2
       3
       4
       2
       2
       1
       3
       3
       1
       1
       3
       2
       1
       5
       1
       0
       1
       1
       3
       1
       1
       2
       2
       2
       3
       4
       0
       2
       1
       4
       0
       2
       2
       1
       0
       1
       0
       1
       2
       2
       0
       1
       3
       2
       2
       2
       4
       1
       0
       2
       1
       1
       0
       1
       2
       0
       1
       1
       0
       1
       2
       2
       2
       1
       3
       0
       2
       1
       2
       2
       1
       3
       1
       1
       0
       1
       0
       1
       1
       0
       1
       0
       2
       4
       0
       0
       3
       1
       3
       3
       4
       1
       0
       1
       1
       2
       0
       0
       2
       3
       1
       1
       0
       0
       1
       1
       0
       2
       3
       2
       1
       0
       1
       2
       1
       2
       2
       0
       1
       1
       0
       0
       0
       0
       0
       0
       2
       0
       2
       0
       1
       2
       0
       1
       1
       2
       1
       2
       0
       0
       1
       5
       0
       0
       2
       0
       4
       0
       0
       1
       0
       1
       0
       0
       1
       0
       3
       2
       0
       2
       2
       0
       2
       1
       1
       2
       0
       0
       1
       0
       1
       0
       2
       1
       3
       0
       0
       2
       0
       1
       0
       2
       1
       1
       2
       1
       1
       3
       1
       2
       0
       1
       1
       2
       0
       4
       1
       2
       1
       0
       0
       0
       2
       1
       1
       0
       1
       1
       1
       1
       2
       0
       1
       0
       2
       0
       0
       0
       2
       0
       3
       0
       2
       1
       1
       1
       0
       1
       0
       3
       2
       3
       0
       0
       2
       2
       3
       0
       3
       1
       2
       4
       1
       1
       0
       0
       0
       1
       0
       1
       0
       0
       1
       0
       0
       1
       1
       1
       1
       2
       1
       0
       1
       0
       3
       2
       1
       2
       1
       1
       1
       1
       5
       0
       1
       2
       2
       2
       1
       2
       4
       3
       1
       2
       2
       0
       1
       0
       1
       2
       1
       1
       3
       1
       3
       0
       0
       0
       1
       0
       0
       2
       3
       2
       1
       6
       2
       2
       2
       1
       1
       1
       1
       1
       1
       0
       3
       2
       1
       4
       3
       1
       2
       0
       0
       0
       0
       1
       2
       1
       0
       1
       3
       1
       2
       0
       1
       0
       0
       2
       0
       2
       2
       2
       0
       1
       3
       1
       0
       2
       1
       0
       3
       1
       3
       1
       2
       1
       3
       1
       1
       1
       3
       0
       0
       2
       0
       1
       1
       2
       1
       0
       2
       3
       1
       2
       1
       2
       4
       1
       1
       3
       1
       2
       3
       1
       3
       3
       3
       2
       1
       2
       2
       3
       3
       0
       3
       1
       4
       1
       2
       2
       4
       4
       1
       1
       2
       4
       3
       4
       1
       2
       1
       2
       1
       3
       4
       4
       1
       1
       1
       1
       0
       3
       7
       4
       1
       3
       1
       4
       2
       2
       2
       5
       0
       1
       2
       4
       3
       1
       1
       1
       3
       4
       2
       2
       3
       5
       2
       1
       2
       3
       1
       2
       2
       2
       2
       2
       2
       3
       1
       2
       3
       4
       3
       2
       4
       1
       3
       2
       1
       2
       2
       4
       1
       5
       6
       1
       4
       3
       3
       4
       1
       4
       3
       1
       3
       2
       1
       3
       5
       1
       2
       4
       2
       1
       5
       5
       5
       4
       1
       2
       2
       2
       2
       6
       3
       2
       6
       5
       1
       3
       3
       5
       5
       4
       4
       4
       3
       0
       4
       3
       5
       5
       1
       3
       4
       3
       1
       2
       1
       2
       2
       4
       4
       7
       2
       4
       4
       6
       4
       2
       4
       2
       5
       5
       2
       5
       2
       4
       1
       3
       8
       2
       3
       6
       4
       3
       9
       1
       5
       4
       4
       5
       5
       5
       7
       7
       3
       3
       5
       4
       1
       4
       3
       3
       4
       4
       2
       3
       3
       2
       2
       2
       7
       3
       3
       1
       1
       2
       4
       3
       1
       2
       3
       5
       4
       2
       3
       7
       1
       1
       4
       4
       3
       6
       7
       7
       4
       4
       4
       2
       1
       7
       3
       6
       3
       1
       2
       3
       5
       6
       5
       4
       4
       6
       3
       2
       4
       1
       4
       5
       3
       4
       7
       1
       0
       2
       7
       6
       7
       9
       3
      10
       5
       3
       5
       5
      10
       8
       7
       7
       6
       2
       4
       7
       7
      12
       7
       7
       5
       8
       8
       9
      13
       8
       7
      10
       9
       3
       7
      13
       9
       7
       9
       3
       9
      10
       8
      11
       8
       6
       6
      10
      10
       9
       9
      13
      16
      14
      14
      13
      13
      17
      10
      18
      13
      18
       8
      17
      20
      18
      17
      14
      17
      15
      23
      25
      19
      21
      18
      21
      17
      23
      31
      32
      31
      30
      23
      36
      28
      35
      30
      26
      30
      24
      40
      30
      32
      39
      41
      27
      44
      41
      44
      38
      48
      55
      43
      47
      40
      44
      52
      52
      51
      50
      60
      69
      50
      66
      69
      79
      70
      83
      79
      77
      84
      83
      62
      83
      57
      86
     100
      77
      89
      90
      88
      82
      89
      89
     106
     106
     108
      94
     118
     103
     101
     105
      97
     109
     122
     111
     133
     146
     112
     132
     137
     123
     137
     152
     141
     171
     149
     163
     171
     183
     185
     151
     174
     187
     169
     184
     190
     165
     155
     191
     196
     218
     198
     224
     214
     165
     213
     175
     219
     221
     207
     208
     212
     259
     212
     210
     203
     205
     230
     234
     248
     205
     252
     232
     234
     196
     230
     223
     244
     255
     255
     214
     250
     230
     257
     245
     255
     211
     260
     248
     243
     252
     255
     231
     245
     255
     252
     240
     253
     221
     247
     231
     244
     258
     244
     245
     212
     249
     244
     224
     261
     258
     240
     233
     198
     213
     238
     224
     197
     195
     207
     215
     207
     198
     198
     193
     193
     201
     184
     203
     187
     191
     198
     196
     180
     169
     166
     158
     184
     142
     171
     166
     148
     163
     150
     141
     144
     120
     150
     151
     133
     132
     132
     136
     131
     156
     119
     118
     130
     118
     124
     119
     100
     126
      96
      97
     109
      77
      96
     106
      78
      85
      74
      82
      78
      75
      71
      71
      82
      68
      61
      66
      67
      60
      75
      64
      52
      57
      61
      65
      46
      43
      48
      43
      47
      37
      38
      44
      33
      41
      41
      34
      30
      30
      31
      24
      33
      31
      28
      23
      15
      23
      17
      25
      17
      24
      26
      13
      22
      14
      18
      20
      13
      14
      13
      15
      15
      14
      10
      14
      16
       9
       7
      13
      12
       7
       9
       3
       8
       6
       5
      11
       7
       7
       4
       1
       4
       3
      10
       1
       8
       1
       5
       5
       3
       3
       3
       2
       3
       3
       2
       2
       1
       2
       3
       4
       5
       2
       0
       1
       1
       0
       3
       2
       0
       1
       3
       2
       1
       1
       2
       1
       2
       2
       0
       1
       1
       0
       2
       2
       0
       2
       1
       0
       0
       0
       1
       2
       2
       1
       0
       0
       3
       2
       1
       0
       0
       0
       2
       0
       0
       0
       0
       2
       1
       0
       1
       0
       0
       1
       0
       1
       2
       0
       0
       0
       0
       1
       0
       0
       1
       0
       0
       0
       0
       0
       0
       0
       0
       0
       1
       0
       0
       1
       0
       0
       0
       0
       1
       0
       0
       1
       0
       0
       0
       0
       0
       0
       0
       1
       0
       0
       0
       0
       0
       0
       0
       0
       0
       1
       0
       0
       0
       0
       1
       0
       0
       0
       0
       0
       0
       0
       0
       0
       0
       0
       0
       0
       0
       0
       0
       1
       0
       0
       0
       0
       0
       0
       0
       0
       0
       0
       0
       0
       0
       0
       0
       0
       0
       0
       0
       0
       0
       0
       0
       0
       0
       0
       0
       0
       0
       0
       0
       0
       0
       0
       0
       0
       0
       0
       0
       0
       0
       0
       0
       0
       0
       0
       0
       0
       0
       0
       0
       0
       0
       0
       0
       0
       0
       0
       0
       0
       0
       0
       0
       0
       0
       1
       0
       0
       0
       0
       0
       0
       1
       0
       0
       0
       1
       0
       0
       0
       0
       0
       0
       0
       0
       0
       0
       0
       0
       0
       0
       0
       0
       0
       0
       0
       0
       0
       0
       0
       0
       0
       0
       0
       0
       0
       0
       0
       0
       0
       0
       0
       0
       0
       0
       0
       0
       0
       0
       0
       0
       0
       0
       0
       0
       0
       0
       0
       0
       0
       0
       0
       0
       0
       0
       0
       0
       0
       0
       0
       0
       0
       0
       0
       0
       0
       0
       0
       0
       0
       0
       0
       0
       1
       0
       0
       0
       0
       0
       0
       0
       0
       0
       0
       0
       0
       0
       0
       0
       0
       0
       0
       0
       0
       0
       0
       0
       0
       0
       0
       0
       0
       0
       0
       0
       0
       0
       0
       0
       0
       0
       0
       0
       0
       0
       0
       0
       0
       0
       0
       0
       0
       0
       0
       0
       0
       0
       0
       0
       0
       0
       0
       0
       0
       0
       0
       0
       0
       0
       0
       0
       0
       0
       0
       0
       0
       0
       0
       0
       0
       0
       0
       0
       1
       0
       0
       0
       0
       0
       0
       0
       0
       0
       0
       0
       0
       0
       0
       0
       0
       0
       0
       0
       0
       0
       0
       0
       1
       0
       0
       0
       0
       0
       0
       0
       0
       0
       0
       0
       0
       0
       0
       0
       0
       0
       0
       0
       0
       0
       0
       0
       0
       0
       0
       0
       0
       0
       0
       0
       0
       0
       0
       0
       0
       0
       0
       0
       0
       0
       0
       0
       0
       0
       0
       0
       0
       0
       0
       0
       0
       0
       0
       0
       0
       0
       0
       0
       0
       0
       0
       0
       0
       0
       0
       0
       0
       0
       0
       0
       0
       0
       0
       0
       0
       0
       0
       0
       0
       0
       0
       0
       0
       0
       0
       0
       0
       0
       0
       0
       1
       0
       0
       0
       0
       0
       0
       0
       0
       0
       0
       0
       0
       0
       0
       0
       0
       0
       0
       0
       0
       0
       0
       0
       0
       0
       0
       0
       0
       0
       0
       0
       0
       0
       0
       0
       0
       0
       0
       0
       0
       0
       0
       0
       0
       1
       0
       0
       0
       0
       0
       0
       0
       0
       0
       0
       0
       0
       0
       0
       0
       0
       0
       0
       0
       0
       0
       0
       0
       0
       0
       0
       0
       0
       0
       0
       0
       0
       0
       0
       0
       0
       0
       0
       0
       0
       0
       0
       0
       0
       0
       0
       0
       0
       0
       0
       0
       0
       0
       0
       1
       0
       0
       1
       0
       0
       0
       0
       0
       0
       0
       0
       0
       0
       0
       0
       0
       0
       0
       0
       0
       0
       0
       0
       0
       0
       0
       0
       0
       0
       0
       0
       0
       0
       0
       0
       0
       0
       0
       0
       0
       0
       0
       0
       0
       0
       0
       0
       0
       0
       0
       0
       0
       0
       0
       0
       0
       0
       0
       1
       0
       0
       0
       0
       0
       0
       0
       0
       0
       0
       0
       0
       0
       0
       1
       0
       0
       0
       0
       0
       0
       0
       0
       0
       0
       0
       0
       0
       0
       0
       0
       0
       0
       0
       0
       0
       0
       0
       0
       0
       0
       0
       0
       0
       0
       0
       0
       1
       0
       0
       0
       0
       0
       0
       0
       0
       0
       0
       0
       0
       0
       0
       0
       0
       0
       0
       0
       1
       0
       0
       0
       0
       0
       0
       0
       0
       0
       0
       0
       0
       0
       0
       0
       0
       0
       0
       0
       0
       0
       0
       0
       0
       0
       0
       0
       0
       0
       0
       0
       0
       0
       0
       0
       0
       0
       0
       0
       0
       0
       0
       0
       0
       0
       0
       0
       0
       0
       0
       0
       0
       0
       0
       0
       0
       0
       0
       0
       0
       0
       0
       0
       0
       0
       0
       0
       0
       0
       1
       0
       0
       0
       1
       0
       0
       0
       0
       0
       0
       0
       0
       0
       0
       0
       0
       0
       0
       0
       0
       0
       0
       0
       0
       0
       0
       0
       0
       0
       0
       0
       0
       0
       0
       0
       0
       0
       0
       0
       0
       0
       0
       0
       0
       0
       0
       0
$ROI:
0
$PRESETS:
Live Time
120
0
$ENER_FIT:
0.000000 0.002526
$MCA_CAL:
3
0.000000E+000 2.525835E-003 0.000000E+000 keV
$SHAPE_CAL:
3
0.000000E+000 0.000000E+000 0.000000E+000
