$SPEC_ID:
No sample description was entered.
$SPEC_REM:
DET# 1
DETDESC# 
AP# Maestro Version 6.08
$DATE_MEA:
09/19/2017 11:27:13
$MEAS_TIM:
120 120
$DATA:
0 2047
       0
       0
       0
       0
       0
       0
       0
       0
       0
       0
       0
       0
       0
       0
       0
       0
       0
       0
       0
       0
       0
       0
       0
       0
       0
       0
       0
       0
       0
       0
       0
       0
       0
       0
       0
       0
       0
       0
       0
       0
       0
       0
       0
       0
       0
       0
       0
       0
       0
       0
       0
       0
       0
       0
       0
       0
       0
       0
       0
       0
       0
       0
       0
       0
       0
       0
       0
       0
       0
       0
       0
       0
       0
       0
       0
       0
       0
       0
       0
       0
       0
       0
       0
       0
       0
       0
       0
       0
       0
       0
       0
       0
       0
       0
       0
       0
       0
       0
       0
       0
       0
       0
       0
       0
       0
       0
       0
       0
       0
       0
       0
       0
       0
       0
       0
       0
       0
       0
       0
       0
       0
       0
       0
       0
       0
       0
       0
       0
       0
       0
       0
       0
       0
       0
       0
       0
       0
       0
       0
       0
       0
       0
       0
       0
       0
       0
       0
       0
       0
       0
       0
       0
       0
       0
       0
       0
       0
       0
       0
       0
       0
       0
       0
       0
       0
       0
       0
       0
       0
       0
       0
       0
       0
       0
       0
       0
       0
       0
       0
       0
       0
       0
       0
       0
       0
       0
       0
       0
       0
       0
       0
       0
       0
       0
       0
       0
       0
       2
       1
       1
       2
       2
       1
       1
       0
       0
       1
       1
       4
       2
       1
       2
       4
       1
       2
       0
       0
       4
       0
       2
       0
       1
       1
       3
       2
       1
       4
       2
       0
       6
       1
       1
       1
       2
       1
       2
       2
       2
       3
       1
       1
       1
       1
       1
       2
       2
       0
       1
       1
       2
       2
       1
       6
       1
       0
       6
       1
       2
       1
       1
       0
       3
       2
       2
       1
       1
       2
       0
       1
       1
       0
       1
       2
       0
       2
       0
       2
       0
       4
       0
       0
       1
       3
       1
       0
       3
       1
       1
       0
       2
       2
       1
       0
       3
       1
       1
       1
       5
       3
       0
       2
       0
       3
       0
       0
       2
       1
       2
       0
       0
       0
       0
       1
       0
       5
       3
       0
       1
       2
       0
       2
       1
       1
       0
       1
       1
       2
       2
       1
       1
       1
       1
       2
       0
       2
       0
       1
       1
       0
       1
       3
       2
       2
       2
       1
       3
       2
       1
       3
       3
       3
       1
       0
       0
       1
       0
       0
       0
       2
       1
       3
       0
       1
       3
       2
       2
       1
       1
       1
       2
       2
       5
       1
       1
       3
       0
       1
       1
       3
       2
       1
       0
       2
       0
       1
       1
       3
       0
       0
       0
       1
       3
       2
       2
       0
       0
       0
       1
       2
       2
       0
       1
       3
       3
       1
       2
       1
       1
       0
       1
       3
       1
       2
       1
       2
       2
       3
       5
       1
       4
       0
       0
       2
       6
       0
       0
       2
       0
       1
       1
       1
       1
       3
       0
       1
       2
       0
       2
       4
       2
       1
       4
       0
       0
       1
       3
       1
       2
       2
       0
       1
       1
       1
       2
       0
       0
       0
       3
       1
       2
       3
       1
       2
       2
       1
       2
       0
       1
       0
       0
       0
       0
       1
       1
       1
       1
       3
       0
       2
       0
       2
       0
       1
       1
       1
       4
       1
       2
       1
       2
       1
       0
       6
       0
       1
       1
       0
       2
       0
       1
       1
       0
       2
       3
       1
       2
       1
       4
       3
       5
       3
       0
       0
       1
       2
       1
       0
       2
       2
       0
       0
       1
       0
       1
       0
       3
       4
       3
       1
       4
       4
       1
       0
       2
       3
       0
       2
       2
       2
       0
       1
       2
       0
       1
       1
       3
       1
       0
       1
       4
       3
       2
       0
       2
       3
       3
       1
       1
       3
       1
       0
       0
       1
       1
       2
       4
       0
       3
       3
       1
       1
       1
       2
       3
       0
       2
       3
       3
       0
       1
       0
       2
       3
       0
       3
       0
       1
       2
       3
       3
       1
       0
       2
       2
       3
       1
       4
       1
       1
       1
       1
       2
       2
       3
       1
       1
       0
       3
       1
       2
       3
       1
       2
       0
       3
       1
       2
       4
       2
       1
       1
       1
       3
       3
       1
       1
       2
       2
       1
       3
       2
       2
       0
       1
       0
       0
       4
       3
       3
       2
       1
       2
       0
       1
       1
       1
       2
       1
       3
       1
       1
       2
       3
       5
       3
       1
       4
       1
       3
       2
       1
       2
       3
       1
       2
       3
       3
       3
       1
       1
       4
       4
       3
       2
       5
       2
       1
       5
       3
       1
       3
       2
       2
       2
       2
       1
       2
       0
       2
       4
       2
       3
       5
       2
       2
       3
       3
       1
       3
       2
       4
       4
       1
       1
       4
       4
       4
       1
       3
       2
       3
       2
       1
       5
       4
       3
       1
       2
       2
       5
       5
       3
       3
       2
       2
       1
       4
       6
       2
       2
       4
       7
       5
       5
       3
       2
       3
       3
       2
       2
       4
       4
       3
       4
       2
       4
       3
       6
       6
       2
       2
       6
       3
       2
       3
       3
       2
       4
       2
       2
       3
       3
       4
       2
       3
       3
       5
       4
       0
       2
       2
       2
       5
       3
       1
       3
       3
       3
       2
       3
       2
       5
       3
       3
       4
       3
       4
       2
       4
       4
       0
       5
       3
       3
       4
       7
       2
       3
       3
       4
       3
       1
       1
       4
       3
       3
       5
       3
       4
       5
       4
       5
       2
       1
       5
       5
       2
       3
       1
       3
       1
       3
       2
       2
       1
       4
       2
       5
       3
       3
       5
       5
       5
       3
       2
       1
       7
       4
       7
       5
       9
       6
       7
       3
       8
       5
       7
       3
       6
       4
       5
       5
       6
       8
       4
       7
       2
       9
       6
       4
       4
       4
       3
       7
      10
       8
       6
       8
       4
      10
      10
      10
       9
       6
      11
      11
      16
       5
      11
       8
       6
      13
      11
       5
      13
       6
       7
       9
       4
      11
      11
      13
      14
      10
      12
      13
      15
      16
      10
      23
      10
      18
      26
      21
      13
      22
      14
      14
      11
      24
      15
      19
      12
      29
      20
      21
      16
      20
      25
      22
      13
      20
      25
      30
      29
      30
      29
      34
      34
      31
      28
      34
      27
      38
      35
      33
      36
      38
      47
      37
      38
      39
      47
      45
      46
      41
      46
      48
      50
      49
      50
      61
      56
      57
      50
      60
      60
      56
      69
      75
      61
      62
      69
      68
      76
      89
      80
      77
      78
      77
      71
      79
      80
     110
      95
     103
     116
      97
     113
      99
     120
     117
     119
     144
     110
     128
     131
     144
     129
     125
     134
     130
     133
     142
     135
     144
     163
     151
     153
     156
     163
     162
     164
     161
     157
     173
     159
     178
     183
     167
     173
     163
     193
     205
     197
     200
     209
     193
     200
     174
     247
     227
     204
     230
     199
     211
     223
     219
     221
     232
     237
     212
     228
     255
     212
     234
     236
     251
     238
     249
     235
     232
     244
     226
     244
     239
     243
     244
     211
     237
     244
     257
     254
     258
     256
     242
     239
     241
     260
     231
     245
     245
     239
     223
     255
     255
     229
     221
     242
     257
     226
     237
     232
     229
     234
     232
     241
     214
     230
     220
     255
     222
     187
     214
     225
     228
     207
     229
     202
     214
     206
     202
     205
     186
     208
     195
     179
     166
     200
     174
     168
     186
     159
     150
     162
     172
     165
     135
     162
     153
     141
     139
     125
     129
     129
     117
     133
     144
     119
     114
     114
      91
     110
     112
     117
      87
      98
     103
      82
     107
     105
      96
      84
      76
      72
      77
      85
      79
      77
      80
      78
      71
      76
      83
      61
      67
      76
      56
      63
      59
      70
      39
      55
      53
      43
      44
      42
      46
      36
      44
      33
      34
      36
      36
      29
      29
      23
      25
      34
      31
      30
      22
      23
      17
      27
      27
      22
      16
      18
      14
      17
      15
      17
      12
      12
      14
      13
      11
      13
      15
      10
      14
      12
      14
      18
       7
      10
      14
       9
       7
       7
       7
       6
       8
       3
      10
       3
       5
       6
       4
       7
       6
       1
       0
       3
       6
       6
       2
       1
       2
       1
       5
       3
       3
       5
       1
       2
       2
       1
       2
       3
       1
       4
       0
       1
       2
       1
       0
       1
       1
       1
       0
       1
       3
       1
       0
       1
       1
       0
       0
       0
       0
       1
       1
       0
       0
       0
       0
       2
       2
       0
       0
       2
       0
       0
       0
       0
       0
       1
       0
       2
       0
       0
       0
       1
       0
       1
       1
       0
       1
       0
       0
       0
       0
       1
       0
       0
       0
       1
       0
       0
       0
       2
       0
       0
       0
       0
       0
       0
       0
       0
       0
       0
       1
       0
       0
       0
       0
       0
       0
       0
       0
       0
       0
       0
       0
       0
       0
       0
       1
       1
       0
       0
       0
       0
       0
       0
       1
       0
       0
       0
       0
       0
       0
       0
       0
       0
       1
       0
       0
       0
       0
       1
       0
       1
       0
       0
       0
       0
       1
       0
       0
       0
       0
       0
       0
       0
       0
       0
       0
       0
       0
       0
       0
       0
       0
       0
       0
       0
       0
       0
       0
       0
       0
       0
       1
       0
       0
       0
       0
       0
       0
       0
       0
       0
       0
       0
       0
       0
       0
       0
       0
       0
       0
       0
       0
       0
       1
       0
       0
       0
       1
       0
       0
       0
       1
       0
       0
       0
       0
       0
       0
       0
       0
       0
       0
       0
       0
       0
       0
       0
       1
       0
       0
       0
       0
       0
       0
       0
       0
       0
       0
       0
       0
       0
       0
       0
       0
       0
       0
       0
       0
       0
       0
       0
       0
       0
       0
       0
       0
       1
       0
       0
       0
       0
       0
       0
       0
       0
       0
       0
       0
       0
       0
       0
       0
       0
       0
       0
       0
       0
       1
       0
       0
       0
       0
       0
       0
       1
       0
       0
       0
       1
       0
       0
       0
       0
       0
       0
       0
       0
       0
       0
       0
       0
       0
       0
       0
       0
       0
       0
       0
       0
       0
       0
       0
       0
       0
       0
       0
       0
       0
       0
       0
       0
       0
       0
       0
       0
       0
       0
       0
       0
       0
       0
       0
       0
       0
       0
       0
       0
       0
       0
       0
       0
       0
       0
       0
       0
       0
       0
       0
       0
       0
       0
       0
       0
       0
       0
       0
       0
       0
       0
       0
       0
       0
       0
       0
       0
       0
       0
       0
       0
       0
       0
       0
       0
       0
       0
       0
       0
       0
       0
       0
       0
       0
       0
       0
       0
       0
       0
       0
       0
       0
       0
       0
       0
       0
       0
       0
       0
       0
       0
       0
       0
       0
       0
       0
       0
       0
       0
       0
       0
       0
       0
       0
       0
       0
       0
       1
       0
       0
       0
       0
       0
       0
       0
       0
       0
       1
       0
       0
       0
       0
       0
       0
       0
       0
       0
       0
       0
       0
       0
       0
       0
       0
       0
       0
       0
       0
       0
       0
       0
       0
       0
       0
       0
       0
       0
       0
       0
       0
       0
       0
       0
       0
       0
       0
       0
       0
       0
       0
       0
       0
       0
       0
       0
       0
       0
       0
       0
       0
       0
       0
       0
       0
       0
       0
       0
       0
       0
       0
       0
       0
       0
       0
       0
       0
       0
       0
       0
       0
       0
       0
       0
       0
       0
       0
       0
       0
       0
       0
       0
       0
       0
       0
       0
       0
       0
       0
       0
       0
       0
       0
       0
       0
       0
       0
       0
       0
       0
       0
       0
       0
       0
       0
       0
       0
       0
       0
       0
       0
       0
       0
       0
       0
       0
       0
       0
       0
       0
       0
       0
       0
       0
       0
       0
       0
       0
       0
       1
       0
       0
       0
       0
       0
       0
       0
       0
       0
       0
       0
       0
       0
       0
       0
       0
       0
       0
       0
       0
       0
       0
       0
       0
       0
       0
       0
       0
       0
       0
       0
       0
       0
       0
       0
       0
       0
       0
       0
       0
       0
       0
       0
       0
       0
       0
       0
       0
       0
       0
       0
       0
       0
       0
       0
       0
       0
       0
       0
       0
       0
       0
       0
       0
       0
       0
       0
       0
       0
       0
       0
       0
       0
       0
       0
       0
       0
       0
       0
       0
       0
       0
       0
       0
       0
       0
       0
       0
       0
       0
       0
       0
       0
       0
       0
       0
       0
       0
       0
       0
       0
       0
       0
       0
       0
       0
       0
       0
       1
       0
       0
       0
       0
       0
       0
       0
       0
       0
       1
       0
       0
       0
       0
       0
       0
       0
       0
       0
       0
       0
       0
       0
       0
       0
       0
       0
       0
       0
       0
       0
       0
       0
       0
       0
       0
       0
       0
       0
       0
       0
       0
       0
       0
       0
       0
       0
       0
       0
       0
       0
       0
       0
       0
       0
       0
       0
       0
       0
       0
       0
       0
       0
       0
       0
       0
       0
       0
       0
       0
       0
       0
       0
       0
       0
       0
       0
       0
       1
       0
       1
       1
       0
       0
       0
       0
       0
       0
       0
       1
       0
       0
       0
       0
       0
       0
       0
       0
       0
       0
       0
       0
       0
       0
       0
       0
       0
       0
       0
       0
       0
       0
       0
       0
       0
       0
       0
       0
       0
       0
       0
       1
       0
       0
       0
       0
       0
       0
       0
       0
       0
       0
       0
       0
       0
       0
       0
       0
       0
       0
       0
       0
       1
       0
       0
       0
       0
       0
       0
       0
       0
       0
       0
       0
       0
       0
       0
       0
       0
       0
       0
       0
       0
       0
       0
       0
       0
       0
       0
       0
       0
       0
       0
       0
       0
       0
       0
       0
       0
       0
       0
       0
       0
       0
       0
       0
       0
       0
$ROI:
0
$PRESETS:
Live Time
120
0
$ENER_FIT:
0.000000 0.002526
$MCA_CAL:
3
0.000000E+000 2.525835E-003 0.000000E+000 keV
$SHAPE_CAL:
3
0.000000E+000 0.000000E+000 0.000000E+000
