$SPEC_ID:
No sample description was entered.
$SPEC_REM:
DET# 1
DETDESC# 
AP# Maestro Version 6.08
$DATE_MEA:
09/19/2017 11:35:15
$MEAS_TIM:
120 120
$DATA:
0 2047
       0
       0
       0
       0
       0
       0
       0
       0
       0
       0
       0
       0
       0
       0
       0
       0
       0
       0
       0
       0
       0
       0
       0
       0
       0
       0
       0
       0
       0
       0
       0
       0
       0
       0
       0
       0
       0
       0
       0
       0
       0
       0
       0
       0
       0
       0
       0
       0
       0
       0
       0
       0
       0
       0
       0
       0
       0
       0
       0
       0
       0
       0
       0
       0
       0
       0
       0
       0
       0
       0
       0
       0
       0
       0
       0
       0
       0
       0
       0
       0
       0
       0
       0
       0
       0
       0
       0
       0
       0
       0
       0
       0
       0
       0
       0
       0
       0
       0
       0
       0
       0
       0
       0
       0
       0
       0
       0
       0
       0
       0
       0
       0
       0
       0
       0
       0
       0
       0
       0
       0
       0
       0
       0
       0
       0
       0
       0
       0
       0
       0
       0
       0
       0
       0
       0
       0
       0
       0
       0
       0
       0
       0
       0
       0
       0
       0
       0
       0
       0
       0
       0
       0
       0
       0
       0
       0
       0
       0
       0
       0
       0
       0
       0
       0
       0
       0
       0
       0
       0
       0
       0
       0
       0
       0
       0
       0
       0
       0
       0
       0
       0
       0
       0
       0
       0
       0
       0
       0
       0
       0
       0
       0
       0
       0
       0
       0
       0
       0
       0
       2
       1
       2
       1
       2
       2
       1
       0
       3
       1
       3
       0
       1
       3
       1
       4
       5
       2
       0
       2
       1
       3
       4
       1
       1
       2
       1
       0
       0
       0
       1
       1
       2
       1
       1
       0
       1
       0
       2
       3
       0
       1
       4
       2
       4
       4
       1
       1
       0
       1
       2
       1
       0
       1
       0
       1
       3
       0
       1
       0
       2
       1
       1
       0
       0
       1
       3
       3
       0
       5
       0
       1
       0
       0
       1
       2
       1
       1
       1
       4
       3
       0
       2
       0
       4
       1
       2
       0
       2
       1
       2
       1
       1
       3
       1
       1
       1
       1
       4
       2
       2
       1
       1
       1
       1
       2
       3
       1
       1
       0
       2
       2
       0
       0
       1
       2
       4
       4
       1
       1
       2
       3
       2
       3
       1
       2
       0
       1
       0
       0
       2
       2
       2
       1
       3
       1
       0
       1
       1
       1
       0
       1
       0
       2
       1
       0
       3
       4
       3
       1
       3
       2
       0
       1
       1
       1
       0
       4
       0
       1
       2
       1
       0
       0
       2
       2
       0
       1
       2
       1
       2
       3
       2
       1
       0
       0
       0
       2
       1
       1
       1
       3
       1
       0
       2
       0
       3
       3
       3
       0
       0
       4
       0
       2
       2
       1
       1
       2
       0
       0
       0
       1
       2
       1
       3
       2
       2
       1
       0
       1
       1
       0
       4
       2
       4
       2
       1
       0
       4
       1
       0
       2
       0
       1
       0
       1
       0
       3
       0
       2
       1
       1
       1
       0
       1
       1
       1
       3
       0
       3
       3
       1
       0
       0
       1
       1
       4
       0
       2
       4
       2
       2
       1
       0
       0
       0
       2
       1
       6
       1
       3
       2
       0
       2
       3
       1
       1
       0
       4
       1
       0
       1
       0
       4
       4
       2
       1
       2
       2
       0
       0
       5
       0
       1
       0
       5
       1
       1
       1
       3
       1
       2
       2
       0
       1
       1
       1
       1
       0
       2
       1
       1
       0
       3
       3
       0
       0
       0
       1
       2
       0
       0
       4
       0
       1
       1
       2
       0
       3
       0
       0
       1
       5
       0
       4
       3
       2
       0
       2
       2
       2
       2
       3
       1
       1
       2
       2
       0
       0
       5
       5
       0
       0
       2
       2
       2
       2
       2
       2
       2
       0
       2
       1
       1
       4
       0
       0
       2
       3
       0
       0
       2
       1
       4
       4
       1
       2
       2
       2
       1
       3
       2
       2
       1
       3
       0
       0
       1
       2
       2
       0
       2
       3
       2
       2
       1
       0
       2
       1
       3
       0
       1
       2
       0
       0
       1
       1
       1
       2
       1
       3
       1
       2
       3
       1
       4
       3
       3
       1
       0
       4
       1
       2
       3
       0
       3
       0
       1
       4
       1
       2
       1
       2
       1
       2
       1
       0
       2
       2
       3
       2
       1
       2
       1
       2
       4
       2
       1
       4
       4
       1
       5
       2
       2
       1
       1
       1
       1
       0
       2
       3
       1
       3
       1
       2
       2
       4
       0
       2
       3
       3
       3
       3
       4
       1
       5
       3
       3
       6
       3
       1
       1
       1
       4
       3
       4
       2
       3
       3
       2
       1
       3
       3
       2
       7
       8
       2
       4
       0
       2
       0
       1
       4
       2
       3
       1
       4
       2
       6
       3
       4
       2
       4
       2
       0
       2
       1
       4
       3
       3
      10
       3
       1
       2
       3
       3
       1
       2
       6
       1
       4
       1
       0
       2
       2
       4
       2
       4
       6
       3
       5
       1
       2
       4
       1
       4
       3
       4
       2
       3
       4
       2
       4
       4
       2
       4
       3
       4
       1
       1
       3
       0
       2
       1
       6
       3
       6
       3
       6
       4
       3
       2
       3
       2
       5
       3
       5
       1
       5
       5
       2
       2
       2
       3
       3
       2
       2
       6
       4
       1
       0
       4
       5
       3
       4
       4
       2
       2
       2
       1
       2
       4
      11
       5
       2
       5
       5
       3
       2
       2
       4
      10
       5
       4
       2
       7
       4
       3
       3
       2
       6
       0
       3
       2
       2
       8
       8
       4
       7
       8
       1
       3
       4
       4
       6
       3
       3
       7
       5
       1
       4
       7
       6
       8
      11
       5
       5
       5
       2
       1
      10
       2
       4
       4
       5
       3
      11
       3
       2
       5
       6
       4
       8
       5
       5
       6
       6
       1
       7
       4
       3
       5
       8
      12
      10
       8
       8
      11
       4
       8
      13
       8
       7
      14
       5
       3
      12
      12
      12
       8
       5
       7
       8
       5
       8
      10
       9
      11
      15
       5
      11
      12
      12
      12
       7
      13
       9
      12
       9
      16
      14
      17
      18
      10
      12
      16
      13
      10
      11
      23
      13
      14
      23
      20
      19
      25
      21
      20
      24
      22
      29
      30
      30
      22
      28
      27
      34
      26
      39
      26
      25
      32
      22
      37
      40
      34
      37
      40
      39
      34
      47
      42
      31
      49
      45
      43
      56
      63
      56
      58
      41
      52
      57
      68
      58
      57
      69
      64
      62
      61
      68
      77
      73
      80
      79
      94
      76
      72
      96
      74
      85
      81
      97
      92
     100
      82
     102
     107
      96
      91
     110
     103
      97
     104
      98
     123
     125
     122
     116
     144
     147
     136
     149
     152
     134
     146
     153
     131
     127
     154
     144
     163
     176
     169
     180
     160
     187
     164
     188
     156
     181
     183
     183
     183
     199
     193
     174
     182
     219
     218
     213
     220
     213
     209
     213
     210
     221
     191
     232
     231
     194
     225
     226
     226
     239
     221
     227
     243
     238
     233
     242
     235
     229
     236
     233
     265
     236
     244
     250
     234
     249
     263
     219
     238
     246
     237
     266
     229
     214
     263
     231
     212
     214
     240
     248
     228
     238
     229
     242
     193
     221
     223
     228
     239
     238
     215
     199
     214
     239
     237
     214
     204
     208
     212
     213
     227
     206
     198
     184
     209
     188
     191
     187
     173
     158
     199
     205
     178
     173
     195
     183
     193
     161
     157
     169
     140
     163
     153
     171
     140
     161
     140
     145
     131
     130
     143
     125
     120
     139
     129
     129
     131
     105
     115
     114
      94
      91
      93
     111
     109
      96
      98
      77
      85
      93
      99
      82
      82
     100
      81
      60
      69
      73
      71
      70
      76
      56
      68
      61
      48
      63
      45
      55
      45
      54
      53
      50
      32
      47
      39
      37
      38
      35
      37
      50
      41
      34
      26
      30
      30
      21
      36
      32
      21
      36
      19
      33
      22
      23
      29
      19
      23
      27
      17
      11
      27
      14
      26
      15
      14
      14
      12
       8
      12
       6
      10
      10
       9
      14
      17
      11
      12
       6
       8
       8
       7
       6
       4
       4
       5
       8
       3
       8
       9
       4
       4
       6
       3
       9
       9
       2
       5
       1
       3
       3
       2
       4
       6
       0
       1
       2
       4
       2
       2
       2
       1
       2
       2
       1
       1
       0
       3
       1
       3
       1
       2
       2
       1
       1
       4
       2
       3
       2
       0
       0
       2
       1
       2
       0
       1
       0
       0
       2
       0
       2
       1
       0
       0
       1
       0
       1
       0
       0
       1
       0
       1
       1
       1
       1
       0
       0
       1
       0
       0
       1
       0
       2
       0
       1
       1
       0
       0
       1
       0
       0
       0
       1
       1
       1
       0
       0
       0
       0
       0
       0
       0
       0
       0
       0
       1
       1
       0
       0
       0
       0
       0
       0
       0
       0
       0
       0
       0
       0
       0
       0
       0
       1
       0
       1
       0
       0
       0
       0
       0
       0
       0
       0
       0
       0
       0
       0
       1
       0
       0
       0
       0
       1
       0
       0
       0
       0
       1
       0
       0
       0
       0
       0
       0
       0
       0
       0
       0
       0
       0
       0
       0
       0
       0
       0
       0
       0
       0
       0
       0
       0
       0
       0
       0
       0
       0
       0
       0
       0
       0
       0
       0
       0
       0
       0
       0
       0
       0
       0
       0
       0
       0
       0
       0
       0
       0
       0
       0
       0
       0
       0
       0
       0
       0
       0
       0
       0
       0
       0
       0
       0
       0
       0
       1
       0
       0
       1
       0
       0
       0
       0
       0
       0
       0
       0
       0
       0
       0
       0
       0
       0
       0
       0
       0
       0
       0
       0
       0
       0
       0
       0
       0
       0
       0
       0
       0
       0
       0
       0
       0
       0
       0
       0
       0
       0
       0
       1
       0
       0
       0
       0
       0
       0
       0
       0
       0
       0
       0
       0
       0
       0
       0
       0
       0
       0
       0
       0
       0
       0
       0
       0
       0
       0
       0
       0
       0
       0
       0
       0
       0
       0
       0
       0
       0
       0
       0
       0
       0
       0
       0
       0
       0
       0
       0
       0
       0
       0
       0
       0
       0
       0
       0
       0
       0
       0
       0
       0
       0
       0
       0
       0
       0
       0
       0
       0
       0
       0
       0
       0
       0
       0
       0
       0
       0
       0
       0
       0
       0
       0
       0
       0
       0
       0
       0
       0
       0
       0
       0
       0
       0
       0
       0
       0
       0
       0
       0
       0
       0
       0
       0
       0
       0
       0
       0
       0
       1
       0
       0
       0
       0
       0
       0
       0
       0
       0
       0
       0
       0
       0
       0
       0
       0
       0
       0
       0
       0
       0
       0
       0
       0
       0
       0
       0
       0
       0
       0
       0
       0
       0
       1
       0
       0
       0
       0
       0
       0
       0
       0
       0
       0
       0
       0
       0
       0
       0
       0
       0
       0
       0
       0
       0
       0
       0
       0
       0
       0
       0
       0
       0
       0
       0
       0
       0
       0
       0
       0
       0
       0
       0
       0
       0
       0
       0
       0
       0
       0
       0
       0
       0
       0
       0
       0
       0
       0
       0
       0
       0
       0
       0
       0
       0
       0
       0
       0
       0
       0
       0
       0
       0
       0
       0
       1
       0
       0
       0
       0
       1
       0
       0
       0
       0
       0
       0
       0
       0
       0
       0
       0
       0
       0
       0
       0
       0
       0
       0
       0
       1
       0
       0
       0
       0
       0
       0
       0
       0
       0
       0
       0
       0
       0
       0
       0
       0
       1
       0
       0
       0
       0
       0
       0
       0
       0
       0
       0
       0
       0
       0
       0
       0
       0
       0
       0
       0
       0
       1
       0
       0
       0
       0
       0
       0
       0
       0
       0
       0
       0
       0
       0
       0
       0
       0
       0
       0
       0
       0
       0
       0
       0
       0
       0
       0
       0
       0
       0
       0
       0
       0
       0
       0
       0
       0
       0
       0
       0
       0
       0
       0
       1
       0
       0
       0
       0
       0
       0
       0
       0
       0
       0
       0
       0
       1
       0
       0
       0
       0
       0
       0
       0
       0
       1
       0
       0
       0
       0
       0
       0
       0
       0
       0
       0
       0
       0
       0
       0
       0
       0
       0
       0
       0
       0
       0
       0
       0
       0
       0
       0
       0
       0
       0
       0
       0
       0
       0
       0
       0
       0
       0
       0
       0
       0
       0
       0
       0
       0
       0
       0
       0
       1
       0
       0
       0
       0
       0
       0
       0
       0
       0
       0
       0
       0
       0
       0
       0
       0
       0
       0
       0
       0
       1
       0
       0
       0
       0
       0
       0
       0
       0
       0
       0
       0
       0
       0
       0
       0
       0
       0
       1
       0
       0
       0
       0
       0
       0
       0
       0
       0
       0
       0
       0
       0
       0
       0
       0
       0
       0
       0
       0
       0
       0
       0
       0
       0
       0
       0
       0
       0
       0
       0
       0
       0
       1
       0
       0
       0
       0
       0
       0
       0
       0
       0
       0
       0
       0
       1
       0
       0
       0
       0
       0
       0
       0
       0
       0
       0
       0
       0
       0
       0
       0
       0
       0
       0
       0
       0
       0
       0
       1
       0
       0
       0
       0
       0
       0
       0
       0
       0
       0
       0
       0
       0
       0
       0
       0
       0
       0
       0
       0
       0
       0
       0
       0
       0
       0
       0
       0
       0
       0
       0
       0
       0
       0
       1
       0
       0
       0
       0
       0
       0
       0
       0
       0
       0
       1
       0
       1
       0
       1
       0
       0
       0
       0
       0
       0
       0
       0
       0
       0
       0
       0
       0
       0
       0
       0
       0
       0
       0
       0
       0
       0
       0
       0
       0
       0
       0
       0
       0
       0
       0
       0
       0
       0
       0
       0
       0
       0
$ROI:
0
$PRESETS:
Live Time
120
0
$ENER_FIT:
0.000000 0.002526
$MCA_CAL:
3
0.000000E+000 2.525835E-003 0.000000E+000 keV
$SHAPE_CAL:
3
0.000000E+000 0.000000E+000 0.000000E+000
