$SPEC_ID:
No sample description was entered.
$SPEC_REM:
DET# 1
DETDESC# 
AP# Maestro Version 6.08
$DATE_MEA:
09/19/2017 11:33:14
$MEAS_TIM:
120 120
$DATA:
0 2047
       0
       0
       0
       0
       0
       0
       0
       0
       0
       0
       0
       0
       0
       0
       0
       0
       0
       0
       0
       0
       0
       0
       0
       0
       0
       0
       0
       0
       0
       0
       0
       0
       0
       0
       0
       0
       0
       0
       0
       0
       0
       0
       0
       0
       0
       0
       0
       0
       0
       0
       0
       0
       0
       0
       0
       0
       0
       0
       0
       0
       0
       0
       0
       0
       0
       0
       0
       0
       0
       0
       0
       0
       0
       0
       0
       0
       0
       0
       0
       0
       0
       0
       0
       0
       0
       0
       0
       0
       0
       0
       0
       0
       0
       0
       0
       0
       0
       0
       0
       0
       0
       0
       0
       0
       0
       0
       0
       0
       0
       0
       0
       0
       0
       0
       0
       0
       0
       0
       0
       0
       0
       0
       0
       0
       0
       0
       0
       0
       0
       0
       0
       0
       0
       0
       0
       0
       0
       0
       0
       0
       0
       0
       0
       0
       0
       0
       0
       0
       0
       0
       0
       0
       0
       0
       0
       0
       0
       0
       0
       0
       0
       0
       0
       0
       0
       0
       0
       0
       0
       0
       0
       0
       0
       0
       0
       0
       0
       0
       0
       0
       0
       0
       0
       0
       0
       0
       0
       0
       0
       0
       0
       0
       0
       0
       0
       0
       0
       0
       2
       2
       1
       1
       2
       1
       4
       3
       2
       3
       2
       4
       2
       1
       6
       1
       2
       4
       2
       2
       5
       0
       6
       3
       0
       1
       2
       3
       2
       2
       1
       2
       3
       1
       3
       2
       0
       4
       1
       1
       4
       3
       1
       3
       0
       0
       2
       4
       1
       1
       1
       2
       1
       2
       1
       4
       1
       0
       3
       0
       2
       1
       2
       2
       0
       0
       3
       1
       0
       2
       2
       0
       0
       2
       1
       1
       0
       0
       0
       2
       2
       0
       1
       1
       2
       1
       2
       1
       0
       2
       0
       0
       2
       1
       1
       5
       1
       2
       0
       3
       0
       1
       2
       2
       3
       3
       0
       0
       1
       1
       1
       0
       1
       2
       1
       1
       3
       0
       3
       3
       0
       4
       0
       3
       3
       2
       0
       1
       1
       0
       1
       2
       1
       4
       0
       0
       1
       2
       2
       0
       1
       1
       1
       3
       1
       1
       5
       1
       1
       2
       1
       1
       1
       0
       0
       1
       3
       1
       3
       1
       2
       1
       5
       2
       0
       2
       0
       0
       4
       0
       1
       0
       1
       0
       2
       1
       1
       3
       1
       0
       0
       2
       1
       2
       1
       0
       2
       2
       2
       3
       1
       0
       0
       0
       1
       4
       0
       2
       2
       0
       3
       0
       1
       2
       2
       1
       3
       0
       2
       6
       1
       2
       2
       1
       1
       0
       0
       0
       1
       1
       2
       1
       0
       0
       1
       1
       2
       1
       1
       2
       3
       1
       4
       3
       1
       0
       1
       2
       2
       1
       2
       0
       1
       1
       0
       2
       0
       2
       1
       3
       1
       3
       2
       0
       2
       2
       0
       0
       1
       0
       0
       3
       0
       2
       1
       1
       5
       1
       3
       0
       1
       1
       3
       0
       1
       0
       2
       1
       2
       0
       0
       0
       1
       0
       3
       0
       2
       1
       1
       0
       2
       2
       1
       1
       1
       1
       3
       0
       0
       2
       0
       1
       2
       0
       2
       1
       0
       4
       2
       1
       1
       2
       2
       2
       2
       2
       0
       3
       1
       2
       1
       1
       3
       2
       2
       1
       3
       0
       1
       2
       1
       0
       1
       1
       2
       4
       0
       1
       0
       2
       4
       0
       2
       2
       2
       2
       0
       1
       1
       1
       3
       3
       0
       3
       0
       0
       2
       1
       2
       1
       1
       4
       1
       2
       4
       0
       0
       5
       1
       2
       3
       1
       2
       1
       1
       1
       2
       1
       2
       0
       0
       2
       2
       2
       1
       2
       3
       3
       2
       2
       1
       2
       0
       1
       3
       1
       4
       2
       1
       2
       2
       2
       1
       3
       3
       1
       0
       1
       2
       1
       2
       1
       0
       0
       1
       0
       3
       1
       2
       1
       1
       0
       3
       1
       1
       1
       3
       2
       1
       2
       0
       2
       1
       2
       3
       5
       1
       5
       2
       1
       2
       0
       2
       1
       2
       2
       0
       3
       2
       1
       4
       4
       3
       8
       4
       3
       2
       2
       1
       6
       4
       2
       3
       2
       2
       3
       1
       3
       5
       1
       5
       3
       2
       2
       3
       2
       2
       1
       0
       4
       3
       0
       0
       3
       2
       0
       0
       2
       4
       3
       6
       1
       1
       2
       2
       3
       2
       0
       2
       5
       3
       2
       8
       5
       4
       5
       4
       4
       2
       5
       6
       4
       3
       3
       2
       2
       3
       2
       1
       3
       2
       3
       3
       5
       2
       1
       4
       4
       3
       4
       6
       7
       4
       0
       3
       3
       8
       4
       3
       3
       4
       2
       4
       1
       2
       4
       2
       3
       2
       5
       2
       1
       3
       6
       2
       5
       3
       4
       3
       3
       1
       2
       0
       2
       4
       4
       2
       6
       3
       4
       3
       1
       2
       3
       2
       6
       3
       5
       3
       3
       5
       5
       8
       1
       8
       4
       3
       1
       3
       2
       5
       5
       2
       5
       4
       1
       5
       2
       4
       4
       7
       5
       6
       2
       4
       3
       4
       1
       3
       3
       4
       3
       4
       3
       3
       7
       4
       2
       5
       7
       2
       6
       8
       3
       1
       4
       3
       4
       2
       3
       5
       4
       3
       2
       7
       5
       1
       2
       3
       2
       8
       2
       3
       4
       2
       5
       5
       5
       6
       6
       6
      11
       2
       6
       7
      12
       4
      11
       8
       4
       4
      10
       7
       4
       8
       1
       6
      10
       6
      10
       6
       5
       7
       6
       4
       8
       6
       9
       5
      11
      14
       5
       5
       4
       9
      14
       5
      11
       9
      11
      15
      11
       8
       6
      12
      14
       8
      16
      15
      14
      15
       9
      15
      21
      13
      12
      17
      17
      10
      18
      21
      21
      23
      19
      23
      14
      17
      22
      17
      20
      26
      20
      29
      38
      23
      23
      30
      20
      36
      33
      37
      25
      26
      36
      36
      35
      34
      39
      32
      40
      36
      39
      44
      46
      55
      48
      54
      49
      53
      44
      55
      42
      56
      55
      53
      62
      73
      78
      46
      60
      64
      60
      61
      73
      66
      79
      84
      81
      78
      97
      79
      90
      96
      81
     103
      99
      97
      86
     107
     101
     118
     104
     106
     112
     135
     119
     108
     129
     135
     107
     127
     113
     124
     140
     127
     148
     146
     149
     166
     151
     148
     134
     139
     181
     171
     174
     163
     158
     168
     157
     176
     184
     194
     177
     175
     190
     198
     184
     193
     207
     198
     209
     207
     219
     210
     220
     222
     196
     218
     219
     219
     227
     216
     207
     226
     220
     262
     228
     233
     256
     218
     255
     234
     237
     239
     250
     232
     247
     217
     245
     233
     270
     220
     246
     228
     237
     262
     267
     262
     264
     247
     233
     274
     257
     278
     265
     237
     215
     254
     224
     238
     219
     238
     223
     207
     223
     231
     241
     266
     233
     211
     221
     224
     230
     191
     185
     193
     170
     207
     194
     204
     203
     198
     196
     197
     224
     184
     226
     189
     220
     187
     166
     153
     167
     170
     166
     166
     156
     164
     151
     143
     144
     146
     163
     132
     133
     146
     115
     126
     135
     135
     108
     112
     112
     113
     139
     108
     118
      97
     101
      91
     100
      88
      90
      79
      73
      72
      79
      94
      75
      65
      83
      65
      64
      79
      65
      75
      73
      62
      65
      43
      59
      46
      48
      63
      50
      58
      55
      49
      34
      40
      37
      36
      44
      42
      31
      39
      41
      27
      23
      33
      26
      36
      35
      22
      26
      14
      23
      26
      26
      23
      14
      15
      18
      22
      18
      12
      13
      17
      15
      15
      12
      12
      13
       4
       7
      13
      13
       8
       6
      13
      10
       5
       5
       5
       8
       8
       8
       6
       4
       3
       4
       9
       0
       5
       8
       4
       5
       5
       2
       5
       4
       4
       4
       3
       1
       5
       1
       4
       1
       0
       2
       1
       3
       1
       4
       0
       0
       1
       3
       2
       3
       2
       0
       0
       1
       0
       1
       1
       0
       0
       2
       0
       1
       1
       1
       1
       1
       2
       3
       0
       1
       2
       1
       1
       1
       0
       0
       0
       0
       1
       1
       0
       0
       0
       0
       0
       0
       0
       2
       0
       1
       1
       0
       0
       0
       1
       1
       0
       1
       0
       0
       0
       1
       0
       0
       0
       0
       0
       1
       0
       1
       0
       0
       0
       0
       0
       0
       1
       0
       0
       0
       0
       0
       1
       2
       1
       0
       0
       0
       0
       1
       0
       0
       0
       0
       0
       2
       0
       0
       0
       0
       1
       0
       0
       0
       0
       0
       0
       0
       0
       0
       0
       0
       0
       0
       0
       0
       0
       0
       0
       0
       0
       0
       0
       0
       0
       0
       0
       0
       0
       0
       0
       0
       1
       0
       0
       0
       0
       0
       0
       0
       0
       0
       0
       0
       0
       0
       0
       0
       0
       0
       1
       0
       0
       1
       0
       0
       0
       0
       0
       0
       0
       0
       0
       0
       0
       0
       0
       0
       0
       0
       0
       0
       0
       0
       0
       0
       0
       0
       1
       0
       0
       0
       0
       0
       0
       0
       0
       1
       0
       0
       0
       0
       0
       0
       0
       0
       0
       0
       0
       0
       0
       0
       1
       0
       0
       0
       0
       0
       0
       1
       0
       0
       0
       0
       0
       0
       0
       0
       0
       0
       0
       0
       0
       0
       0
       0
       0
       0
       0
       0
       0
       0
       0
       0
       0
       0
       0
       0
       0
       0
       0
       0
       0
       0
       0
       0
       0
       0
       0
       0
       0
       0
       1
       0
       0
       0
       0
       0
       0
       0
       0
       0
       0
       0
       0
       0
       0
       0
       0
       0
       0
       0
       0
       0
       0
       0
       0
       0
       0
       0
       0
       0
       0
       0
       0
       0
       0
       0
       0
       0
       1
       0
       0
       0
       0
       0
       0
       0
       0
       0
       0
       0
       0
       0
       0
       0
       0
       0
       0
       0
       0
       0
       0
       0
       0
       0
       0
       0
       0
       1
       0
       0
       0
       0
       1
       0
       0
       0
       0
       0
       0
       0
       0
       0
       0
       0
       0
       0
       0
       0
       0
       0
       0
       0
       0
       0
       0
       0
       0
       0
       0
       0
       0
       0
       0
       0
       0
       0
       0
       0
       0
       0
       0
       0
       0
       0
       0
       0
       0
       1
       0
       0
       0
       0
       0
       0
       0
       0
       0
       0
       0
       0
       0
       0
       0
       0
       0
       0
       0
       0
       0
       0
       0
       0
       0
       0
       0
       0
       0
       0
       0
       0
       0
       0
       0
       0
       0
       0
       0
       0
       0
       0
       0
       0
       0
       0
       0
       0
       0
       0
       0
       0
       0
       0
       0
       0
       0
       0
       0
       0
       0
       0
       0
       0
       0
       0
       0
       0
       0
       0
       0
       0
       0
       0
       0
       0
       0
       0
       0
       0
       0
       0
       0
       0
       0
       0
       0
       0
       0
       0
       0
       0
       0
       0
       0
       0
       0
       0
       0
       0
       0
       0
       0
       0
       0
       0
       0
       0
       0
       0
       0
       0
       0
       0
       0
       0
       0
       0
       0
       0
       0
       0
       0
       0
       0
       0
       0
       0
       0
       0
       0
       0
       0
       0
       0
       0
       0
       0
       0
       0
       0
       0
       0
       0
       0
       0
       0
       0
       0
       0
       0
       0
       0
       0
       0
       0
       0
       0
       0
       0
       0
       0
       0
       0
       0
       0
       0
       0
       0
       0
       0
       0
       0
       0
       0
       0
       0
       0
       0
       0
       1
       0
       0
       0
       0
       0
       0
       0
       0
       0
       0
       0
       0
       0
       0
       0
       0
       0
       0
       0
       0
       0
       0
       0
       0
       1
       0
       0
       0
       0
       0
       0
       0
       0
       0
       0
       0
       0
       0
       0
       0
       0
       0
       0
       0
       0
       0
       0
       0
       0
       0
       0
       0
       0
       0
       0
       0
       0
       0
       0
       0
       0
       0
       0
       1
       0
       0
       0
       0
       0
       0
       0
       0
       0
       0
       0
       0
       0
       0
       0
       0
       0
       0
       0
       0
       0
       0
       0
       0
       0
       0
       0
       0
       0
       0
       0
       0
       0
       0
       0
       0
       0
       0
       0
       0
       0
       0
       0
       0
       0
       0
       0
       0
       0
       0
       0
       0
       0
       0
       0
       0
       0
       0
       0
       0
       0
       0
       0
       0
       0
       0
       0
       0
       0
       0
       0
       0
       0
       0
       0
       0
       0
       1
       0
       0
       0
       0
       0
       0
       0
       0
       0
       0
       1
       0
       0
       0
       0
       0
       0
       0
       0
       0
       0
       0
       0
       0
       0
       1
       0
       0
       0
       0
       0
       0
       1
       0
       0
       0
       0
       0
       0
       0
       0
       0
       0
       0
       0
       0
       0
       0
       0
       0
       0
       0
       0
       0
       0
       0
       0
       0
       0
       0
       0
       0
       0
       0
       0
       0
       0
       0
       0
       0
       0
       0
       0
       0
       0
       0
       0
       0
       0
       0
       0
       0
       1
       0
       0
       0
       1
       0
       0
       0
       0
       0
       0
       0
       0
       0
       0
       0
       0
       0
       0
       0
       0
       0
       0
       0
       0
       0
       0
       0
       0
       0
       0
       0
       0
       0
       0
       0
       0
       0
       0
       0
       0
       0
       0
$ROI:
0
$PRESETS:
Live Time
120
0
$ENER_FIT:
0.000000 0.002526
$MCA_CAL:
3
0.000000E+000 2.525835E-003 0.000000E+000 keV
$SHAPE_CAL:
3
0.000000E+000 0.000000E+000 0.000000E+000
