$SPEC_ID:
No sample description was entered.
$SPEC_REM:
DET# 1
DETDESC# 
AP# Maestro Version 6.08
$DATE_MEA:
09/19/2017 11:19:12
$MEAS_TIM:
120 120
$DATA:
0 2047
       0
       0
       0
       0
       0
       0
       0
       0
       0
       0
       0
       0
       0
       0
       0
       0
       0
       0
       0
       0
       0
       0
       0
       0
       0
       0
       0
       0
       0
       0
       0
       0
       0
       0
       0
       0
       0
       0
       0
       0
       0
       0
       0
       0
       0
       0
       0
       0
       0
       0
       0
       0
       0
       0
       0
       0
       0
       0
       0
       0
       0
       0
       0
       0
       0
       0
       0
       0
       0
       0
       0
       0
       0
       0
       0
       0
       0
       0
       0
       0
       0
       0
       0
       0
       0
       0
       0
       0
       0
       0
       0
       0
       0
       0
       0
       0
       0
       0
       0
       0
       0
       0
       0
       0
       0
       0
       0
       0
       0
       0
       0
       0
       0
       0
       0
       0
       0
       0
       0
       0
       0
       0
       0
       0
       0
       0
       0
       0
       0
       0
       0
       0
       0
       0
       0
       0
       0
       0
       0
       0
       0
       0
       0
       0
       0
       0
       0
       0
       0
       0
       0
       0
       0
       0
       0
       0
       0
       0
       0
       0
       0
       0
       0
       0
       0
       0
       0
       0
       0
       0
       0
       0
       0
       0
       0
       0
       0
       0
       0
       0
       0
       0
       0
       0
       0
       0
       0
       0
       0
       0
       0
       0
       0
       0
       0
       0
       0
       0
       1
       1
       1
       1
       2
       2
       1
       1
       2
       0
       2
       1
       0
       0
       1
       1
       0
       1
       0
       2
       1
       1
       1
       2
       3
       2
       3
       5
       1
       3
       3
       0
       1
       1
       2
       2
       0
       0
       0
       1
       1
       0
       0
       0
       2
       2
       3
       1
       0
       1
       1
       2
       1
       1
       1
       5
       0
       1
       1
       4
       2
       1
       3
       0
       2
       0
       4
       0
       0
       0
       0
       0
       1
       1
       1
       0
       2
       1
       0
       1
       1
       0
       0
       1
       1
       2
       1
       1
       1
       2
       1
       1
       2
       0
       3
       0
       0
       0
       1
       1
       5
       1
       0
       0
       2
       2
       3
       1
       1
       0
       4
       1
       2
       3
       2
       1
       0
       1
       3
       2
       2
       0
       2
       1
       2
       2
       0
       1
       0
       1
       3
       1
       0
       0
       2
       3
       1
       2
       0
       0
       1
       1
       3
       2
       1
       5
       0
       4
       2
       2
       3
       2
       1
       1
       0
       0
       5
       4
       3
       1
       1
       1
       1
       1
       2
       0
       2
       0
       1
       2
       0
       1
       0
       0
       0
       1
       1
       1
       3
       0
       0
       0
       4
       0
       2
       1
       1
       2
       2
       3
       1
       3
       2
       0
       0
       0
       2
       2
       1
       1
       3
       1
       3
       1
       0
       1
       3
       1
       3
       1
       2
       1
       1
       1
       3
       1
       2
       1
       3
       3
       2
       2
       3
       0
       0
       0
       1
       3
       1
       2
       1
       1
       1
       1
       1
       2
       2
       2
       0
       2
       2
       3
       4
       4
       4
       0
       2
       1
       0
       1
       1
       1
       2
       1
       1
       0
       1
       2
       2
       3
       2
       0
       0
       0
       5
       0
       1
       1
       2
       1
       1
       0
       2
       1
       3
       4
       1
       2
       0
       4
       1
       1
       3
       0
       0
       1
       1
       2
       4
       0
       2
       0
       0
       2
       1
       2
       1
       3
       0
       2
       3
       1
       1
       1
       0
       3
       5
       3
       1
       0
       1
       3
       2
       2
       3
       1
       2
       2
       3
       0
       1
       3
       2
       0
       3
       2
       1
       2
       1
       3
       1
       2
       1
       1
       1
       0
       0
       2
       0
       3
       0
       0
       0
       1
       2
       0
       3
       3
       0
       1
       4
       0
       3
       2
       3
       3
       1
       4
       2
       3
       0
       2
       1
       0
       2
       3
       0
       0
       2
       1
       1
       0
       1
       2
       3
       2
       6
       1
       3
       2
       3
       2
       2
       1
       0
       1
       1
       2
       0
       2
       0
       2
       0
       0
       1
       1
       2
       4
       0
       1
       4
       1
       1
       3
       1
       2
       3
       2
       2
       2
       4
       2
       0
       0
       2
       2
       2
       1
       4
       2
       2
       2
       0
       0
       3
       3
       4
       3
       0
       1
       1
       3
       1
       2
       2
       2
       1
       2
       3
       1
       1
       4
       1
       3
       1
       3
       3
       1
       3
       1
       0
       3
       2
       0
       3
       6
       2
       3
       0
       2
       5
       5
       2
       3
       2
       4
       5
       2
       4
       3
       2
       4
       1
       4
       1
       3
       2
       0
       3
       4
       7
       3
       2
       3
       1
       3
       6
       2
       4
       3
       1
       4
       3
       1
       2
       1
       0
       5
       5
       2
       1
       4
       8
       2
       7
       2
       3
       5
       2
       1
       2
       2
       2
       2
       2
       5
       3
       2
       3
       1
       4
       1
       3
       5
       0
       4
       1
       4
       4
       5
       1
       3
       1
       3
       2
       4
       4
       5
       2
       3
       5
       2
       1
       2
       6
       2
       4
       3
       2
       6
       1
       3
       3
       2
       2
       4
       4
       3
       2
       3
       3
       2
       4
       6
       4
       6
       6
       4
       3
       4
       1
       3
       1
       5
       1
       4
       7
       3
       3
       0
       1
       7
       6
       2
       2
       4
       5
       8
       2
       2
       4
       2
       2
       3
       2
       3
       2
       1
       3
       3
       4
       1
       4
       2
       8
       6
       5
       1
       2
       1
       3
       5
       0
       5
       3
       5
       4
       5
       3
       2
       4
       2
       0
       3
       6
       6
       5
       4
       2
       2
       3
       4
       3
       3
       3
       4
       4
       6
       5
       2
       3
       6
       5
       5
       5
       2
       8
       4
       4
       2
       5
       6
       5
       6
       8
       3
       3
       3
       6
       6
       4
       5
       7
       8
       9
       4
       9
       6
       6
       5
       5
       5
       6
       6
       9
       8
       7
       8
       8
       5
       9
       8
       9
       7
      10
       5
       8
       7
       8
      11
       6
      16
      13
       9
       6
       7
      11
      10
       9
      15
      17
      10
      20
      16
      12
      17
       9
      19
      16
       8
      15
      12
      14
      15
      26
      22
      18
      13
      20
      24
      27
      28
      19
      26
      32
      26
      29
      27
      22
      27
      27
      28
      27
      39
      26
      28
      30
      33
      39
      38
      35
      34
      26
      37
      45
      54
      44
      53
      53
      44
      38
      62
      56
      55
      53
      53
      61
      73
      69
      64
      67
      81
      68
      80
      69
      70
      89
      84
      84
      78
      90
      80
      74
      93
      78
      92
      91
     113
      99
     108
     104
      96
     108
     105
     117
     105
     103
     132
     130
     107
     128
     137
     133
     117
     139
     150
     122
     138
     139
     151
     153
     163
     174
     167
     151
     144
     184
     163
     175
     178
     180
     176
     182
     183
     178
     178
     186
     185
     194
     176
     186
     212
     198
     205
     197
     199
     198
     213
     199
     244
     199
     235
     216
     231
     225
     230
     231
     242
     232
     225
     230
     256
     232
     240
     236
     223
     258
     250
     274
     249
     237
     271
     239
     246
     249
     262
     277
     262
     271
     257
     256
     261
     256
     259
     266
     235
     224
     226
     215
     249
     224
     249
     250
     265
     226
     245
     227
     240
     240
     218
     213
     226
     235
     237
     252
     234
     214
     216
     205
     215
     226
     224
     213
     168
     176
     210
     191
     190
     201
     160
     184
     177
     162
     194
     183
     169
     198
     164
     159
     166
     124
     172
     131
     135
     123
     129
     129
     139
     113
     124
     116
     130
     113
     116
     109
     114
     126
      98
     104
     106
      98
      92
      87
      93
      92
      90
      82
      90
      81
      69
      63
      77
      79
      67
      86
      67
      67
      52
      67
      47
      60
      48
      45
      63
      52
      44
      38
      58
      43
      49
      54
      42
      41
      41
      48
      29
      33
      34
      37
      26
      48
      35
      25
      28
      26
      28
      21
      20
      21
      13
      21
      18
      22
      21
      10
      12
      11
      16
      15
      13
      15
      15
       8
      12
      10
      12
       9
       8
      11
       4
      11
       8
       7
       5
       7
       9
       6
       4
       2
       9
       6
       4
       3
       3
       5
       1
       6
       3
       7
       0
       4
       1
       4
       5
       3
       1
       2
       2
       3
       1
       1
       0
       2
       3
       2
       2
       2
       2
       2
       4
       1
       2
       0
       0
       5
       3
       1
       0
       1
       0
       2
       1
       0
       1
       1
       2
       1
       2
       0
       0
       1
       2
       1
       0
       1
       2
       0
       1
       0
       0
       1
       0
       1
       0
       0
       1
       0
       1
       0
       0
       1
       0
       0
       0
       1
       0
       0
       0
       0
       0
       0
       0
       0
       1
       0
       0
       0
       0
       0
       1
       0
       0
       0
       0
       1
       0
       0
       0
       0
       0
       0
       1
       1
       0
       0
       0
       0
       1
       0
       0
       0
       0
       0
       0
       1
       0
       0
       0
       0
       0
       0
       0
       0
       0
       0
       0
       0
       0
       0
       0
       0
       0
       0
       0
       0
       0
       0
       0
       0
       1
       0
       0
       0
       0
       0
       0
       0
       0
       0
       0
       0
       0
       0
       0
       0
       0
       0
       0
       0
       0
       0
       0
       0
       0
       0
       0
       0
       0
       0
       0
       0
       0
       0
       0
       0
       0
       0
       0
       0
       0
       0
       0
       0
       0
       0
       0
       0
       0
       0
       0
       0
       0
       0
       0
       0
       0
       0
       0
       0
       0
       0
       0
       0
       0
       0
       0
       0
       0
       0
       0
       0
       0
       0
       0
       1
       0
       0
       0
       0
       0
       0
       0
       0
       0
       0
       0
       0
       0
       0
       0
       0
       0
       0
       0
       0
       0
       0
       0
       0
       0
       0
       0
       0
       0
       0
       0
       0
       0
       0
       0
       0
       0
       0
       0
       0
       0
       0
       0
       0
       0
       0
       0
       0
       0
       0
       0
       0
       0
       0
       0
       0
       0
       0
       0
       0
       0
       0
       0
       0
       0
       0
       0
       0
       0
       0
       0
       0
       0
       0
       1
       0
       0
       0
       0
       0
       1
       0
       0
       0
       0
       0
       0
       0
       0
       0
       0
       0
       0
       0
       0
       0
       0
       0
       0
       0
       0
       0
       0
       0
       0
       0
       0
       0
       0
       0
       0
       0
       0
       0
       0
       0
       0
       0
       0
       0
       0
       0
       0
       0
       0
       0
       0
       0
       0
       0
       0
       0
       0
       0
       0
       0
       0
       0
       0
       0
       0
       0
       0
       0
       0
       0
       0
       0
       0
       0
       0
       0
       0
       0
       0
       0
       0
       0
       0
       0
       0
       0
       0
       2
       0
       0
       0
       0
       0
       0
       1
       0
       0
       0
       0
       0
       0
       0
       0
       0
       0
       0
       0
       0
       0
       0
       0
       0
       0
       0
       0
       0
       0
       0
       0
       0
       0
       0
       0
       0
       0
       0
       0
       0
       0
       0
       0
       0
       0
       0
       0
       0
       0
       0
       0
       0
       0
       0
       0
       0
       0
       0
       0
       0
       0
       0
       0
       0
       0
       0
       0
       0
       0
       0
       0
       0
       0
       0
       0
       0
       0
       0
       0
       0
       0
       0
       0
       0
       0
       0
       0
       0
       0
       0
       0
       0
       0
       0
       1
       0
       0
       0
       0
       0
       0
       0
       0
       0
       0
       0
       0
       0
       0
       0
       0
       0
       0
       0
       0
       0
       0
       0
       0
       0
       0
       0
       0
       0
       0
       0
       0
       1
       0
       0
       0
       0
       0
       0
       0
       0
       0
       0
       0
       0
       0
       0
       0
       0
       0
       0
       0
       0
       0
       0
       0
       0
       0
       0
       0
       0
       0
       0
       0
       0
       0
       0
       0
       0
       0
       0
       0
       0
       0
       0
       0
       0
       0
       0
       0
       0
       0
       0
       0
       0
       0
       0
       0
       0
       0
       0
       0
       0
       0
       0
       0
       0
       0
       0
       0
       0
       0
       0
       0
       0
       0
       0
       0
       0
       0
       0
       0
       0
       0
       0
       0
       0
       0
       0
       0
       0
       0
       0
       0
       0
       0
       0
       0
       0
       0
       0
       0
       0
       0
       0
       0
       0
       0
       0
       0
       0
       0
       0
       0
       0
       0
       0
       0
       0
       0
       0
       0
       0
       0
       1
       0
       0
       0
       0
       0
       0
       0
       0
       0
       0
       0
       0
       0
       1
       0
       0
       0
       0
       0
       0
       0
       0
       0
       0
       0
       0
       0
       0
       0
       0
       0
       1
       0
       0
       0
       0
       0
       0
       0
       0
       0
       0
       0
       0
       0
       0
       0
       0
       1
       0
       0
       0
       0
       0
       0
       0
       0
       0
       0
       0
       0
       0
       0
       0
       0
       0
       0
       0
       0
       0
       0
       0
       0
       0
       0
       0
       0
       0
       0
       0
       0
       0
       0
       0
       0
       1
       0
       0
       0
       0
       0
       0
       0
       0
       0
       0
       0
       0
       0
       0
       0
       0
       0
       0
       0
       0
       0
       0
       0
       0
       0
       0
       0
       0
       0
       0
       0
       0
       0
       1
       0
       0
       0
       0
       0
       1
       0
       0
       0
       0
       0
       0
       0
       0
       0
       0
       0
       0
       0
       0
       0
       0
       0
       0
       1
       1
       0
       0
       0
       0
       0
       0
       0
       0
       0
       0
       0
       0
       0
       0
       1
       0
       0
       0
       0
       1
       0
       0
       0
       0
       0
       0
       0
       0
       0
       0
       0
       0
       0
       0
       0
       0
       0
       0
       0
       0
       0
       0
       0
       0
       0
       0
       0
       0
       0
       0
       0
       0
       0
       0
       0
       0
       0
       0
       0
       0
       0
       0
       0
       0
       0
$ROI:
0
$PRESETS:
Live Time
120
0
$ENER_FIT:
0.000000 0.002526
$MCA_CAL:
3
0.000000E+000 2.525835E-003 0.000000E+000 keV
$SHAPE_CAL:
3
0.000000E+000 0.000000E+000 0.000000E+000
