$SPEC_ID:
No sample description was entered.
$SPEC_REM:
DET# 1
DETDESC# 
AP# Maestro Version 6.08
$DATE_MEA:
09/19/2017 11:29:14
$MEAS_TIM:
120 120
$DATA:
0 2047
       0
       0
       0
       0
       0
       0
       0
       0
       0
       0
       0
       0
       0
       0
       0
       0
       0
       0
       0
       0
       0
       0
       0
       0
       0
       0
       0
       0
       0
       0
       0
       0
       0
       0
       0
       0
       0
       0
       0
       0
       0
       0
       0
       0
       0
       0
       0
       0
       0
       0
       0
       0
       0
       0
       0
       0
       0
       0
       0
       0
       0
       0
       0
       0
       0
       0
       0
       0
       0
       0
       0
       0
       0
       0
       0
       0
       0
       0
       0
       0
       0
       0
       0
       0
       0
       0
       0
       0
       0
       0
       0
       0
       0
       0
       0
       0
       0
       0
       0
       0
       0
       0
       0
       0
       0
       0
       0
       0
       0
       0
       0
       0
       0
       0
       0
       0
       0
       0
       0
       0
       0
       0
       0
       0
       0
       0
       0
       0
       0
       0
       0
       0
       0
       0
       0
       0
       0
       0
       0
       0
       0
       0
       0
       0
       0
       0
       0
       0
       0
       0
       0
       0
       0
       0
       0
       0
       0
       0
       0
       0
       0
       0
       0
       0
       0
       0
       0
       0
       0
       0
       0
       0
       0
       0
       0
       0
       0
       0
       0
       0
       0
       0
       0
       0
       0
       0
       0
       0
       0
       0
       0
       0
       0
       0
       0
       0
       0
       0
       1
       2
       1
       1
       1
       1
       1
       0
       0
       4
       1
       1
       1
       0
       3
       2
       1
       0
       2
       0
       3
       5
       0
       0
       1
       3
       1
       1
       1
       0
       2
       1
       1
       2
       1
       3
       3
       1
       3
       1
       3
       1
       0
       0
       3
       3
       2
       2
       0
       0
       1
       2
       2
       4
       0
       3
       2
       2
       3
       1
       0
       2
       1
       0
       2
       1
       2
       0
       3
       1
       3
       2
       1
       1
       2
       2
       1
       4
       1
       1
       1
       0
       2
       1
       2
       1
       0
       1
       1
       1
       1
       1
       1
       2
       1
       2
       1
       2
       0
       1
       2
       1
       3
       1
       1
       0
       2
       2
       2
       2
       0
       1
       0
       0
       0
       2
       1
       2
       5
       2
       2
       0
       1
       0
       1
       2
       1
       1
       0
       0
       1
       0
       0
       0
       1
       0
       0
       0
       1
       2
       0
       0
       0
       2
       3
       3
       3
       3
       1
       1
       1
       2
       1
       3
       1
       1
       3
       1
       0
       0
       2
       3
       2
       2
       2
       1
       1
       1
       0
       3
       2
       1
       1
       1
       1
       3
       1
       1
       0
       1
       3
       0
       1
       3
       4
       1
       1
       2
       0
       2
       1
       3
       1
       2
       0
       0
       1
       1
       2
       1
       2
       0
       1
       1
       1
       0
       0
       1
       1
       1
       0
       2
       0
       1
       2
       0
       0
       4
       1
       1
       0
       1
       0
       0
       1
       0
       2
       1
       1
       0
       1
       2
       1
       1
       1
       1
       0
       0
       0
       1
       1
       0
       0
       3
       2
       1
       0
       1
       4
       3
       1
       0
       2
       0
       1
       2
       2
       2
       2
       0
       2
       4
       1
       0
       2
       1
       2
       3
       1
       0
       1
       1
       2
       5
       3
       2
       4
       1
       3
       3
       1
       1
       1
       2
       2
       1
       1
       1
       2
       1
       5
       3
       3
       0
       1
       0
       1
       1
       0
       1
       2
       2
       2
       0
       4
       1
       1
       2
       0
       0
       1
       1
       2
       1
       2
       1
       0
       2
       0
       1
       3
       1
       1
       2
       0
       3
       1
       2
       0
       2
       2
       0
       1
       2
       1
       2
       2
       1
       0
       2
       1
       1
       2
       3
       2
       2
       2
       1
       0
       2
       1
       0
       1
       2
       0
       1
       2
       3
       1
       1
       4
       3
       1
       6
       2
       0
       3
       1
       2
       4
       2
       3
       0
       1
       0
       1
       1
       1
       2
       0
       6
       2
       2
       2
       0
       0
       0
       1
       1
       2
       3
       0
       0
       2
       2
       1
       2
       2
       1
       1
       2
       3
       0
       1
       0
       1
       1
       2
       4
       3
       1
       2
       0
       1
       5
       1
       1
       1
       2
       1
       0
       1
       0
       2
       2
       2
       0
       1
       3
       3
       1
       1
       2
       4
       3
       0
       1
       1
       2
       1
       0
       3
       2
       2
       3
       5
       3
       1
       3
       3
       2
       2
       1
       1
       0
       0
       1
       4
       4
       4
       3
       2
       1
       5
       2
       2
       1
       3
       2
       1
       1
       5
       3
       3
       1
       5
       2
       4
       2
       3
       2
       2
       3
       2
       1
       1
       4
       4
       0
       1
       4
       5
       3
       5
       1
       1
       2
       7
       6
       4
       3
       1
       2
       1
       4
       0
       4
       3
       3
       4
       3
       1
       2
       1
       6
       5
       2
       5
       4
       3
       1
       3
       3
       1
       2
       1
       9
       3
       3
       2
       1
       4
       4
       6
       5
       3
       6
       3
       3
       7
       1
       1
       5
       4
       3
       5
       3
       6
       2
       6
       3
       1
       0
       4
       4
       1
       2
       4
       8
       7
       3
       3
       1
       3
       3
       4
       4
       0
       3
       5
       4
       3
       4
       3
       3
       4
       5
       3
       1
       7
       4
       5
       0
       3
       8
       2
       4
       5
       3
       2
       6
       3
       7
       4
       4
       1
       6
       2
       2
       2
       3
       2
       3
       5
       3
       3
       1
       3
       6
       6
       5
       4
       3
       2
       2
       9
       5
       8
       3
       3
       4
       5
       2
       7
       5
       7
       4
       8
       5
       4
       6
       8
       3
       3
       6
       5
       8
       6
      10
       2
       6
       5
       5
       8
       4
       5
       2
       6
       8
       5
       1
       3
       5
       2
       3
       3
       4
       5
       6
       4
       7
       3
       5
       2
       5
       6
       5
      11
       5
       5
       6
       5
       9
       6
       8
      12
       9
       5
      10
       9
       6
       5
       8
       8
      10
      11
       4
       8
      14
      14
       9
      12
       9
      14
      20
      15
      10
      17
      10
      11
      16
      11
      10
      13
      13
      13
      18
      19
      13
      20
      24
      10
      17
      22
      19
      19
      25
      23
      20
      14
      29
      26
      27
      19
      29
      31
      34
      28
      29
      24
      26
      32
      36
      38
      36
      30
      45
      47
      37
      37
      35
      39
      39
      49
      47
      48
      51
      42
      51
      42
      39
      56
      55
      74
      52
      58
      58
      74
      67
      71
      60
      75
      58
      74
      72
      75
      72
      69
      88
      86
      79
      81
      76
      95
      98
     103
     105
      86
      98
      93
      87
      98
     106
      92
     116
     111
     126
     117
     152
     112
     131
     141
     131
     151
     146
     144
     154
     139
     135
     155
     142
     162
     164
     173
     150
     163
     150
     192
     157
     133
     187
     190
     186
     184
     208
     185
     210
     171
     197
     192
     191
     198
     207
     210
     220
     231
     179
     206
     200
     226
     216
     220
     214
     226
     240
     228
     260
     202
     226
     245
     237
     256
     250
     222
     211
     250
     253
     237
     265
     231
     250
     231
     254
     256
     240
     239
     213
     230
     245
     268
     258
     209
     256
     237
     221
     234
     253
     229
     235
     251
     252
     218
     229
     222
     228
     227
     258
     226
     213
     227
     235
     226
     217
     221
     220
     237
     200
     226
     225
     195
     186
     211
     182
     182
     187
     187
     197
     193
     192
     199
     179
     171
     182
     173
     159
     154
     165
     155
     167
     155
     145
     141
     136
     142
     127
     155
     120
     125
     146
     111
     110
     121
     113
     113
     137
     107
      88
     117
     103
      89
      92
      93
      93
      83
      94
      69
      76
      86
      86
      79
      81
      81
      70
      72
      62
      63
      60
      49
      53
      60
      54
      50
      58
      44
      54
      39
      45
      47
      69
      45
      34
      31
      42
      40
      40
      35
      29
      34
      22
      33
      32
      28
      29
      20
      22
      23
      24
      28
      22
      18
      20
      23
      18
      18
      13
      17
      19
      17
      11
      12
      16
      10
       8
      10
      10
       5
      14
      11
       8
      10
       3
      11
       6
       5
      10
       9
       5
       4
       7
       6
       7
       7
       6
      10
       2
       6
       3
      10
       4
       2
       6
       1
       3
       6
       0
       2
       3
       3
       3
       1
       2
       3
       2
       1
       1
       3
       1
       0
       1
       1
       1
       4
       2
       1
       0
       5
       0
       1
       1
       0
       1
       0
       2
       0
       1
       0
       1
       1
       1
       1
       1
       1
       1
       0
       1
       0
       0
       0
       1
       0
       1
       2
       0
       1
       0
       0
       1
       0
       1
       1
       0
       0
       0
       1
       0
       0
       0
       0
       0
       1
       0
       1
       0
       0
       1
       0
       1
       0
       0
       0
       0
       1
       0
       1
       0
       1
       0
       0
       0
       2
       0
       1
       0
       0
       0
       0
       1
       0
       0
       1
       0
       0
       0
       0
       0
       0
       0
       0
       0
       0
       0
       1
       0
       0
       0
       0
       0
       0
       0
       0
       0
       0
       0
       0
       0
       0
       0
       0
       0
       0
       0
       0
       0
       0
       0
       0
       0
       0
       0
       0
       0
       0
       1
       0
       0
       0
       0
       0
       0
       0
       0
       0
       0
       0
       0
       0
       0
       1
       0
       0
       0
       0
       0
       0
       0
       0
       0
       0
       0
       0
       0
       0
       0
       0
       0
       1
       0
       0
       0
       0
       0
       0
       0
       0
       0
       0
       0
       1
       0
       0
       0
       0
       0
       0
       0
       0
       0
       0
       0
       0
       0
       0
       0
       0
       0
       0
       0
       0
       0
       0
       0
       0
       0
       0
       0
       0
       0
       0
       0
       0
       0
       0
       0
       0
       0
       0
       0
       0
       0
       0
       0
       0
       0
       0
       0
       0
       0
       0
       0
       0
       0
       0
       0
       0
       0
       0
       0
       0
       0
       0
       0
       0
       0
       0
       0
       0
       0
       0
       0
       0
       0
       0
       0
       0
       0
       0
       0
       0
       0
       0
       0
       0
       0
       0
       0
       0
       0
       0
       0
       0
       0
       0
       1
       1
       0
       0
       0
       0
       0
       0
       0
       1
       0
       0
       0
       0
       0
       0
       0
       0
       0
       0
       0
       0
       1
       0
       0
       0
       1
       0
       0
       0
       0
       0
       0
       0
       0
       0
       0
       0
       0
       0
       0
       0
       0
       0
       0
       0
       0
       0
       0
       0
       0
       0
       1
       0
       0
       0
       0
       0
       0
       0
       0
       0
       0
       0
       0
       0
       0
       0
       0
       0
       0
       1
       0
       0
       0
       0
       0
       0
       0
       0
       0
       0
       1
       0
       0
       1
       0
       0
       0
       0
       0
       0
       1
       0
       0
       0
       0
       0
       0
       0
       0
       1
       0
       0
       0
       0
       0
       0
       0
       0
       0
       0
       0
       0
       0
       0
       0
       0
       0
       0
       0
       0
       0
       0
       0
       1
       0
       0
       0
       0
       0
       0
       0
       0
       0
       0
       0
       0
       0
       0
       0
       0
       0
       0
       0
       0
       0
       0
       0
       0
       0
       0
       0
       0
       0
       0
       0
       0
       0
       0
       0
       0
       0
       0
       0
       0
       0
       0
       0
       0
       0
       0
       0
       0
       0
       0
       0
       0
       0
       0
       0
       0
       0
       0
       0
       1
       0
       0
       0
       0
       0
       0
       0
       0
       0
       0
       0
       0
       0
       0
       0
       0
       0
       0
       0
       0
       0
       0
       0
       0
       0
       0
       0
       0
       0
       1
       0
       0
       0
       0
       0
       0
       0
       0
       0
       0
       0
       0
       0
       0
       0
       0
       0
       0
       0
       0
       1
       1
       0
       0
       0
       0
       0
       0
       0
       0
       0
       0
       0
       0
       0
       0
       0
       0
       0
       0
       0
       0
       0
       0
       0
       0
       0
       0
       0
       0
       0
       0
       0
       0
       0
       0
       0
       0
       0
       0
       0
       0
       0
       0
       0
       0
       0
       0
       0
       0
       0
       0
       0
       0
       0
       1
       0
       0
       0
       0
       0
       0
       0
       0
       0
       0
       0
       0
       0
       0
       1
       1
       0
       0
       0
       0
       0
       1
       0
       0
       0
       0
       0
       0
       0
       0
       0
       0
       0
       0
       0
       0
       0
       0
       0
       0
       0
       0
       0
       0
       1
       0
       0
       0
       0
       0
       0
       0
       0
       0
       0
       0
       0
       0
       0
       0
       0
       0
       0
       0
       0
       0
       0
       0
       0
       0
       0
       0
       0
       0
       0
       0
       0
       0
       0
       0
       0
       0
       0
       0
       0
       0
       0
       0
       0
       0
       0
       0
       0
       0
       0
       0
       0
       0
       0
       0
       1
       0
       0
       1
       0
       0
       0
       0
       0
       0
       0
       0
       0
       0
       0
       0
       0
       0
       0
       0
       0
       0
       0
       0
       0
       0
       0
       0
       0
       0
       0
       0
       0
       0
       0
       0
       0
       0
       1
       0
       0
       0
       0
       0
       0
       0
       0
       0
       0
       0
       0
       0
       0
       0
       0
       0
       0
       0
       0
       0
       0
       0
       0
       0
       0
       0
       0
       0
       0
       0
       0
       0
       0
       0
       0
       1
       0
       0
       0
       0
       0
       0
       0
       0
       0
       0
       1
       0
       1
       0
       0
       0
       0
       0
       0
       0
       0
       0
       0
       0
       0
       0
       0
       0
       0
       0
       0
       0
       0
       0
       0
       0
       0
       0
       0
       0
       0
       0
       1
       0
       0
       0
       0
       0
       0
       0
       0
       0
       0
       0
       0
       0
       0
       0
       0
       0
       0
       0
       0
       0
       0
       0
       0
       0
       0
       0
       0
       0
       0
       0
       0
       0
       0
       0
       0
       0
$ROI:
0
$PRESETS:
Live Time
120
0
$ENER_FIT:
0.000000 0.002526
$MCA_CAL:
3
0.000000E+000 2.525835E-003 0.000000E+000 keV
$SHAPE_CAL:
3
0.000000E+000 0.000000E+000 0.000000E+000
