$SPEC_ID:
No sample description was entered.
$SPEC_REM:
DET# 1
DETDESC# 
AP# Maestro Version 6.08
$DATE_MEA:
09/19/2017 11:23:13
$MEAS_TIM:
120 120
$DATA:
0 2047
       0
       0
       0
       0
       0
       0
       0
       0
       0
       0
       0
       0
       0
       0
       0
       0
       0
       0
       0
       0
       0
       0
       0
       0
       0
       0
       0
       0
       0
       0
       0
       0
       0
       0
       0
       0
       0
       0
       0
       0
       0
       0
       0
       0
       0
       0
       0
       0
       0
       0
       0
       0
       0
       0
       0
       0
       0
       0
       0
       0
       0
       0
       0
       0
       0
       0
       0
       0
       0
       0
       0
       0
       0
       0
       0
       0
       0
       0
       0
       0
       0
       0
       0
       0
       0
       0
       0
       0
       0
       0
       0
       0
       0
       0
       0
       0
       0
       0
       0
       0
       0
       0
       0
       0
       0
       0
       0
       0
       0
       0
       0
       0
       0
       0
       0
       0
       0
       0
       0
       0
       0
       0
       0
       0
       0
       0
       0
       0
       0
       0
       0
       0
       0
       0
       0
       0
       0
       0
       0
       0
       0
       0
       0
       0
       0
       0
       0
       0
       0
       0
       0
       0
       0
       0
       0
       0
       0
       0
       0
       0
       0
       0
       0
       0
       0
       0
       0
       0
       0
       0
       0
       0
       0
       0
       0
       0
       0
       0
       0
       0
       0
       0
       0
       0
       0
       0
       0
       0
       0
       0
       0
       0
       0
       0
       0
       0
       0
       0
       1
       1
       1
       2
       0
       0
       0
       2
       2
       0
       1
       2
       0
       2
       1
       2
       3
       2
       4
       1
       0
       0
       1
       0
       0
       0
       3
       3
       1
       0
       0
       1
       2
       2
       1
       4
       3
       2
       1
       3
       4
       3
       2
       1
       4
       0
       3
       2
       1
       1
       1
       0
       1
       1
       0
       2
       1
       2
       1
       3
       3
       2
       0
       3
       3
       2
       2
       0
       2
       3
       2
       0
       0
       1
       2
       0
       3
       1
       0
       2
       1
       0
       1
       0
       2
       1
       1
       1
       2
       4
       2
       0
       0
       3
       0
       1
       3
       1
       1
       1
       1
       0
       4
       1
       1
       2
       0
       0
       0
       2
       1
       1
       0
       2
       1
       1
       0
       1
       2
       2
       0
       1
       1
       2
       0
       3
       1
       1
       1
       0
       1
       0
       1
       3
       1
       1
       2
       1
       0
       0
       1
       1
       3
       0
       0
       2
       1
       0
       0
       2
       2
       2
       1
       2
       5
       0
       0
       2
       2
       2
       2
       2
       1
       2
       1
       1
       2
       1
       0
       1
       0
       0
       3
       1
       2
       1
       3
       0
       0
       3
       1
       0
       2
       1
       1
       2
       3
       3
       1
       1
       2
       0
       2
       1
       2
       3
       1
       2
       2
       0
       0
       2
       1
       0
       1
       4
       0
       5
       3
       2
       1
       2
       2
       2
       1
       1
       1
       2
       1
       0
       2
       1
       2
       2
       0
       1
       3
       1
       3
       1
       0
       0
       0
       4
       0
       1
       1
       0
       0
       0
       2
       1
       0
       5
       1
       0
       3
       2
       0
       3
       2
       1
       1
       2
       2
       1
       1
       1
       1
       1
       1
       5
       1
       3
       3
       2
       0
       0
       2
       2
       1
       3
       3
       3
       3
       0
       1
       2
       2
       0
       0
       2
       1
       1
       1
       0
       3
       1
       3
       1
       2
       2
       0
       0
       3
       2
       0
       1
       0
       0
       1
       4
       1
       1
       4
       0
       1
       0
       0
       3
       1
       2
       0
       1
       3
       2
       4
       3
       0
       0
       1
       0
       4
       3
       2
       1
       1
       2
       0
       2
       2
       1
       5
       3
       0
       1
       0
       0
       0
       2
       0
       1
       2
       2
       2
       2
       0
       3
       2
       0
       1
       2
       1
       3
       0
       2
       1
       0
       1
       3
       2
       1
       2
       1
       4
       2
       3
       2
       2
       7
       2
       1
       3
       3
       4
       2
       1
       3
       2
       1
       2
       0
       0
       4
       2
       2
       0
       2
       2
       2
       1
       3
       2
       3
       0
       1
       1
       2
       3
       0
       5
       2
       1
       3
       2
       3
       2
       1
       2
       4
       1
       2
       1
       4
       1
       1
       3
       0
       0
       1
       2
       3
       1
       1
       1
       3
       2
       3
       1
       2
       1
       4
       1
       3
       3
       1
       1
       0
       3
       0
       0
       0
       3
       4
       2
       2
       4
       3
       1
       0
       1
       1
       2
       2
       2
       4
       3
       1
       1
       1
       2
       4
       4
       0
       4
       2
       1
       3
       2
       2
       1
       2
       0
       0
       1
       2
       1
       4
       2
       1
       3
       2
       3
       6
       0
       3
       2
       6
       2
       2
       3
       2
       4
       6
       3
       3
       1
       1
       3
       1
       3
       3
       3
       1
       1
       2
       3
       2
       4
       4
       0
       5
       6
       0
       1
       6
       4
       2
       3
       2
       7
       4
       1
       3
       3
       5
       3
       3
       5
       2
       5
       3
       8
       5
       3
       2
       2
       4
       6
       7
       4
       1
       4
       5
       3
       3
       2
       6
       2
       4
       2
       3
       4
       3
       7
       3
       3
       3
       4
       1
       3
       3
       2
       3
       5
       1
       3
       2
       2
       5
       2
       1
       1
       4
       4
       3
       1
       2
       3
       5
       0
       2
       0
       5
       1
       5
       2
       3
       3
       2
       4
       4
       5
       4
       2
       2
       2
       5
       4
       3
       3
       2
       0
       6
       3
       5
       3
       1
       5
       3
       4
       1
       4
       3
       2
       5
       3
       3
       5
       4
       5
       5
       3
       4
       1
       5
       3
       6
       3
       3
       2
       2
       7
       5
       2
       5
       1
       4
       2
       1
       8
       5
       7
       9
       7
       5
       3
       3
       6
       2
       3
      11
       6
       4
       6
       4
       6
       7
       9
       9
      11
       5
       5
       2
       7
       5
       4
       9
       3
       7
       1
       9
       8
       5
      10
       6
       7
       9
       5
      11
       5
       4
       9
      11
       6
      10
       8
       9
       9
      14
       7
       8
      12
      17
      10
      11
      16
       7
      12
      10
      16
      12
       9
      20
      14
      22
      19
      13
      20
      17
      15
      17
      16
      28
      19
      24
      22
      18
      20
      19
      20
      21
      22
      29
      24
      18
      24
      26
      31
      27
      28
      35
      41
      38
      36
      26
      34
      34
      43
      30
      35
      51
      38
      37
      49
      41
      60
      50
      39
      45
      53
      52
      55
      65
      56
      65
      50
      73
      47
      70
      70
      73
      67
      62
      85
      76
      81
      73
      73
      72
      69
      75
      97
      81
      97
      80
      90
      92
     121
     111
      99
     107
     100
     112
     115
     122
     121
     127
     107
     122
     126
      91
     128
     114
     133
     142
     155
     137
     151
     138
     150
     162
     141
     136
     137
     162
     158
     149
     184
     170
     190
     163
     186
     189
     210
     172
     206
     196
     206
     195
     215
     208
     229
     224
     202
     200
     208
     193
     192
     236
     244
     215
     256
     213
     209
     246
     240
     225
     220
     252
     236
     242
     232
     233
     220
     260
     229
     252
     233
     251
     237
     262
     251
     258
     252
     243
     279
     242
     248
     245
     250
     242
     228
     248
     252
     237
     232
     227
     254
     253
     267
     247
     245
     227
     214
     205
     244
     223
     192
     220
     205
     250
     203
     238
     192
     213
     205
     205
     222
     204
     184
     208
     189
     206
     175
     194
     171
     184
     208
     177
     170
     175
     163
     183
     153
     182
     152
     149
     165
     151
     150
     145
     134
     134
     148
     144
     114
     131
     122
     117
     130
     141
     125
     119
     122
     103
     121
     115
     110
     102
      95
      96
      90
      95
      94
      89
      85
      65
      72
     102
      67
      59
      88
      70
      58
      76
      62
      68
      56
      57
      70
      60
      45
      63
      52
      45
      56
      45
      44
      51
      40
      39
      42
      43
      48
      35
      33
      43
      15
      31
      32
      24
      28
      24
      38
      26
      22
      23
      17
      20
      22
      24
      22
      15
      15
      19
      20
       8
      13
      16
      15
      12
      16
      11
      16
       5
       9
       6
       6
      13
      10
       7
      13
       6
      10
       9
       5
       6
       8
       3
       7
       4
       7
       7
       4
       3
       3
       5
       4
       6
       2
       3
       3
       2
       4
       5
       3
       3
       4
       1
       1
       2
       3
       2
       3
       2
       5
       3
       0
       1
       2
       2
       2
       1
       0
       0
       2
       0
       1
       0
       0
       0
       2
       0
       0
       0
       1
       0
       2
       0
       1
       1
       1
       0
       0
       0
       1
       0
       0
       1
       0
       1
       0
       0
       1
       0
       0
       0
       0
       0
       0
       0
       0
       1
       1
       0
       0
       1
       0
       1
       0
       0
       1
       0
       1
       0
       0
       0
       1
       0
       1
       0
       0
       0
       1
       0
       0
       0
       0
       0
       1
       1
       0
       0
       0
       0
       0
       0
       1
       0
       0
       0
       0
       0
       0
       0
       0
       0
       1
       1
       0
       0
       0
       0
       0
       0
       0
       0
       0
       0
       1
       0
       0
       0
       0
       0
       0
       1
       0
       0
       0
       0
       0
       0
       0
       0
       0
       0
       0
       0
       0
       0
       0
       0
       0
       0
       0
       0
       0
       0
       0
       0
       0
       0
       0
       0
       0
       0
       0
       0
       1
       0
       0
       0
       0
       0
       0
       0
       0
       0
       0
       0
       0
       0
       0
       0
       0
       0
       0
       0
       0
       0
       0
       0
       0
       0
       0
       0
       0
       0
       0
       0
       0
       0
       0
       0
       0
       0
       0
       1
       0
       0
       0
       0
       0
       0
       0
       0
       0
       0
       0
       0
       0
       0
       0
       0
       0
       0
       0
       0
       0
       0
       0
       0
       0
       0
       0
       0
       0
       0
       0
       0
       0
       0
       0
       0
       0
       0
       0
       0
       0
       0
       0
       0
       0
       0
       0
       0
       0
       0
       0
       0
       0
       0
       0
       0
       0
       0
       0
       0
       0
       0
       0
       0
       0
       0
       0
       0
       0
       0
       0
       0
       0
       0
       0
       0
       0
       0
       0
       0
       0
       0
       0
       0
       0
       0
       0
       0
       0
       0
       0
       0
       1
       0
       0
       0
       0
       0
       0
       1
       0
       0
       1
       0
       0
       0
       0
       0
       0
       0
       0
       0
       0
       0
       0
       1
       0
       0
       0
       0
       0
       0
       0
       0
       0
       0
       0
       0
       0
       0
       0
       0
       0
       0
       0
       0
       0
       0
       0
       0
       0
       0
       0
       1
       0
       0
       0
       0
       0
       0
       0
       0
       0
       0
       0
       0
       0
       0
       0
       0
       0
       0
       0
       0
       0
       0
       0
       0
       0
       0
       0
       0
       0
       0
       0
       0
       0
       0
       0
       0
       0
       0
       0
       0
       0
       0
       0
       0
       1
       0
       0
       0
       0
       0
       0
       0
       0
       0
       0
       0
       0
       0
       0
       0
       0
       0
       0
       0
       0
       0
       0
       0
       0
       0
       0
       0
       0
       0
       0
       0
       0
       0
       0
       0
       0
       0
       0
       0
       0
       0
       0
       0
       0
       0
       0
       0
       0
       0
       0
       0
       0
       0
       0
       0
       0
       0
       0
       0
       0
       0
       0
       0
       0
       0
       0
       0
       0
       0
       0
       0
       0
       0
       0
       0
       0
       1
       0
       0
       0
       0
       0
       0
       0
       0
       0
       0
       0
       0
       0
       0
       0
       0
       0
       0
       0
       0
       0
       0
       0
       0
       0
       0
       0
       0
       0
       0
       0
       0
       0
       0
       0
       0
       0
       0
       0
       0
       0
       0
       0
       0
       0
       0
       0
       0
       0
       0
       0
       0
       0
       0
       0
       0
       0
       0
       0
       0
       0
       0
       0
       0
       0
       0
       0
       0
       0
       0
       0
       0
       0
       0
       0
       0
       0
       0
       0
       0
       0
       0
       0
       0
       0
       0
       0
       0
       0
       0
       0
       1
       0
       0
       0
       0
       0
       0
       0
       0
       0
       0
       0
       0
       0
       0
       0
       0
       0
       0
       0
       0
       0
       0
       0
       0
       0
       0
       0
       0
       0
       0
       0
       0
       0
       0
       0
       0
       0
       1
       0
       0
       0
       0
       0
       0
       0
       0
       0
       0
       0
       0
       0
       0
       0
       0
       0
       0
       0
       1
       0
       0
       0
       0
       0
       0
       0
       0
       1
       0
       0
       0
       0
       0
       0
       0
       0
       0
       0
       0
       0
       0
       0
       0
       0
       0
       0
       0
       0
       0
       0
       0
       0
       0
       0
       0
       0
       0
       0
       0
       0
       0
       0
       1
       0
       0
       0
       0
       0
       0
       0
       0
       0
       0
       0
       0
       0
       0
       0
       0
       0
       0
       0
       0
       0
       0
       0
       1
       0
       0
       0
       0
       0
       0
       1
       0
       0
       0
       0
       0
       0
       0
       0
       0
       0
       0
       0
       0
       0
       0
       0
       0
       0
       0
       0
       0
       0
       0
       0
       0
       1
       0
       1
       0
       0
       0
       0
       0
       0
       0
       0
       0
       0
       0
       0
       0
       1
       0
       0
       0
       0
       0
       0
       0
       0
       0
       0
       0
       0
       0
       0
       0
       0
       0
       0
       0
       0
       0
       0
       0
       0
       0
       0
       0
       0
       0
       0
       0
       0
       0
       0
       0
       0
       0
       0
       1
       0
       0
       0
       0
       0
       0
       1
       0
       0
       0
       0
       0
       0
       0
       0
       0
       0
       0
       0
       0
       0
       0
       0
       0
       0
       1
       0
       0
       0
       0
       0
       0
       0
       0
       0
       0
       0
       0
       0
       0
       0
       0
       0
       0
       0
       0
       0
       0
       0
       0
       0
       0
       0
       0
       0
       0
       0
       0
$ROI:
0
$PRESETS:
Live Time
120
0
$ENER_FIT:
0.000000 0.002526
$MCA_CAL:
3
0.000000E+000 2.525835E-003 0.000000E+000 keV
$SHAPE_CAL:
3
0.000000E+000 0.000000E+000 0.000000E+000
