$SPEC_ID:
No sample description was entered.
$SPEC_REM:
DET# 1
DETDESC# 
AP# Maestro Version 6.08
$DATE_MEA:
09/19/2017 11:21:12
$MEAS_TIM:
120 120
$DATA:
0 2047
       0
       0
       0
       0
       0
       0
       0
       0
       0
       0
       0
       0
       0
       0
       0
       0
       0
       0
       0
       0
       0
       0
       0
       0
       0
       0
       0
       0
       0
       0
       0
       0
       0
       0
       0
       0
       0
       0
       0
       0
       0
       0
       0
       0
       0
       0
       0
       0
       0
       0
       0
       0
       0
       0
       0
       0
       0
       0
       0
       0
       0
       0
       0
       0
       0
       0
       0
       0
       0
       0
       0
       0
       0
       0
       0
       0
       0
       0
       0
       0
       0
       0
       0
       0
       0
       0
       0
       0
       0
       0
       0
       0
       0
       0
       0
       0
       0
       0
       0
       0
       0
       0
       0
       0
       0
       0
       0
       0
       0
       0
       0
       0
       0
       0
       0
       0
       0
       0
       0
       0
       0
       0
       0
       0
       0
       0
       0
       0
       0
       0
       0
       0
       0
       0
       0
       0
       0
       0
       0
       0
       0
       0
       0
       0
       0
       0
       0
       0
       0
       0
       0
       0
       0
       0
       0
       0
       0
       0
       0
       0
       0
       0
       0
       0
       0
       0
       0
       0
       0
       0
       0
       0
       0
       0
       0
       0
       0
       0
       0
       0
       0
       0
       0
       0
       0
       0
       0
       0
       0
       0
       0
       0
       0
       0
       0
       0
       0
       0
       2
       1
       0
       3
       0
       1
       0
       3
       0
       1
       0
       1
       1
       2
       3
       4
       4
       2
       0
       1
       2
       1
       0
       0
       0
       1
       1
       1
       1
       0
       1
       1
       1
       3
       5
       0
       1
       4
       2
       2
       0
       0
       2
       1
       2
       1
       2
       1
       4
       1
       2
       0
       1
       2
       1
       2
       1
       1
       2
       2
       2
       2
       0
       0
       2
       1
       2
       1
       2
       2
       1
       2
       2
       1
       4
       1
       0
       0
       2
       1
       2
       1
       2
       0
       2
       3
       2
       1
       1
       2
       0
       0
       0
       2
       0
       1
       3
       1
       1
       1
       4
       1
       1
       0
       1
       1
       0
       3
       1
       1
       2
       0
       0
       0
       1
       1
       1
       1
       1
       0
       0
       1
       1
       2
       1
       2
       0
       0
       3
       0
       1
       3
       0
       1
       1
       2
       1
       2
       2
       3
       3
       1
       1
       0
       3
       0
       3
       1
       0
       3
       1
       3
       0
       1
       2
       0
       2
       2
       2
       2
       0
       2
       0
       0
       0
       3
       2
       0
       0
       0
       2
       1
       0
       2
       0
       0
       2
       1
       3
       2
       1
       0
       1
       1
       0
       0
       1
       2
       1
       0
       3
       2
       1
       1
       1
       1
       2
       1
       0
       4
       5
       0
       1
       1
       1
       0
       2
       1
       0
       2
       1
       2
       2
       1
       1
       0
       1
       2
       3
       1
       1
       2
       3
       1
       1
       4
       2
       1
       0
       2
       1
       0
       0
       4
       1
       2
       3
       0
       0
       0
       3
       3
       1
       1
       3
       3
       2
       3
       1
       2
       1
       1
       1
       1
       3
       0
       0
       1
       2
       1
       1
       3
       3
       0
       3
       2
       2
       1
       0
       3
       0
       4
       2
       5
       1
       2
       1
       2
       1
       4
       0
       1
       0
       1
       2
       3
       2
       0
       0
       2
       1
       0
       1
       1
       1
       3
       2
       2
       4
       2
       2
       0
       1
       1
       2
       1
       1
       1
       3
       4
       1
       2
       2
       1
       1
       2
       3
       0
       0
       1
       2
       2
       0
       0
       2
       1
       0
       2
       3
       4
       2
       2
       3
       0
       0
       1
       2
       0
       0
       0
       1
       2
       1
       3
       0
       3
       2
       1
       1
       3
       2
       1
       0
       1
       3
       1
       2
       1
       1
       0
       1
       1
       1
       0
       4
       0
       0
       2
       1
       5
       3
       3
       1
       1
       2
       1
       1
       6
       1
       2
       0
       2
       3
       4
       5
       2
       1
       1
       2
       3
       5
       2
       0
       1
       1
       7
       1
       1
       2
       2
       1
       0
       1
       4
       0
       0
       0
       2
       2
       2
       0
       4
       1
       3
       3
       5
       3
       0
       1
       2
       1
       2
       4
       3
       2
       2
       1
       3
       1
       1
       1
       0
       4
       2
       0
       2
       1
       2
       3
       3
       1
       5
       2
       2
       3
       2
       1
       0
       5
       3
       2
       0
       1
       0
       4
       2
       1
       2
       1
       1
       2
       2
       1
       1
       3
       3
       7
       4
       4
       4
       0
       3
       2
       1
       3
       3
       1
       3
       4
       1
       5
       3
       4
       0
       5
       2
       1
       4
       5
       1
       3
       4
       4
       4
       1
       3
       2
       5
       7
       3
       2
       1
       2
       2
       4
       4
       3
       3
       4
       2
       5
       6
       3
       6
       6
       6
       1
       3
       2
       4
       1
       3
       5
       3
       2
       3
       4
       2
       2
       2
       3
       1
       6
       3
       4
       2
       4
       0
       3
       3
       3
       3
       2
       6
       3
       5
       7
       5
       6
       5
       6
       4
       5
       1
       6
       3
       7
       1
       4
       5
       1
       1
       3
       3
       3
       6
       1
       5
       5
       3
       5
       3
       1
       1
       4
       1
       1
       8
       4
       4
       6
       6
       2
       1
       0
       4
       2
       7
       4
       6
       5
       2
       4
       2
       5
       2
       1
       5
       4
       2
       4
       3
       6
       0
       2
       2
       3
       7
       2
       5
       2
       4
       3
       1
       2
       4
       1
       3
       3
       4
       6
       6
       5
       9
       3
       3
       6
       3
       1
       3
       2
       3
       4
       7
       3
       1
       3
       8
       1
      11
       4
       5
       3
       5
       6
       2
       6
       8
       6
       6
       7
       4
       5
       1
       7
       6
       5
       2
       4
       5
       6
       6
       8
       8
       8
       3
       9
       6
       8
       9
       4
       5
       6
       8
      11
       7
      15
       9
      10
      12
       7
      12
       5
       6
       8
       7
      10
       9
      11
      10
      10
      20
      11
      14
      10
       9
      19
       8
       9
      18
      21
      15
       9
      10
      10
      14
      22
      17
      16
      12
      23
      15
      23
      12
      23
      12
      13
      21
      22
      17
      31
      23
      21
      26
      20
      21
      25
      28
      33
      29
      28
      30
      27
      24
      27
      29
      30
      35
      38
      32
      26
      34
      38
      44
      56
      38
      45
      52
      35
      49
      46
      41
      43
      53
      53
      64
      66
      56
      55
      66
      60
      72
      69
      79
      73
      81
      69
      81
      84
      88
      83
      67
      84
      91
      79
     113
      85
      95
      97
     102
     108
     105
     117
     111
      93
     108
     118
     119
     107
     103
     140
     135
     136
     137
     141
     136
     131
     132
     152
     159
     142
     158
     156
     167
     181
     157
     163
     175
     176
     178
     183
     163
     182
     151
     224
     187
     215
     206
     211
     228
     198
     203
     227
     228
     209
     213
     207
     223
     211
     193
     226
     236
     214
     230
     216
     250
     245
     194
     247
     219
     241
     285
     233
     265
     252
     251
     254
     271
     262
     251
     229
     243
     228
     268
     262
     249
     250
     263
     224
     232
     251
     238
     251
     247
     219
     249
     240
     216
     250
     235
     240
     242
     229
     237
     260
     239
     232
     240
     232
     252
     220
     226
     216
     204
     219
     220
     193
     216
     210
     207
     197
     220
     220
     181
     229
     162
     174
     164
     202
     174
     197
     167
     175
     183
     149
     157
     168
     156
     156
     138
     121
     136
     155
     141
     132
     169
     123
     135
     126
     143
     129
     129
     129
     113
     122
     108
     106
     108
     121
     104
     124
      94
     106
      92
      91
      80
      91
      83
      89
      74
      75
      79
      87
      65
      71
      81
      73
      54
      53
      65
      45
      60
      52
      39
      47
      55
      47
      54
      36
      32
      35
      30
      25
      33
      36
      35
      38
      44
      30
      14
      25
      17
      27
      18
      32
      22
      29
      18
      12
      22
      18
      24
      17
      21
      23
      13
      14
      11
      23
      17
      15
      15
      20
      10
       5
      15
      14
       9
      11
      10
      10
      12
       9
       5
       4
      16
       4
       3
       7
       5
       7
       5
       4
       7
       2
       2
       3
       4
       5
       2
       3
       4
       2
       1
       4
       5
       4
       0
       0
       1
       3
       3
       1
       3
       0
       2
       2
       2
       1
       4
       0
       3
       2
       0
       2
       0
       0
       0
       1
       0
       1
       1
       0
       1
       1
       0
       3
       0
       1
       0
       1
       1
       0
       0
       1
       2
       1
       0
       0
       0
       0
       2
       1
       0
       0
       1
       0
       1
       0
       3
       0
       1
       0
       0
       0
       0
       0
       0
       1
       0
       1
       1
       0
       0
       1
       0
       0
       0
       0
       1
       0
       0
       0
       0
       1
       1
       1
       0
       0
       1
       0
       0
       0
       1
       0
       0
       0
       0
       0
       0
       0
       0
       0
       1
       0
       0
       0
       1
       0
       0
       0
       0
       0
       0
       0
       0
       0
       0
       0
       0
       0
       0
       0
       0
       0
       0
       0
       0
       0
       0
       0
       0
       0
       0
       0
       0
       0
       0
       0
       0
       0
       0
       0
       0
       0
       0
       0
       0
       0
       0
       0
       0
       0
       0
       0
       0
       0
       0
       0
       0
       0
       0
       0
       0
       0
       0
       0
       0
       0
       0
       0
       0
       0
       0
       0
       0
       0
       0
       0
       0
       0
       0
       0
       0
       0
       0
       0
       1
       0
       0
       0
       0
       0
       0
       0
       0
       0
       0
       0
       0
       0
       0
       0
       0
       1
       0
       0
       0
       0
       0
       0
       0
       0
       0
       0
       0
       0
       0
       0
       0
       0
       0
       0
       0
       1
       0
       0
       0
       0
       0
       0
       0
       0
       0
       0
       0
       0
       0
       0
       0
       0
       0
       0
       0
       0
       0
       0
       0
       0
       0
       0
       0
       0
       0
       0
       0
       0
       0
       0
       0
       0
       0
       0
       0
       0
       0
       0
       0
       0
       0
       0
       1
       0
       0
       0
       0
       0
       0
       0
       0
       0
       0
       0
       0
       0
       0
       0
       0
       0
       0
       0
       0
       1
       0
       0
       0
       0
       0
       0
       0
       0
       0
       0
       0
       0
       0
       0
       0
       0
       0
       0
       0
       0
       0
       0
       0
       0
       0
       0
       0
       0
       0
       0
       0
       0
       0
       0
       0
       0
       0
       0
       0
       0
       0
       0
       0
       0
       0
       0
       0
       0
       0
       0
       0
       0
       0
       0
       0
       0
       0
       0
       0
       0
       0
       0
       0
       0
       0
       0
       0
       0
       0
       0
       0
       0
       0
       0
       0
       0
       0
       0
       0
       0
       0
       0
       0
       0
       0
       0
       0
       0
       0
       0
       0
       0
       0
       0
       0
       0
       0
       0
       0
       0
       0
       0
       0
       0
       0
       0
       0
       1
       0
       0
       0
       0
       0
       0
       0
       0
       0
       0
       0
       0
       0
       0
       0
       0
       0
       0
       0
       0
       0
       0
       0
       0
       0
       0
       0
       0
       0
       0
       0
       0
       0
       0
       0
       0
       0
       0
       0
       0
       0
       0
       0
       0
       0
       0
       0
       0
       0
       0
       0
       0
       0
       0
       0
       0
       0
       0
       0
       0
       0
       0
       0
       0
       0
       0
       0
       0
       0
       0
       0
       0
       1
       0
       0
       0
       0
       0
       0
       0
       0
       0
       0
       0
       0
       0
       0
       0
       0
       0
       0
       0
       0
       0
       0
       0
       0
       0
       0
       0
       0
       0
       0
       0
       0
       0
       0
       0
       0
       0
       0
       0
       0
       0
       0
       0
       0
       0
       0
       0
       0
       0
       0
       0
       0
       0
       0
       0
       0
       0
       0
       0
       0
       0
       0
       0
       0
       0
       0
       0
       0
       0
       0
       0
       0
       0
       0
       0
       0
       0
       0
       0
       0
       0
       0
       0
       0
       0
       0
       0
       0
       0
       0
       0
       0
       0
       0
       0
       0
       0
       0
       0
       0
       0
       0
       0
       0
       0
       0
       0
       0
       0
       0
       1
       0
       0
       0
       0
       0
       0
       0
       0
       0
       0
       0
       0
       1
       0
       0
       0
       0
       0
       0
       0
       0
       0
       0
       0
       0
       0
       0
       0
       0
       0
       0
       0
       0
       0
       0
       0
       1
       0
       0
       0
       0
       0
       0
       1
       0
       0
       0
       0
       0
       0
       0
       0
       1
       0
       0
       0
       0
       0
       0
       0
       0
       0
       0
       0
       0
       0
       0
       0
       0
       0
       0
       0
       0
       0
       0
       0
       0
       0
       0
       0
       0
       0
       0
       0
       0
       0
       0
       0
       0
       0
       0
       0
       0
       0
       0
       0
       0
       0
       0
       0
       0
       0
       0
       0
       0
       0
       0
       0
       0
       0
       0
       0
       0
       0
       0
       0
       1
       0
       0
       0
       0
       0
       0
       0
       0
       0
       0
       0
       0
       0
       0
       0
       0
       1
       0
       0
       0
       0
       0
       0
       0
       0
       0
       0
       0
       0
       0
       0
       0
       0
       0
       0
       0
       0
       0
       0
       0
       0
       1
       0
       0
       0
       0
       0
       0
       0
       1
       0
       0
       0
       0
       0
       0
       0
       0
       0
       0
       0
       0
       0
       0
       0
       0
       0
       0
       0
       1
       0
       0
       0
       0
       0
       0
       0
       0
       1
       0
       0
       0
       0
       0
       0
       0
       0
       0
       0
       0
       0
       0
       0
       0
       0
       0
       0
       0
       0
       0
       0
       0
       0
       0
       0
       0
       0
       0
       0
       0
       0
       0
       0
       0
       0
       0
       0
       0
       0
       0
       0
       0
       0
       0
       0
       0
       0
       0
$ROI:
0
$PRESETS:
Live Time
120
0
$ENER_FIT:
0.000000 0.002526
$MCA_CAL:
3
0.000000E+000 2.525835E-003 0.000000E+000 keV
$SHAPE_CAL:
3
0.000000E+000 0.000000E+000 0.000000E+000
