SPEC_ID:	'No sample description was entered.'
SPEC_REM:	'DET# 1'
DATE_MEA:	'09/19/2017 11:19:12'
MEAS_TIM:	'120 120'
DATA:	'0 2047'
ROI:	'0'
PRESETS:	'Live Time'
ENER_FIT:	'0.000000 0.002526'
MCA_CAL:	'3'
SHAPE_CAL:	'3'

Channel	Counts
0	0
1	0
2	0
3	0
4	0
5	0
6	0
7	0
8	0
9	0
10	0
11	0
12	0
13	0
14	0
15	0
16	0
17	0
18	0
19	0
20	0
21	0
22	0
23	0
24	0
25	0
26	0
27	0
28	0
29	0
30	0
31	0
32	0
33	0
34	0
35	0
36	0
37	0
38	0
39	0
40	0
41	0
42	0
43	0
44	0
45	0
46	0
47	0
48	0
49	0
50	0
51	0
52	0
53	0
54	0
55	0
56	0
57	0
58	0
59	0
60	0
61	0
62	0
63	0
64	0
65	0
66	0
67	0
68	0
69	0
70	0
71	0
72	0
73	0
74	0
75	0
76	0
77	0
78	0
79	0
80	0
81	0
82	0
83	0
84	0
85	0
86	0
87	0
88	0
89	0
90	0
91	0
92	0
93	0
94	0
95	0
96	0
97	0
98	0
99	0
100	0
101	0
102	0
103	0
104	0
105	0
106	0
107	0
108	0
109	0
110	0
111	0
112	0
113	0
114	0
115	0
116	0
117	0
118	0
119	0
120	0
121	0
122	0
123	0
124	0
125	0
126	0
127	0
128	0
129	0
130	0
131	0
132	0
133	0
134	0
135	0
136	0
137	0
138	0
139	0
140	0
141	0
142	0
143	0
144	0
145	0
146	0
147	0
148	0
149	0
150	0
151	0
152	0
153	0
154	0
155	0
156	0
157	0
158	0
159	0
160	0
161	0
162	0
163	0
164	0
165	0
166	0
167	0
168	0
169	0
170	0
171	0
172	0
173	0
174	0
175	0
176	0
177	0
178	0
179	0
180	0
181	0
182	0
183	0
184	0
185	0
186	0
187	0
188	0
189	0
190	0
191	0
192	0
193	0
194	0
195	0
196	0
197	0
198	1
199	1
200	1
201	1
202	2
203	2
204	1
205	1
206	2
207	0
208	2
209	1
210	0
211	0
212	1
213	1
214	0
215	1
216	0
217	2
218	1
219	1
220	1
221	2
222	3
223	2
224	3
225	5
226	1
227	3
228	3
229	0
230	1
231	1
232	2
233	2
234	0
235	0
236	0
237	1
238	1
239	0
240	0
241	0
242	2
243	2
244	3
245	1
246	0
247	1
248	1
249	2
250	1
251	1
252	1
253	5
254	0
255	1
256	1
257	4
258	2
259	1
260	3
261	0
262	2
263	0
264	4
265	0
266	0
267	0
268	0
269	0
270	1
271	1
272	1
273	0
274	2
275	1
276	0
277	1
278	1
279	0
280	0
281	1
282	1
283	2
284	1
285	1
286	1
287	2
288	1
289	1
290	2
291	0
292	3
293	0
294	0
295	0
296	1
297	1
298	5
299	1
300	0
301	0
302	2
303	2
304	3
305	1
306	1
307	0
308	4
309	1
310	2
311	3
312	2
313	1
314	0
315	1
316	3
317	2
318	2
319	0
320	2
321	1
322	2
323	2
324	0
325	1
326	0
327	1
328	3
329	1
330	0
331	0
332	2
333	3
334	1
335	2
336	0
337	0
338	1
339	1
340	3
341	2
342	1
343	5
344	0
345	4
346	2
347	2
348	3
349	2
350	1
351	1
352	0
353	0
354	5
355	4
356	3
357	1
358	1
359	1
360	1
361	1
362	2
363	0
364	2
365	0
366	1
367	2
368	0
369	1
370	0
371	0
372	0
373	1
374	1
375	1
376	3
377	0
378	0
379	0
380	4
381	0
382	2
383	1
384	1
385	2
386	2
387	3
388	1
389	3
390	2
391	0
392	0
393	0
394	2
395	2
396	1
397	1
398	3
399	1
400	3
401	1
402	0
403	1
404	3
405	1
406	3
407	1
408	2
409	1
410	1
411	1
412	3
413	1
414	2
415	1
416	3
417	3
418	2
419	2
420	3
421	0
422	0
423	0
424	1
425	3
426	1
427	2
428	1
429	1
430	1
431	1
432	1
433	2
434	2
435	2
436	0
437	2
438	2
439	3
440	4
441	4
442	4
443	0
444	2
445	1
446	0
447	1
448	1
449	1
450	2
451	1
452	1
453	0
454	1
455	2
456	2
457	3
458	2
459	0
460	0
461	0
462	5
463	0
464	1
465	1
466	2
467	1
468	1
469	0
470	2
471	1
472	3
473	4
474	1
475	2
476	0
477	4
478	1
479	1
480	3
481	0
482	0
483	1
484	1
485	2
486	4
487	0
488	2
489	0
490	0
491	2
492	1
493	2
494	1
495	3
496	0
497	2
498	3
499	1
500	1
501	1
502	0
503	3
504	5
505	3
506	1
507	0
508	1
509	3
510	2
511	2
512	3
513	1
514	2
515	2
516	3
517	0
518	1
519	3
520	2
521	0
522	3
523	2
524	1
525	2
526	1
527	3
528	1
529	2
530	1
531	1
532	1
533	0
534	0
535	2
536	0
537	3
538	0
539	0
540	0
541	1
542	2
543	0
544	3
545	3
546	0
547	1
548	4
549	0
550	3
551	2
552	3
553	3
554	1
555	4
556	2
557	3
558	0
559	2
560	1
561	0
562	2
563	3
564	0
565	0
566	2
567	1
568	1
569	0
570	1
571	2
572	3
573	2
574	6
575	1
576	3
577	2
578	3
579	2
580	2
581	1
582	0
583	1
584	1
585	2
586	0
587	2
588	0
589	2
590	0
591	0
592	1
593	1
594	2
595	4
596	0
597	1
598	4
599	1
600	1
601	3
602	1
603	2
604	3
605	2
606	2
607	2
608	4
609	2
610	0
611	0
612	2
613	2
614	2
615	1
616	4
617	2
618	2
619	2
620	0
621	0
622	3
623	3
624	4
625	3
626	0
627	1
628	1
629	3
630	1
631	2
632	2
633	2
634	1
635	2
636	3
637	1
638	1
639	4
640	1
641	3
642	1
643	3
644	3
645	1
646	3
647	1
648	0
649	3
650	2
651	0
652	3
653	6
654	2
655	3
656	0
657	2
658	5
659	5
660	2
661	3
662	2
663	4
664	5
665	2
666	4
667	3
668	2
669	4
670	1
671	4
672	1
673	3
674	2
675	0
676	3
677	4
678	7
679	3
680	2
681	3
682	1
683	3
684	6
685	2
686	4
687	3
688	1
689	4
690	3
691	1
692	2
693	1
694	0
695	5
696	5
697	2
698	1
699	4
700	8
701	2
702	7
703	2
704	3
705	5
706	2
707	1
708	2
709	2
710	2
711	2
712	2
713	5
714	3
715	2
716	3
717	1
718	4
719	1
720	3
721	5
722	0
723	4
724	1
725	4
726	4
727	5
728	1
729	3
730	1
731	3
732	2
733	4
734	4
735	5
736	2
737	3
738	5
739	2
740	1
741	2
742	6
743	2
744	4
745	3
746	2
747	6
748	1
749	3
750	3
751	2
752	2
753	4
754	4
755	3
756	2
757	3
758	3
759	2
760	4
761	6
762	4
763	6
764	6
765	4
766	3
767	4
768	1
769	3
770	1
771	5
772	1
773	4
774	7
775	3
776	3
777	0
778	1
779	7
780	6
781	2
782	2
783	4
784	5
785	8
786	2
787	2
788	4
789	2
790	2
791	3
792	2
793	3
794	2
795	1
796	3
797	3
798	4
799	1
800	4
801	2
802	8
803	6
804	5
805	1
806	2
807	1
808	3
809	5
810	0
811	5
812	3
813	5
814	4
815	5
816	3
817	2
818	4
819	2
820	0
821	3
822	6
823	6
824	5
825	4
826	2
827	2
828	3
829	4
830	3
831	3
832	3
833	4
834	4
835	6
836	5
837	2
838	3
839	6
840	5
841	5
842	5
843	2
844	8
845	4
846	4
847	2
848	5
849	6
850	5
851	6
852	8
853	3
854	3
855	3
856	6
857	6
858	4
859	5
860	7
861	8
862	9
863	4
864	9
865	6
866	6
867	5
868	5
869	5
870	6
871	6
872	9
873	8
874	7
875	8
876	8
877	5
878	9
879	8
880	9
881	7
882	10
883	5
884	8
885	7
886	8
887	11
888	6
889	16
890	13
891	9
892	6
893	7
894	11
895	10
896	9
897	15
898	17
899	10
900	20
901	16
902	12
903	17
904	9
905	19
906	16
907	8
908	15
909	12
910	14
911	15
912	26
913	22
914	18
915	13
916	20
917	24
918	27
919	28
920	19
921	26
922	32
923	26
924	29
925	27
926	22
927	27
928	27
929	28
930	27
931	39
932	26
933	28
934	30
935	33
936	39
937	38
938	35
939	34
940	26
941	37
942	45
943	54
944	44
945	53
946	53
947	44
948	38
949	62
950	56
951	55
952	53
953	53
954	61
955	73
956	69
957	64
958	67
959	81
960	68
961	80
962	69
963	70
964	89
965	84
966	84
967	78
968	90
969	80
970	74
971	93
972	78
973	92
974	91
975	113
976	99
977	108
978	104
979	96
980	108
981	105
982	117
983	105
984	103
985	132
986	130
987	107
988	128
989	137
990	133
991	117
992	139
993	150
994	122
995	138
996	139
997	151
998	153
999	163
1000	174
1001	167
1002	151
1003	144
1004	184
1005	163
1006	175
1007	178
1008	180
1009	176
1010	182
1011	183
1012	178
1013	178
1014	186
1015	185
1016	194
1017	176
1018	186
1019	212
1020	198
1021	205
1022	197
1023	199
1024	198
1025	213
1026	199
1027	244
1028	199
1029	235
1030	216
1031	231
1032	225
1033	230
1034	231
1035	242
1036	232
1037	225
1038	230
1039	256
1040	232
1041	240
1042	236
1043	223
1044	258
1045	250
1046	274
1047	249
1048	237
1049	271
1050	239
1051	246
1052	249
1053	262
1054	277
1055	262
1056	271
1057	257
1058	256
1059	261
1060	256
1061	259
1062	266
1063	235
1064	224
1065	226
1066	215
1067	249
1068	224
1069	249
1070	250
1071	265
1072	226
1073	245
1074	227
1075	240
1076	240
1077	218
1078	213
1079	226
1080	235
1081	237
1082	252
1083	234
1084	214
1085	216
1086	205
1087	215
1088	226
1089	224
1090	213
1091	168
1092	176
1093	210
1094	191
1095	190
1096	201
1097	160
1098	184
1099	177
1100	162
1101	194
1102	183
1103	169
1104	198
1105	164
1106	159
1107	166
1108	124
1109	172
1110	131
1111	135
1112	123
1113	129
1114	129
1115	139
1116	113
1117	124
1118	116
1119	130
1120	113
1121	116
1122	109
1123	114
1124	126
1125	98
1126	104
1127	106
1128	98
1129	92
1130	87
1131	93
1132	92
1133	90
1134	82
1135	90
1136	81
1137	69
1138	63
1139	77
1140	79
1141	67
1142	86
1143	67
1144	67
1145	52
1146	67
1147	47
1148	60
1149	48
1150	45
1151	63
1152	52
1153	44
1154	38
1155	58
1156	43
1157	49
1158	54
1159	42
1160	41
1161	41
1162	48
1163	29
1164	33
1165	34
1166	37
1167	26
1168	48
1169	35
1170	25
1171	28
1172	26
1173	28
1174	21
1175	20
1176	21
1177	13
1178	21
1179	18
1180	22
1181	21
1182	10
1183	12
1184	11
1185	16
1186	15
1187	13
1188	15
1189	15
1190	8
1191	12
1192	10
1193	12
1194	9
1195	8
1196	11
1197	4
1198	11
1199	8
1200	7
1201	5
1202	7
1203	9
1204	6
1205	4
1206	2
1207	9
1208	6
1209	4
1210	3
1211	3
1212	5
1213	1
1214	6
1215	3
1216	7
1217	0
1218	4
1219	1
1220	4
1221	5
1222	3
1223	1
1224	2
1225	2
1226	3
1227	1
1228	1
1229	0
1230	2
1231	3
1232	2
1233	2
1234	2
1235	2
1236	2
1237	4
1238	1
1239	2
1240	0
1241	0
1242	5
1243	3
1244	1
1245	0
1246	1
1247	0
1248	2
1249	1
1250	0
1251	1
1252	1
1253	2
1254	1
1255	2
1256	0
1257	0
1258	1
1259	2
1260	1
1261	0
1262	1
1263	2
1264	0
1265	1
1266	0
1267	0
1268	1
1269	0
1270	1
1271	0
1272	0
1273	1
1274	0
1275	1
1276	0
1277	0
1278	1
1279	0
1280	0
1281	0
1282	1
1283	0
1284	0
1285	0
1286	0
1287	0
1288	0
1289	0
1290	0
1291	1
1292	0
1293	0
1294	0
1295	0
1296	0
1297	1
1298	0
1299	0
1300	0
1301	0
1302	1
1303	0
1304	0
1305	0
1306	0
1307	0
1308	0
1309	1
1310	1
1311	0
1312	0
1313	0
1314	0
1315	1
1316	0
1317	0
1318	0
1319	0
1320	0
1321	0
1322	1
1323	0
1324	0
1325	0
1326	0
1327	0
1328	0
1329	0
1330	0
1331	0
1332	0
1333	0
1334	0
1335	0
1336	0
1337	0
1338	0
1339	0
1340	0
1341	0
1342	0
1343	0
1344	0
1345	0
1346	0
1347	1
1348	0
1349	0
1350	0
1351	0
1352	0
1353	0
1354	0
1355	0
1356	0
1357	0
1358	0
1359	0
1360	0
1361	0
1362	0
1363	0
1364	0
1365	0
1366	0
1367	0
1368	0
1369	0
1370	0
1371	0
1372	0
1373	0
1374	0
1375	0
1376	0
1377	0
1378	0
1379	0
1380	0
1381	0
1382	0
1383	0
1384	0
1385	0
1386	0
1387	0
1388	0
1389	0
1390	0
1391	0
1392	0
1393	0
1394	0
1395	0
1396	0
1397	0
1398	0
1399	0
1400	0
1401	0
1402	0
1403	0
1404	0
1405	0
1406	0
1407	0
1408	0
1409	0
1410	0
1411	0
1412	0
1413	0
1414	0
1415	0
1416	0
1417	0
1418	0
1419	0
1420	0
1421	0
1422	1
1423	0
1424	0
1425	0
1426	0
1427	0
1428	0
1429	0
1430	0
1431	0
1432	0
1433	0
1434	0
1435	0
1436	0
1437	0
1438	0
1439	0
1440	0
1441	0
1442	0
1443	0
1444	0
1445	0
1446	0
1447	0
1448	0
1449	0
1450	0
1451	0
1452	0
1453	0
1454	0
1455	0
1456	0
1457	0
1458	0
1459	0
1460	0
1461	0
1462	0
1463	0
1464	0
1465	0
1466	0
1467	0
1468	0
1469	0
1470	0
1471	0
1472	0
1473	0
1474	0
1475	0
1476	0
1477	0
1478	0
1479	0
1480	0
1481	0
1482	0
1483	0
1484	0
1485	0
1486	0
1487	0
1488	0
1489	0
1490	0
1491	0
1492	0
1493	0
1494	0
1495	0
1496	0
1497	1
1498	0
1499	0
1500	0
1501	0
1502	0
1503	1
1504	0
1505	0
1506	0
1507	0
1508	0
1509	0
1510	0
1511	0
1512	0
1513	0
1514	0
1515	0
1516	0
1517	0
1518	0
1519	0
1520	0
1521	0
1522	0
1523	0
1524	0
1525	0
1526	0
1527	0
1528	0
1529	0
1530	0
1531	0
1532	0
1533	0
1534	0
1535	0
1536	0
1537	0
1538	0
1539	0
1540	0
1541	0
1542	0
1543	0
1544	0
1545	0
1546	0
1547	0
1548	0
1549	0
1550	0
1551	0
1552	0
1553	0
1554	0
1555	0
1556	0
1557	0
1558	0
1559	0
1560	0
1561	0
1562	0
1563	0
1564	0
1565	0
1566	0
1567	0
1568	0
1569	0
1570	0
1571	0
1572	0
1573	0
1574	0
1575	0
1576	0
1577	0
1578	0
1579	0
1580	0
1581	0
1582	0
1583	0
1584	0
1585	0
1586	2
1587	0
1588	0
1589	0
1590	0
1591	0
1592	0
1593	1
1594	0
1595	0
1596	0
1597	0
1598	0
1599	0
1600	0
1601	0
1602	0
1603	0
1604	0
1605	0
1606	0
1607	0
1608	0
1609	0
1610	0
1611	0
1612	0
1613	0
1614	0
1615	0
1616	0
1617	0
1618	0
1619	0
1620	0
1621	0
1622	0
1623	0
1624	0
1625	0
1626	0
1627	0
1628	0
1629	0
1630	0
1631	0
1632	0
1633	0
1634	0
1635	0
1636	0
1637	0
1638	0
1639	0
1640	0
1641	0
1642	0
1643	0
1644	0
1645	0
1646	0
1647	0
1648	0
1649	0
1650	0
1651	0
1652	0
1653	0
1654	0
1655	0
1656	0
1657	0
1658	0
1659	0
1660	0
1661	0
1662	0
1663	0
1664	0
1665	0
1666	0
1667	0
1668	0
1669	0
1670	0
1671	0
1672	0
1673	0
1674	0
1675	0
1676	0
1677	0
1678	0
1679	0
1680	0
1681	1
1682	0
1683	0
1684	0
1685	0
1686	0
1687	0
1688	0
1689	0
1690	0
1691	0
1692	0
1693	0
1694	0
1695	0
1696	0
1697	0
1698	0
1699	0
1700	0
1701	0
1702	0
1703	0
1704	0
1705	0
1706	0
1707	0
1708	0
1709	0
1710	0
1711	0
1712	0
1713	0
1714	1
1715	0
1716	0
1717	0
1718	0
1719	0
1720	0
1721	0
1722	0
1723	0
1724	0
1725	0
1726	0
1727	0
1728	0
1729	0
1730	0
1731	0
1732	0
1733	0
1734	0
1735	0
1736	0
1737	0
1738	0
1739	0
1740	0
1741	0
1742	0
1743	0
1744	0
1745	0
1746	0
1747	0
1748	0
1749	0
1750	0
1751	0
1752	0
1753	0
1754	0
1755	0
1756	0
1757	0
1758	0
1759	0
1760	0
1761	0
1762	0
1763	0
1764	0
1765	0
1766	0
1767	0
1768	0
1769	0
1770	0
1771	0
1772	0
1773	0
1774	0
1775	0
1776	0
1777	0
1778	0
1779	0
1780	0
1781	0
1782	0
1783	0
1784	0
1785	0
1786	0
1787	0
1788	0
1789	0
1790	0
1791	0
1792	0
1793	0
1794	0
1795	0
1796	0
1797	0
1798	0
1799	0
1800	0
1801	0
1802	0
1803	0
1804	0
1805	0
1806	0
1807	0
1808	0
1809	0
1810	0
1811	0
1812	0
1813	0
1814	0
1815	0
1816	0
1817	0
1818	0
1819	0
1820	0
1821	0
1822	0
1823	0
1824	0
1825	0
1826	0
1827	0
1828	0
1829	0
1830	0
1831	0
1832	0
1833	0
1834	0
1835	0
1836	1
1837	0
1838	0
1839	0
1840	0
1841	0
1842	0
1843	0
1844	0
1845	0
1846	0
1847	0
1848	0
1849	0
1850	1
1851	0
1852	0
1853	0
1854	0
1855	0
1856	0
1857	0
1858	0
1859	0
1860	0
1861	0
1862	0
1863	0
1864	0
1865	0
1866	0
1867	0
1868	1
1869	0
1870	0
1871	0
1872	0
1873	0
1874	0
1875	0
1876	0
1877	0
1878	0
1879	0
1880	0
1881	0
1882	0
1883	0
1884	0
1885	1
1886	0
1887	0
1888	0
1889	0
1890	0
1891	0
1892	0
1893	0
1894	0
1895	0
1896	0
1897	0
1898	0
1899	0
1900	0
1901	0
1902	0
1903	0
1904	0
1905	0
1906	0
1907	0
1908	0
1909	0
1910	0
1911	0
1912	0
1913	0
1914	0
1915	0
1916	0
1917	0
1918	0
1919	0
1920	0
1921	0
1922	1
1923	0
1924	0
1925	0
1926	0
1927	0
1928	0
1929	0
1930	0
1931	0
1932	0
1933	0
1934	0
1935	0
1936	0
1937	0
1938	0
1939	0
1940	0
1941	0
1942	0
1943	0
1944	0
1945	0
1946	0
1947	0
1948	0
1949	0
1950	0
1951	0
1952	0
1953	0
1954	0
1955	0
1956	1
1957	0
1958	0
1959	0
1960	0
1961	0
1962	1
1963	0
1964	0
1965	0
1966	0
1967	0
1968	0
1969	0
1970	0
1971	0
1972	0
1973	0
1974	0
1975	0
1976	0
1977	0
1978	0
1979	0
1980	0
1981	1
1982	1
1983	0
1984	0
1985	0
1986	0
1987	0
1988	0
1989	0
1990	0
1991	0
1992	0
1993	0
1994	0
1995	0
1996	0
1997	1
1998	0
1999	0
2000	0
2001	0
2002	1
2003	0
2004	0
2005	0
2006	0
2007	0
2008	0
2009	0
2010	0
2011	0
2012	0
2013	0
2014	0
2015	0
2016	0
2017	0
2018	0
2019	0
2020	0
2021	0
2022	0
2023	0
2024	0
2025	0
2026	0
2027	0
2028	0
2029	0
2030	0
2031	0
2032	0
2033	0
2034	0
2035	0
2036	0
2037	0
2038	0
2039	0
2040	0
2041	0
2042	0
2043	0
2044	0
2045	0
2046	0
2047	0
