SPEC_ID:	'No sample description was entered.'
SPEC_REM:	'DET# 1'
DATE_MEA:	'09/19/2017 11:35:15'
MEAS_TIM:	'120 120'
DATA:	'0 2047'
ROI:	'0'
PRESETS:	'Live Time'
ENER_FIT:	'0.000000 0.002526'
MCA_CAL:	'3'
SHAPE_CAL:	'3'

Channel	Counts
0	0
1	0
2	0
3	0
4	0
5	0
6	0
7	0
8	0
9	0
10	0
11	0
12	0
13	0
14	0
15	0
16	0
17	0
18	0
19	0
20	0
21	0
22	0
23	0
24	0
25	0
26	0
27	0
28	0
29	0
30	0
31	0
32	0
33	0
34	0
35	0
36	0
37	0
38	0
39	0
40	0
41	0
42	0
43	0
44	0
45	0
46	0
47	0
48	0
49	0
50	0
51	0
52	0
53	0
54	0
55	0
56	0
57	0
58	0
59	0
60	0
61	0
62	0
63	0
64	0
65	0
66	0
67	0
68	0
69	0
70	0
71	0
72	0
73	0
74	0
75	0
76	0
77	0
78	0
79	0
80	0
81	0
82	0
83	0
84	0
85	0
86	0
87	0
88	0
89	0
90	0
91	0
92	0
93	0
94	0
95	0
96	0
97	0
98	0
99	0
100	0
101	0
102	0
103	0
104	0
105	0
106	0
107	0
108	0
109	0
110	0
111	0
112	0
113	0
114	0
115	0
116	0
117	0
118	0
119	0
120	0
121	0
122	0
123	0
124	0
125	0
126	0
127	0
128	0
129	0
130	0
131	0
132	0
133	0
134	0
135	0
136	0
137	0
138	0
139	0
140	0
141	0
142	0
143	0
144	0
145	0
146	0
147	0
148	0
149	0
150	0
151	0
152	0
153	0
154	0
155	0
156	0
157	0
158	0
159	0
160	0
161	0
162	0
163	0
164	0
165	0
166	0
167	0
168	0
169	0
170	0
171	0
172	0
173	0
174	0
175	0
176	0
177	0
178	0
179	0
180	0
181	0
182	0
183	0
184	0
185	0
186	0
187	0
188	0
189	0
190	0
191	0
192	0
193	0
194	0
195	0
196	0
197	0
198	0
199	2
200	1
201	2
202	1
203	2
204	2
205	1
206	0
207	3
208	1
209	3
210	0
211	1
212	3
213	1
214	4
215	5
216	2
217	0
218	2
219	1
220	3
221	4
222	1
223	1
224	2
225	1
226	0
227	0
228	0
229	1
230	1
231	2
232	1
233	1
234	0
235	1
236	0
237	2
238	3
239	0
240	1
241	4
242	2
243	4
244	4
245	1
246	1
247	0
248	1
249	2
250	1
251	0
252	1
253	0
254	1
255	3
256	0
257	1
258	0
259	2
260	1
261	1
262	0
263	0
264	1
265	3
266	3
267	0
268	5
269	0
270	1
271	0
272	0
273	1
274	2
275	1
276	1
277	1
278	4
279	3
280	0
281	2
282	0
283	4
284	1
285	2
286	0
287	2
288	1
289	2
290	1
291	1
292	3
293	1
294	1
295	1
296	1
297	4
298	2
299	2
300	1
301	1
302	1
303	1
304	2
305	3
306	1
307	1
308	0
309	2
310	2
311	0
312	0
313	1
314	2
315	4
316	4
317	1
318	1
319	2
320	3
321	2
322	3
323	1
324	2
325	0
326	1
327	0
328	0
329	2
330	2
331	2
332	1
333	3
334	1
335	0
336	1
337	1
338	1
339	0
340	1
341	0
342	2
343	1
344	0
345	3
346	4
347	3
348	1
349	3
350	2
351	0
352	1
353	1
354	1
355	0
356	4
357	0
358	1
359	2
360	1
361	0
362	0
363	2
364	2
365	0
366	1
367	2
368	1
369	2
370	3
371	2
372	1
373	0
374	0
375	0
376	2
377	1
378	1
379	1
380	3
381	1
382	0
383	2
384	0
385	3
386	3
387	3
388	0
389	0
390	4
391	0
392	2
393	2
394	1
395	1
396	2
397	0
398	0
399	0
400	1
401	2
402	1
403	3
404	2
405	2
406	1
407	0
408	1
409	1
410	0
411	4
412	2
413	4
414	2
415	1
416	0
417	4
418	1
419	0
420	2
421	0
422	1
423	0
424	1
425	0
426	3
427	0
428	2
429	1
430	1
431	1
432	0
433	1
434	1
435	1
436	3
437	0
438	3
439	3
440	1
441	0
442	0
443	1
444	1
445	4
446	0
447	2
448	4
449	2
450	2
451	1
452	0
453	0
454	0
455	2
456	1
457	6
458	1
459	3
460	2
461	0
462	2
463	3
464	1
465	1
466	0
467	4
468	1
469	0
470	1
471	0
472	4
473	4
474	2
475	1
476	2
477	2
478	0
479	0
480	5
481	0
482	1
483	0
484	5
485	1
486	1
487	1
488	3
489	1
490	2
491	2
492	0
493	1
494	1
495	1
496	1
497	0
498	2
499	1
500	1
501	0
502	3
503	3
504	0
505	0
506	0
507	1
508	2
509	0
510	0
511	4
512	0
513	1
514	1
515	2
516	0
517	3
518	0
519	0
520	1
521	5
522	0
523	4
524	3
525	2
526	0
527	2
528	2
529	2
530	2
531	3
532	1
533	1
534	2
535	2
536	0
537	0
538	5
539	5
540	0
541	0
542	2
543	2
544	2
545	2
546	2
547	2
548	2
549	0
550	2
551	1
552	1
553	4
554	0
555	0
556	2
557	3
558	0
559	0
560	2
561	1
562	4
563	4
564	1
565	2
566	2
567	2
568	1
569	3
570	2
571	2
572	1
573	3
574	0
575	0
576	1
577	2
578	2
579	0
580	2
581	3
582	2
583	2
584	1
585	0
586	2
587	1
588	3
589	0
590	1
591	2
592	0
593	0
594	1
595	1
596	1
597	2
598	1
599	3
600	1
601	2
602	3
603	1
604	4
605	3
606	3
607	1
608	0
609	4
610	1
611	2
612	3
613	0
614	3
615	0
616	1
617	4
618	1
619	2
620	1
621	2
622	1
623	2
624	1
625	0
626	2
627	2
628	3
629	2
630	1
631	2
632	1
633	2
634	4
635	2
636	1
637	4
638	4
639	1
640	5
641	2
642	2
643	1
644	1
645	1
646	1
647	0
648	2
649	3
650	1
651	3
652	1
653	2
654	2
655	4
656	0
657	2
658	3
659	3
660	3
661	3
662	4
663	1
664	5
665	3
666	3
667	6
668	3
669	1
670	1
671	1
672	4
673	3
674	4
675	2
676	3
677	3
678	2
679	1
680	3
681	3
682	2
683	7
684	8
685	2
686	4
687	0
688	2
689	0
690	1
691	4
692	2
693	3
694	1
695	4
696	2
697	6
698	3
699	4
700	2
701	4
702	2
703	0
704	2
705	1
706	4
707	3
708	3
709	10
710	3
711	1
712	2
713	3
714	3
715	1
716	2
717	6
718	1
719	4
720	1
721	0
722	2
723	2
724	4
725	2
726	4
727	6
728	3
729	5
730	1
731	2
732	4
733	1
734	4
735	3
736	4
737	2
738	3
739	4
740	2
741	4
742	4
743	2
744	4
745	3
746	4
747	1
748	1
749	3
750	0
751	2
752	1
753	6
754	3
755	6
756	3
757	6
758	4
759	3
760	2
761	3
762	2
763	5
764	3
765	5
766	1
767	5
768	5
769	2
770	2
771	2
772	3
773	3
774	2
775	2
776	6
777	4
778	1
779	0
780	4
781	5
782	3
783	4
784	4
785	2
786	2
787	2
788	1
789	2
790	4
791	11
792	5
793	2
794	5
795	5
796	3
797	2
798	2
799	4
800	10
801	5
802	4
803	2
804	7
805	4
806	3
807	3
808	2
809	6
810	0
811	3
812	2
813	2
814	8
815	8
816	4
817	7
818	8
819	1
820	3
821	4
822	4
823	6
824	3
825	3
826	7
827	5
828	1
829	4
830	7
831	6
832	8
833	11
834	5
835	5
836	5
837	2
838	1
839	10
840	2
841	4
842	4
843	5
844	3
845	11
846	3
847	2
848	5
849	6
850	4
851	8
852	5
853	5
854	6
855	6
856	1
857	7
858	4
859	3
860	5
861	8
862	12
863	10
864	8
865	8
866	11
867	4
868	8
869	13
870	8
871	7
872	14
873	5
874	3
875	12
876	12
877	12
878	8
879	5
880	7
881	8
882	5
883	8
884	10
885	9
886	11
887	15
888	5
889	11
890	12
891	12
892	12
893	7
894	13
895	9
896	12
897	9
898	16
899	14
900	17
901	18
902	10
903	12
904	16
905	13
906	10
907	11
908	23
909	13
910	14
911	23
912	20
913	19
914	25
915	21
916	20
917	24
918	22
919	29
920	30
921	30
922	22
923	28
924	27
925	34
926	26
927	39
928	26
929	25
930	32
931	22
932	37
933	40
934	34
935	37
936	40
937	39
938	34
939	47
940	42
941	31
942	49
943	45
944	43
945	56
946	63
947	56
948	58
949	41
950	52
951	57
952	68
953	58
954	57
955	69
956	64
957	62
958	61
959	68
960	77
961	73
962	80
963	79
964	94
965	76
966	72
967	96
968	74
969	85
970	81
971	97
972	92
973	100
974	82
975	102
976	107
977	96
978	91
979	110
980	103
981	97
982	104
983	98
984	123
985	125
986	122
987	116
988	144
989	147
990	136
991	149
992	152
993	134
994	146
995	153
996	131
997	127
998	154
999	144
1000	163
1001	176
1002	169
1003	180
1004	160
1005	187
1006	164
1007	188
1008	156
1009	181
1010	183
1011	183
1012	183
1013	199
1014	193
1015	174
1016	182
1017	219
1018	218
1019	213
1020	220
1021	213
1022	209
1023	213
1024	210
1025	221
1026	191
1027	232
1028	231
1029	194
1030	225
1031	226
1032	226
1033	239
1034	221
1035	227
1036	243
1037	238
1038	233
1039	242
1040	235
1041	229
1042	236
1043	233
1044	265
1045	236
1046	244
1047	250
1048	234
1049	249
1050	263
1051	219
1052	238
1053	246
1054	237
1055	266
1056	229
1057	214
1058	263
1059	231
1060	212
1061	214
1062	240
1063	248
1064	228
1065	238
1066	229
1067	242
1068	193
1069	221
1070	223
1071	228
1072	239
1073	238
1074	215
1075	199
1076	214
1077	239
1078	237
1079	214
1080	204
1081	208
1082	212
1083	213
1084	227
1085	206
1086	198
1087	184
1088	209
1089	188
1090	191
1091	187
1092	173
1093	158
1094	199
1095	205
1096	178
1097	173
1098	195
1099	183
1100	193
1101	161
1102	157
1103	169
1104	140
1105	163
1106	153
1107	171
1108	140
1109	161
1110	140
1111	145
1112	131
1113	130
1114	143
1115	125
1116	120
1117	139
1118	129
1119	129
1120	131
1121	105
1122	115
1123	114
1124	94
1125	91
1126	93
1127	111
1128	109
1129	96
1130	98
1131	77
1132	85
1133	93
1134	99
1135	82
1136	82
1137	100
1138	81
1139	60
1140	69
1141	73
1142	71
1143	70
1144	76
1145	56
1146	68
1147	61
1148	48
1149	63
1150	45
1151	55
1152	45
1153	54
1154	53
1155	50
1156	32
1157	47
1158	39
1159	37
1160	38
1161	35
1162	37
1163	50
1164	41
1165	34
1166	26
1167	30
1168	30
1169	21
1170	36
1171	32
1172	21
1173	36
1174	19
1175	33
1176	22
1177	23
1178	29
1179	19
1180	23
1181	27
1182	17
1183	11
1184	27
1185	14
1186	26
1187	15
1188	14
1189	14
1190	12
1191	8
1192	12
1193	6
1194	10
1195	10
1196	9
1197	14
1198	17
1199	11
1200	12
1201	6
1202	8
1203	8
1204	7
1205	6
1206	4
1207	4
1208	5
1209	8
1210	3
1211	8
1212	9
1213	4
1214	4
1215	6
1216	3
1217	9
1218	9
1219	2
1220	5
1221	1
1222	3
1223	3
1224	2
1225	4
1226	6
1227	0
1228	1
1229	2
1230	4
1231	2
1232	2
1233	2
1234	1
1235	2
1236	2
1237	1
1238	1
1239	0
1240	3
1241	1
1242	3
1243	1
1244	2
1245	2
1246	1
1247	1
1248	4
1249	2
1250	3
1251	2
1252	0
1253	0
1254	2
1255	1
1256	2
1257	0
1258	1
1259	0
1260	0
1261	2
1262	0
1263	2
1264	1
1265	0
1266	0
1267	1
1268	0
1269	1
1270	0
1271	0
1272	1
1273	0
1274	1
1275	1
1276	1
1277	1
1278	0
1279	0
1280	1
1281	0
1282	0
1283	1
1284	0
1285	2
1286	0
1287	1
1288	1
1289	0
1290	0
1291	1
1292	0
1293	0
1294	0
1295	1
1296	1
1297	1
1298	0
1299	0
1300	0
1301	0
1302	0
1303	0
1304	0
1305	0
1306	0
1307	0
1308	1
1309	1
1310	0
1311	0
1312	0
1313	0
1314	0
1315	0
1316	0
1317	0
1318	0
1319	0
1320	0
1321	0
1322	0
1323	0
1324	0
1325	1
1326	0
1327	1
1328	0
1329	0
1330	0
1331	0
1332	0
1333	0
1334	0
1335	0
1336	0
1337	0
1338	0
1339	0
1340	1
1341	0
1342	0
1343	0
1344	0
1345	1
1346	0
1347	0
1348	0
1349	0
1350	1
1351	0
1352	0
1353	0
1354	0
1355	0
1356	0
1357	0
1358	0
1359	0
1360	0
1361	0
1362	0
1363	0
1364	0
1365	0
1366	0
1367	0
1368	0
1369	0
1370	0
1371	0
1372	0
1373	0
1374	0
1375	0
1376	0
1377	0
1378	0
1379	0
1380	0
1381	0
1382	0
1383	0
1384	0
1385	0
1386	0
1387	0
1388	0
1389	0
1390	0
1391	0
1392	0
1393	0
1394	0
1395	0
1396	0
1397	0
1398	0
1399	0
1400	0
1401	0
1402	0
1403	0
1404	0
1405	0
1406	0
1407	0
1408	0
1409	0
1410	0
1411	0
1412	0
1413	0
1414	0
1415	0
1416	1
1417	0
1418	0
1419	1
1420	0
1421	0
1422	0
1423	0
1424	0
1425	0
1426	0
1427	0
1428	0
1429	0
1430	0
1431	0
1432	0
1433	0
1434	0
1435	0
1436	0
1437	0
1438	0
1439	0
1440	0
1441	0
1442	0
1443	0
1444	0
1445	0
1446	0
1447	0
1448	0
1449	0
1450	0
1451	0
1452	0
1453	0
1454	0
1455	0
1456	0
1457	0
1458	0
1459	1
1460	0
1461	0
1462	0
1463	0
1464	0
1465	0
1466	0
1467	0
1468	0
1469	0
1470	0
1471	0
1472	0
1473	0
1474	0
1475	0
1476	0
1477	0
1478	0
1479	0
1480	0
1481	0
1482	0
1483	0
1484	0
1485	0
1486	0
1487	0
1488	0
1489	0
1490	0
1491	0
1492	0
1493	0
1494	0
1495	0
1496	0
1497	0
1498	0
1499	0
1500	0
1501	0
1502	0
1503	0
1504	0
1505	0
1506	0
1507	0
1508	0
1509	0
1510	0
1511	0
1512	0
1513	0
1514	0
1515	0
1516	0
1517	0
1518	0
1519	0
1520	0
1521	0
1522	0
1523	0
1524	0
1525	0
1526	0
1527	0
1528	0
1529	0
1530	0
1531	0
1532	0
1533	0
1534	0
1535	0
1536	0
1537	0
1538	0
1539	0
1540	0
1541	0
1542	0
1543	0
1544	0
1545	0
1546	0
1547	0
1548	0
1549	0
1550	0
1551	0
1552	0
1553	0
1554	0
1555	0
1556	0
1557	0
1558	0
1559	0
1560	0
1561	0
1562	0
1563	0
1564	0
1565	0
1566	0
1567	0
1568	1
1569	0
1570	0
1571	0
1572	0
1573	0
1574	0
1575	0
1576	0
1577	0
1578	0
1579	0
1580	0
1581	0
1582	0
1583	0
1584	0
1585	0
1586	0
1587	0
1588	0
1589	0
1590	0
1591	0
1592	0
1593	0
1594	0
1595	0
1596	0
1597	0
1598	0
1599	0
1600	0
1601	0
1602	1
1603	0
1604	0
1605	0
1606	0
1607	0
1608	0
1609	0
1610	0
1611	0
1612	0
1613	0
1614	0
1615	0
1616	0
1617	0
1618	0
1619	0
1620	0
1621	0
1622	0
1623	0
1624	0
1625	0
1626	0
1627	0
1628	0
1629	0
1630	0
1631	0
1632	0
1633	0
1634	0
1635	0
1636	0
1637	0
1638	0
1639	0
1640	0
1641	0
1642	0
1643	0
1644	0
1645	0
1646	0
1647	0
1648	0
1649	0
1650	0
1651	0
1652	0
1653	0
1654	0
1655	0
1656	0
1657	0
1658	0
1659	0
1660	0
1661	0
1662	0
1663	0
1664	0
1665	0
1666	0
1667	0
1668	0
1669	0
1670	0
1671	0
1672	0
1673	0
1674	1
1675	0
1676	0
1677	0
1678	0
1679	1
1680	0
1681	0
1682	0
1683	0
1684	0
1685	0
1686	0
1687	0
1688	0
1689	0
1690	0
1691	0
1692	0
1693	0
1694	0
1695	0
1696	0
1697	0
1698	0
1699	1
1700	0
1701	0
1702	0
1703	0
1704	0
1705	0
1706	0
1707	0
1708	0
1709	0
1710	0
1711	0
1712	0
1713	0
1714	0
1715	0
1716	1
1717	0
1718	0
1719	0
1720	0
1721	0
1722	0
1723	0
1724	0
1725	0
1726	0
1727	0
1728	0
1729	0
1730	0
1731	0
1732	0
1733	0
1734	0
1735	0
1736	0
1737	1
1738	0
1739	0
1740	0
1741	0
1742	0
1743	0
1744	0
1745	0
1746	0
1747	0
1748	0
1749	0
1750	0
1751	0
1752	0
1753	0
1754	0
1755	0
1756	0
1757	0
1758	0
1759	0
1760	0
1761	0
1762	0
1763	0
1764	0
1765	0
1766	0
1767	0
1768	0
1769	0
1770	0
1771	0
1772	0
1773	0
1774	0
1775	0
1776	0
1777	0
1778	0
1779	0
1780	1
1781	0
1782	0
1783	0
1784	0
1785	0
1786	0
1787	0
1788	0
1789	0
1790	0
1791	0
1792	0
1793	1
1794	0
1795	0
1796	0
1797	0
1798	0
1799	0
1800	0
1801	0
1802	1
1803	0
1804	0
1805	0
1806	0
1807	0
1808	0
1809	0
1810	0
1811	0
1812	0
1813	0
1814	0
1815	0
1816	0
1817	0
1818	0
1819	0
1820	0
1821	0
1822	0
1823	0
1824	0
1825	0
1826	0
1827	0
1828	0
1829	0
1830	0
1831	0
1832	0
1833	0
1834	0
1835	0
1836	0
1837	0
1838	0
1839	0
1840	0
1841	0
1842	0
1843	0
1844	0
1845	0
1846	0
1847	0
1848	0
1849	0
1850	1
1851	0
1852	0
1853	0
1854	0
1855	0
1856	0
1857	0
1858	0
1859	0
1860	0
1861	0
1862	0
1863	0
1864	0
1865	0
1866	0
1867	0
1868	0
1869	0
1870	0
1871	1
1872	0
1873	0
1874	0
1875	0
1876	0
1877	0
1878	0
1879	0
1880	0
1881	0
1882	0
1883	0
1884	0
1885	0
1886	0
1887	0
1888	0
1889	1
1890	0
1891	0
1892	0
1893	0
1894	0
1895	0
1896	0
1897	0
1898	0
1899	0
1900	0
1901	0
1902	0
1903	0
1904	0
1905	0
1906	0
1907	0
1908	0
1909	0
1910	0
1911	0
1912	0
1913	0
1914	0
1915	0
1916	0
1917	0
1918	0
1919	0
1920	0
1921	0
1922	0
1923	1
1924	0
1925	0
1926	0
1927	0
1928	0
1929	0
1930	0
1931	0
1932	0
1933	0
1934	0
1935	0
1936	1
1937	0
1938	0
1939	0
1940	0
1941	0
1942	0
1943	0
1944	0
1945	0
1946	0
1947	0
1948	0
1949	0
1950	0
1951	0
1952	0
1953	0
1954	0
1955	0
1956	0
1957	0
1958	0
1959	1
1960	0
1961	0
1962	0
1963	0
1964	0
1965	0
1966	0
1967	0
1968	0
1969	0
1970	0
1971	0
1972	0
1973	0
1974	0
1975	0
1976	0
1977	0
1978	0
1979	0
1980	0
1981	0
1982	0
1983	0
1984	0
1985	0
1986	0
1987	0
1988	0
1989	0
1990	0
1991	0
1992	0
1993	0
1994	1
1995	0
1996	0
1997	0
1998	0
1999	0
2000	0
2001	0
2002	0
2003	0
2004	0
2005	1
2006	0
2007	1
2008	0
2009	1
2010	0
2011	0
2012	0
2013	0
2014	0
2015	0
2016	0
2017	0
2018	0
2019	0
2020	0
2021	0
2022	0
2023	0
2024	0
2025	0
2026	0
2027	0
2028	0
2029	0
2030	0
2031	0
2032	0
2033	0
2034	0
2035	0
2036	0
2037	0
2038	0
2039	0
2040	0
2041	0
2042	0
2043	0
2044	0
2045	0
2046	0
2047	0
