$SPEC_ID:
No sample description was entered.
$SPEC_REM:
DET# 1
DETDESC# 
AP# Maestro Version 6.08
$DATE_MEA:
09/19/2017 11:31:14
$MEAS_TIM:
120 120
$DATA:
0 2047
       0
       0
       0
       0
       0
       0
       0
       0
       0
       0
       0
       0
       0
       0
       0
       0
       0
       0
       0
       0
       0
       0
       0
       0
       0
       0
       0
       0
       0
       0
       0
       0
       0
       0
       0
       0
       0
       0
       0
       0
       0
       0
       0
       0
       0
       0
       0
       0
       0
       0
       0
       0
       0
       0
       0
       0
       0
       0
       0
       0
       0
       0
       0
       0
       0
       0
       0
       0
       0
       0
       0
       0
       0
       0
       0
       0
       0
       0
       0
       0
       0
       0
       0
       0
       0
       0
       0
       0
       0
       0
       0
       0
       0
       0
       0
       0
       0
       0
       0
       0
       0
       0
       0
       0
       0
       0
       0
       0
       0
       0
       0
       0
       0
       0
       0
       0
       0
       0
       0
       0
       0
       0
       0
       0
       0
       0
       0
       0
       0
       0
       0
       0
       0
       0
       0
       0
       0
       0
       0
       0
       0
       0
       0
       0
       0
       0
       0
       0
       0
       0
       0
       0
       0
       0
       0
       0
       0
       0
       0
       0
       0
       0
       0
       0
       0
       0
       0
       0
       0
       0
       0
       0
       0
       0
       0
       0
       0
       0
       0
       0
       0
       0
       0
       0
       0
       0
       0
       0
       0
       0
       0
       0
       0
       0
       0
       0
       0
       0
       4
       2
       1
       0
       1
       2
       2
       4
       4
       1
       3
       2
       1
       2
       3
       3
       1
       1
       2
       0
       1
       1
       5
       1
       1
       2
       1
       3
       1
       3
       1
       3
       2
       1
       5
       1
       2
       2
       2
       2
       5
       0
       4
       3
       4
       0
       1
       4
       3
       2
       5
       1
       3
       5
       1
       3
       1
       1
       2
       0
       1
       0
       2
       3
       2
       2
       1
       1
       3
       1
       1
       4
       2
       2
       4
       3
       3
       3
       2
       0
       1
       3
       1
       0
       2
       2
       3
       2
       1
       1
       1
       1
       0
       2
       3
       2
       1
       1
       1
       1
       2
       0
       0
       3
       2
       1
       2
       0
       2
       4
       1
       2
       0
       3
       0
       1
       1
       2
       4
       0
       2
       2
       3
       2
       2
       2
       0
       3
       3
       1
       2
       3
       0
       3
       0
       2
       0
       2
       5
       4
       1
       4
       0
       2
       0
       1
       3
       0
       0
       0
       2
       1
       1
       0
       1
       1
       1
       1
       3
       2
       3
       1
       4
       2
       2
       2
       0
       0
       2
       0
       1
       1
       1
       2
       1
       2
       2
       2
       2
       2
       2
       1
       2
       1
       4
       0
       4
       1
       0
       2
       1
       1
       2
       2
       3
       1
       1
       3
       1
       3
       0
       0
       0
       1
       2
       2
       4
       2
       3
       1
       1
       4
       1
       1
       0
       3
       1
       2
       0
       2
       0
       0
       2
       2
       4
       4
       0
       1
       2
       2
       2
       1
       0
       3
       1
       2
       0
       0
       1
       0
       3
       1
       2
       0
       4
       2
       0
       2
       2
       1
       3
       0
       5
       2
       0
       1
       1
       1
       1
       1
       2
       0
       2
       1
       0
       0
       2
       2
       4
       3
       2
       0
       1
       1
       1
       1
       2
       1
       2
       3
       0
       6
       1
       2
       1
       0
       1
       1
       1
       2
       0
       2
       2
       2
       0
       3
       0
       1
       1
       2
       3
       3
       3
       0
       1
       3
       4
       0
       4
       1
       0
       2
       0
       3
       1
       1
       1
       0
       4
       1
       0
       0
       0
       0
       1
       1
       3
       1
       0
       3
       0
       2
       0
       1
       0
       3
       2
       0
       2
       0
       3
       2
       2
       0
       1
       0
       2
       0
       1
       5
       2
       1
       2
       0
       1
       0
       1
       3
       1
       0
       1
       0
       0
       2
       3
       1
       1
       2
       2
       1
       1
       1
       2
       1
       1
       2
       0
       2
       3
       1
       0
       5
       2
       4
       2
       2
       1
       1
       1
       3
       2
       1
       2
       2
       2
       2
       0
       5
       2
       2
       0
       2
       0
       1
       1
       0
       1
       0
       4
       5
       3
       1
       0
       2
       2
       3
       0
       1
       3
       2
       3
       4
       3
       1
       1
       4
       1
       2
       1
       2
       3
       4
       2
       1
       2
       4
       5
       0
       2
       0
       4
       0
       2
       2
       4
       2
       2
       1
       2
       1
       1
       1
       3
       2
       2
       3
       1
       0
       2
       2
       4
       2
       3
       2
       3
       4
       5
       3
       2
       4
       6
       4
       1
       0
       2
       0
       0
       0
       2
       1
       2
       5
       4
       2
       4
       7
       5
       1
       3
       1
       4
       1
       1
       2
       3
       5
       0
       5
       3
       3
       3
       2
       4
       4
       2
       1
       2
       1
       4
       1
       2
       1
       3
       3
       1
       1
       2
       2
       3
       5
       5
       2
       3
       2
       2
       8
       5
       3
       7
       3
       2
       5
       5
       1
       1
       3
       0
       5
       3
       3
       5
       4
       5
       2
       3
       4
       3
       2
       5
       3
       1
       1
       6
       3
       2
       2
       2
       5
       5
       3
       4
       4
       7
       1
       1
       1
       2
       4
       3
       3
       4
       0
       1
       1
       1
       4
       5
       6
       2
       2
       4
       3
       4
       7
       3
       6
       1
       1
       2
       5
       3
       3
       2
       3
       4
       4
       2
       4
       4
       2
       5
       6
       4
       4
       5
       6
       4
       5
       4
       5
       2
       3
       2
       2
       3
       2
       2
       4
       4
       3
       4
       4
       4
       6
       4
       2
       6
       4
       5
       1
       3
       4
       6
       4
       2
       4
       6
       4
       3
       5
       6
       4
       6
       6
       2
       2
       3
       5
       5
       3
       3
       3
       8
       3
       6
       5
       7
       5
       8
       5
       8
       3
       6
       6
      10
      10
       4
       8
       5
       6
       8
       7
       9
       9
       8
       8
       4
       3
       8
       9
       8
       7
       6
       6
       8
       8
       8
       8
      11
      13
      14
      16
      11
      15
      14
      10
      17
      13
       9
      13
       9
       9
      13
      18
      11
      23
      16
      12
      18
      27
      20
      22
      24
      13
      17
      19
      18
      17
      20
      24
      23
      23
      28
      26
      22
      30
      27
      26
      29
      38
      32
      33
      31
      30
      36
      42
      36
      44
      29
      47
      46
      32
      37
      37
      32
      35
      50
      42
      44
      58
      52
      56
      60
      47
      55
      52
      58
      42
      61
      65
      66
      61
      68
      77
      78
      85
      90
      82
      85
      77
      79
      96
      95
     104
      94
     102
      97
     106
      95
     113
     107
     100
     115
     111
     111
     127
     138
     129
     129
     118
     122
     139
     126
     134
     136
     139
     135
     157
     134
     158
     151
     158
     171
     175
     173
     171
     165
     160
     172
     181
     200
     183
     175
     188
     168
     171
     187
     206
     197
     189
     194
     206
     199
     203
     179
     228
     205
     206
     222
     241
     230
     220
     242
     240
     229
     221
     246
     226
     245
     247
     241
     223
     241
     245
     244
     236
     263
     222
     239
     262
     263
     242
     257
     249
     262
     242
     268
     232
     222
     254
     240
     247
     239
     256
     200
     230
     260
     253
     268
     247
     216
     247
     229
     218
     232
     222
     220
     224
     228
     209
     230
     236
     217
     197
     208
     217
     189
     201
     206
     190
     187
     171
     183
     186
     191
     194
     192
     197
     191
     187
     172
     181
     186
     179
     141
     170
     155
     195
     149
     128
     171
     145
     146
     153
     154
     154
     126
     123
     142
     128
     111
     120
     105
     118
     124
     111
     105
      95
     132
     118
      95
      89
     102
      94
      80
      76
      94
      75
      81
     101
      86
      73
      83
      73
      62
      78
      58
      72
      62
      48
      59
      44
      63
      64
      59
      49
      60
      45
      56
      54
      47
      47
      33
      28
      50
      37
      46
      20
      35
      34
      39
      29
      37
      28
      29
      19
      29
      18
      26
      30
      13
      25
      23
      28
      12
      11
      14
      12
      21
      15
      12
      21
      13
       9
      15
      13
       6
      13
      11
      12
      14
      10
       4
       7
       2
       5
       3
       6
       5
       5
       4
       6
       7
       4
       1
       5
       3
       6
       9
       5
       4
       1
       3
       2
       1
       4
       1
       2
       1
       3
       2
       1
       2
       3
       5
       1
       4
       0
       1
       5
       1
       0
       0
       1
       0
       1
       1
       4
       0
       0
       0
       2
       2
       2
       1
       1
       0
       0
       0
       1
       0
       0
       0
       0
       1
       0
       0
       1
       1
       1
       1
       1
       1
       1
       0
       0
       2
       0
       0
       0
       0
       0
       1
       0
       1
       2
       0
       0
       0
       0
       0
       0
       0
       0
       0
       0
       0
       0
       0
       0
       0
       0
       0
       0
       0
       0
       0
       0
       1
       0
       1
       0
       0
       0
       0
       0
       0
       0
       0
       1
       0
       0
       0
       0
       0
       0
       1
       0
       0
       0
       0
       0
       0
       0
       0
       0
       0
       0
       0
       0
       0
       0
       0
       0
       0
       0
       0
       1
       0
       0
       0
       0
       0
       0
       0
       0
       0
       0
       0
       0
       0
       0
       0
       0
       0
       0
       0
       0
       0
       0
       0
       0
       0
       0
       0
       0
       0
       0
       0
       0
       0
       0
       0
       1
       0
       0
       0
       0
       0
       0
       0
       0
       0
       0
       0
       0
       0
       1
       0
       0
       0
       0
       1
       0
       0
       0
       0
       0
       0
       0
       0
       0
       0
       0
       0
       0
       0
       0
       0
       0
       0
       0
       0
       0
       0
       0
       0
       0
       0
       0
       0
       0
       0
       0
       0
       0
       0
       0
       0
       0
       0
       0
       0
       0
       0
       0
       0
       0
       0
       0
       0
       0
       0
       0
       0
       0
       0
       0
       0
       0
       0
       0
       0
       0
       0
       0
       0
       0
       0
       0
       0
       0
       0
       0
       0
       0
       0
       0
       0
       0
       0
       0
       0
       0
       0
       0
       0
       0
       0
       0
       0
       0
       0
       0
       0
       0
       0
       0
       0
       0
       0
       0
       0
       0
       0
       0
       0
       0
       0
       0
       0
       0
       0
       0
       0
       0
       0
       0
       0
       0
       0
       0
       0
       1
       0
       0
       0
       0
       0
       0
       0
       0
       0
       0
       0
       0
       0
       0
       0
       0
       0
       0
       0
       0
       0
       0
       0
       0
       0
       0
       0
       0
       0
       0
       0
       0
       0
       0
       0
       0
       0
       0
       0
       0
       0
       0
       0
       0
       0
       0
       0
       0
       0
       0
       0
       0
       0
       0
       0
       0
       0
       0
       0
       0
       0
       0
       0
       0
       0
       0
       0
       0
       0
       0
       0
       0
       0
       0
       0
       0
       0
       0
       0
       0
       0
       0
       0
       0
       0
       0
       0
       0
       0
       0
       0
       0
       0
       0
       0
       0
       0
       0
       0
       0
       0
       0
       0
       0
       0
       0
       0
       0
       0
       0
       0
       0
       0
       0
       0
       0
       0
       0
       1
       0
       0
       0
       0
       0
       0
       0
       0
       0
       0
       0
       0
       0
       0
       0
       0
       0
       0
       0
       0
       0
       0
       0
       0
       0
       0
       0
       0
       0
       0
       0
       0
       0
       0
       0
       0
       0
       0
       0
       0
       0
       0
       0
       0
       0
       0
       0
       0
       0
       0
       0
       0
       0
       0
       0
       0
       0
       0
       0
       0
       0
       1
       0
       0
       0
       0
       0
       0
       0
       0
       0
       0
       0
       0
       0
       0
       0
       0
       0
       0
       0
       0
       0
       0
       0
       1
       0
       0
       0
       0
       0
       0
       0
       0
       0
       0
       0
       0
       0
       0
       0
       0
       0
       0
       0
       0
       0
       0
       0
       0
       0
       0
       0
       0
       1
       0
       0
       0
       0
       0
       0
       0
       0
       0
       0
       0
       0
       0
       0
       0
       0
       0
       0
       0
       0
       0
       0
       0
       1
       0
       0
       0
       0
       0
       0
       0
       0
       0
       0
       0
       0
       0
       0
       0
       0
       0
       0
       0
       0
       0
       0
       0
       0
       0
       0
       0
       0
       0
       0
       0
       0
       0
       0
       0
       0
       0
       0
       0
       0
       0
       1
       0
       0
       0
       0
       0
       0
       0
       0
       0
       0
       0
       0
       0
       0
       0
       0
       0
       0
       0
       0
       0
       0
       0
       0
       0
       0
       0
       0
       0
       0
       0
       0
       0
       0
       0
       0
       0
       0
       0
       0
       0
       0
       0
       0
       0
       0
       0
       0
       0
       0
       0
       0
       0
       0
       0
       0
       0
       0
       0
       0
       0
       0
       0
       0
       0
       0
       0
       0
       0
       0
       0
       0
       0
       0
       0
       0
       0
       0
       0
       0
       0
       0
       0
       0
       0
       1
       0
       0
       0
       0
       0
       0
       0
       0
       0
       0
       0
       0
       0
       0
       0
       0
       0
       0
       0
       0
       0
       1
       0
       0
       0
       0
       0
       0
       0
       0
       0
       0
       0
       0
       0
       0
       0
       0
       0
       0
       0
       0
       0
       0
       0
       0
       0
       0
       0
       0
       0
       0
       0
       0
       0
       0
       0
       0
       0
       0
       0
       0
       0
       0
       0
       0
       0
       0
       0
       0
       0
       0
       0
       0
       0
       0
       0
       0
       0
       0
       0
       0
       0
       0
       0
       0
       0
       0
       0
       0
       0
       0
       0
       0
       0
       0
       0
       0
       0
       0
       0
       0
       0
       0
       0
       0
       0
       0
       0
       0
       0
       0
       0
       0
       0
       0
       0
       0
       0
       0
       0
       0
       0
       0
       0
       0
       0
       0
       0
       0
       0
       0
       0
       0
       0
       0
       0
       0
       0
       0
$ROI:
0
$PRESETS:
Live Time
120
0
$ENER_FIT:
0.000000 0.002526
$MCA_CAL:
3
0.000000E+000 2.525835E-003 0.000000E+000 keV
$SHAPE_CAL:
3
0.000000E+000 0.000000E+000 0.000000E+000
