$SPEC_ID:
No sample description was entered.
$SPEC_REM:
DET# 1
DETDESC# 
AP# Maestro Version 6.08
$DATE_MEA:
09/14/2017 10:10:05
$MEAS_TIM:
59 60
$DATA:
0 2047
       0
       0
       0
       0
       0
       0
       0
       0
       0
       0
       0
       0
       0
       0
       0
       0
       0
       0
       0
       0
       0
       0
       0
       0
       0
       0
       0
       0
       0
       0
       0
       0
       0
       0
       0
       0
       0
       0
       0
       0
       0
       0
       0
       0
       0
       0
       0
       0
       0
       0
       0
       0
       0
       0
       0
       0
       0
       0
       0
       0
       0
       0
       0
       0
       0
       0
       0
       0
       0
       0
       0
       0
       0
       0
       0
       0
       0
       0
       0
       0
       0
       0
       0
       0
       0
       0
       0
       0
       0
       0
       0
       0
       0
       0
       0
       0
       0
       0
       0
       0
       0
       0
       0
       0
       0
       0
       0
       0
       0
       0
       0
       0
       0
       0
       0
       0
       0
       0
       0
       0
       0
       0
       0
       0
       0
       0
       0
       0
       0
       0
       0
       0
       0
       0
       0
       0
       0
       0
       0
       0
       0
       0
       0
       0
       0
       0
       0
       0
       0
       0
       0
       0
       0
       0
       0
       0
       0
       0
       0
       0
       0
       0
       0
       0
       0
       0
       0
       0
       0
       0
       0
       0
       0
       0
       0
       0
       0
       0
       0
       0
       0
       0
       0
       0
       0
       0
       0
       0
       0
       0
       0
       0
       0
       0
       0
       0
       0
       0
       2
       1
       1
       0
       0
       2
       2
       0
       1
       0
       0
       0
       2
       0
       0
       0
       0
       1
       0
       0
       1
       1
       0
       1
       2
       0
       0
       0
       0
       0
       0
       0
       0
       2
       0
       0
       0
       0
       1
       0
       0
       2
       0
       1
       2
       0
       1
       0
       1
       0
       2
       2
       0
       0
       2
       0
       1
       0
       1
       2
       2
       2
       0
       1
       1
       2
       1
       0
       0
       1
       3
       0
       1
       1
       1
       1
       0
       1
       2
       1
       0
       0
       0
       2
       1
       0
       0
       1
       1
       0
       1
       2
       0
       0
       2
       1
       0
       2
       1
       0
       0
       0
       0
       0
       3
       0
       0
       1
       1
       0
       0
       1
       0
       0
       1
       1
       1
       0
       1
       1
       2
       2
       1
       0
       0
       1
       2
       1
       0
       1
       2
       0
       0
       0
       0
       3
       2
       1
       1
       0
       1
       0
       0
       0
       2
       0
       0
       2
       1
       0
       0
       0
       0
       1
       1
       0
       1
       0
       2
       0
       1
       1
       1
       0
       1
       2
       1
       0
       1
       1
       0
       1
       0
       0
       1
       1
       2
       0
       0
       0
       0
       0
       0
       1
       1
       1
       1
       0
       2
       0
       0
       2
       0
       1
       0
       1
       1
       0
       0
       0
       1
       1
       1
       2
       2
       0
       0
       0
       1
       0
       1
       1
       0
       1
       1
       1
       0
       0
       0
       3
       4
       3
       0
       1
       1
       2
       0
       1
       0
       0
       2
       2
       0
       1
       0
       0
       1
       0
       2
       0
       0
       0
       0
       0
       1
       0
       1
       0
       1
       0
       0
       1
       1
       0
       1
       0
       0
       0
       0
       2
       2
       2
       1
       0
       1
       0
       0
       2
       0
       1
       2
       0
       0
       0
       2
       1
       0
       0
       1
       0
       0
       1
       0
       0
       1
       0
       4
       1
       1
       0
       1
       2
       1
       2
       1
       2
       0
       1
       0
       0
       1
       0
       1
       0
       1
       0
       0
       1
       1
       0
       0
       0
       1
       5
       0
       0
       1
       1
       0
       0
       2
       2
       0
       1
       0
       1
       1
       2
       0
       0
       1
       0
       0
       4
       0
       1
       2
       2
       1
       0
       0
       1
       0
       1
       1
       1
       2
       3
       1
       1
       1
       2
       1
       0
       0
       0
       1
       1
       1
       0
       1
       5
       0
       1
       0
       3
       0
       0
       1
       1
       0
       0
       2
       1
       1
       1
       0
       2
       0
       0
       2
       0
       2
       1
       1
       0
       2
       2
       0
       1
       1
       0
       0
       0
       1
       0
       0
       1
       1
       0
       1
       1
       0
       0
       2
       0
       1
       2
       1
       1
       0
       0
       0
       3
       2
       2
       0
       0
       3
       1
       0
       0
       0
       2
       3
       0
       3
       5
       0
       1
       0
       0
       0
       2
       0
       0
       1
       1
       0
       0
       2
       0
       0
       0
       1
       0
       2
       0
       0
       2
       0
       1
       1
       0
       1
       0
       0
       0
       0
       1
       0
       0
       0
       0
       0
       0
       0
       1
       1
       0
       1
       0
       1
       1
       0
       0
       1
       0
       0
       0
       0
       0
       0
       1
       1
       1
       1
       1
       1
       0
       0
       1
       0
       0
       1
       2
       0
       0
       0
       0
       0
       0
       0
       0
       0
       2
       0
       0
       0
       0
       1
       0
       1
       1
       2
       0
       3
       0
       1
       1
       2
       0
       0
       0
       1
       0
       0
       0
       0
       1
       0
       0
       2
       1
       0
       0
       0
       0
       1
       0
       0
       1
       0
       0
       2
       3
       0
       0
       0
       0
       0
       0
       1
       0
       1
       1
       0
       0
       0
       0
       0
       0
       0
       1
       2
       0
       0
       2
       0
       0
       0
       1
       0
       0
       0
       2
       0
       1
       0
       1
       0
       0
       1
       0
       0
       0
       0
       1
       0
       0
       0
       0
       0
       1
       0
       1
       1
       1
       3
       0
       0
       1
       0
       0
       0
       0
       1
       1
       0
       0
       0
       0
       2
       1
       1
       2
       2
       0
       1
       2
       0
       0
       3
       1
       0
       2
       1
       1
       1
       1
       1
       1
       0
       1
       0
       0
       1
       3
       0
       0
       0
       1
       2
       0
       0
       0
       0
       1
       1
       1
       1
       0
       1
       0
       1
       0
       0
       0
       0
       0
       1
       0
       1
       0
       1
       1
       1
       2
       1
       0
       0
       0
       1
       1
       0
       2
       0
       0
       0
       1
       0
       0
       2
       0
       0
       1
       2
       0
       1
       2
       0
       0
       1
       0
       0
       0
       2
       2
       3
       0
       0
       2
       1
       1
       0
       0
       0
       0
       0
       0
       0
       1
       0
       2
       0
       1
       1
       1
       0
       0
       0
       1
       1
       0
       0
       0
       0
       0
       0
       0
       0
       1
       1
       1
       1
       0
       0
       1
       1
       0
       0
       1
       1
       0
       1
       0
       2
       0
       0
       1
       1
       1
       0
       0
       0
       0
       2
       2
       2
       1
       0
       0
       0
       1
       3
       1
       0
       0
       0
       1
       0
       2
       1
       1
       2
       0
       1
       0
       2
       2
       0
       0
       0
       0
       2
       0
       0
       0
       0
       1
       0
       0
       0
       0
       1
       0
       2
       2
       0
       1
       1
       0
       0
       1
       0
       1
       2
       1
       0
       0
       1
       0
       1
       0
       0
       2
       1
       1
       0
       0
       0
       0
       1
       1
       0
       0
       0
       0
       0
       0
       0
       0
       2
       2
       1
       0
       0
       3
       1
       0
       0
       0
       0
       1
       0
       1
       0
       1
       0
       1
       0
       0
       1
       1
       0
       0
       1
       0
       1
       0
       0
       1
       1
       1
       2
       0
       0
       0
       0
       0
       0
       1
       0
       0
       1
       0
       1
       1
       2
       1
       0
       0
       2
       1
       1
       1
       1
       0
       0
       0
       0
       1
       1
       0
       2
       0
       0
       0
       1
       0
       2
       0
       0
       2
       2
       2
       0
       0
       1
       0
       0
       0
       2
       0
       1
       0
       0
       4
       0
       0
       1
       0
       1
       2
       1
       0
       1
       0
       0
       1
       1
       1
       1
       0
       2
       0
       1
       1
       0
       0
       0
       0
       2
       1
       0
       0
       1
       0
       0
       1
       1
       0
       1
       2
       1
       1
       1
       2
       1
       0
       0
       1
       0
       0
       0
       0
       1
       3
       0
       1
       1
       0
       1
       0
       0
       0
       0
       3
       1
       0
       1
       1
       0
       0
       0
       1
       0
       0
       0
       0
       1
       1
       0
       0
       0
       1
       0
       2
       1
       1
       1
       0
       0
       0
       1
       1
       1
       1
       0
       1
       1
       0
       1
       0
       2
       0
       0
       1
       0
       0
       0
       0
       1
       0
       0
       1
       1
       0
       1
       1
       1
       0
       0
       0
       0
       0
       1
       1
       0
       1
       2
       0
       3
       0
       0
       0
       1
       1
       1
       0
       2
       0
       2
       0
       0
       0
       1
       0
       0
       1
       0
       2
       1
       1
       1
       0
       1
       2
       0
       0
       0
       1
       0
       2
       0
       1
       1
       3
       3
       3
       1
       0
       2
       1
       3
       1
       1
       1
       3
       2
       2
       0
       0
       0
       0
       1
       1
       1
       0
       0
       3
       0
       1
       2
       2
       0
       2
       1
       0
       2
       1
       1
       1
       2
       2
       0
       3
       2
       2
       0
       2
       2
       2
       1
       0
       0
       1
       2
       1
       1
       0
       0
       1
       1
       1
       0
       1
       3
       3
       3
       0
       3
       0
       0
       2
       2
       2
       0
       2
       2
       2
       0
       0
       0
       2
       0
       0
       3
       2
       0
       1
       1
       1
       3
       1
       0
       0
       4
       1
       3
       2
       2
       0
       1
       0
       2
       2
       0
       2
       1
       0
       2
       1
       0
       1
       2
       2
       0
       1
       0
       1
       0
       1
       1
       3
       2
       0
       0
       0
       1
       0
       1
       0
       0
       0
       0
       2
       3
       1
       0
       2
       1
       2
       4
       2
       0
       2
       1
       0
       4
       2
       4
       3
       4
       1
       3
       2
       1
       5
       6
       3
       6
       6
       1
       1
       1
       5
       0
       4
       3
       2
       3
       5
       2
       3
       5
       3
       5
       3
       5
       4
       7
       3
       1
       5
       7
       8
       5
       2
       4
       4
       9
       8
       7
      11
       5
       5
      13
      13
       6
      12
       4
       8
       8
      13
      13
      13
       5
      14
      14
      15
       8
      16
      15
      21
      15
      20
      19
      20
      21
      18
      19
      20
      29
      14
      34
      26
      25
      23
      28
      23
      24
      26
      33
      45
      34
      33
      42
      46
      31
      40
      50
      49
      46
      45
      49
      56
      41
      51
      45
      59
      66
      54
      56
      61
      51
      48
      50
      61
      63
      62
      71
      58
      74
      72
      70
      82
      82
      97
      72
      83
      85
      81
      90
      96
     102
     101
      80
      94
     127
      81
     100
      80
     106
      89
     101
     107
      92
      97
      83
      89
      94
      91
     109
      80
      94
      97
     104
      93
     106
      91
      81
      88
      96
      92
      78
      89
      90
      85
      97
      82
      88
      83
      86
      80
      86
      67
      81
      76
      74
      90
      62
      68
      76
      75
      65
      59
      62
      57
      63
      76
      78
      55
      43
      51
      50
      45
      64
      48
      50
      56
      49
      40
      48
      36
      41
      36
      45
      29
      39
      36
      36
      27
      27
      26
      33
      26
      27
      31
      25
      28
      16
      15
      27
      18
      17
      24
      24
      16
      27
      24
      10
      12
      18
      10
      18
      11
      15
      19
      16
       8
      12
       9
      10
       5
       8
       8
      14
      11
       8
       8
      10
       3
       4
       2
       5
       5
       6
       4
       5
       6
       9
       1
       2
       4
       4
       1
       3
       2
       5
       3
       0
       2
       4
       1
       0
       1
       2
       1
       1
       1
       1
       2
       0
       1
       0
       1
       1
       0
       0
       1
       0
       0
       0
       0
       0
       0
       0
       0
       0
       0
       0
       1
       0
       0
       0
       0
       0
       0
       0
       0
       0
       0
       0
       0
       0
       0
       0
       0
       0
       0
       0
       0
       0
       0
       0
       0
       0
       0
       0
       0
       0
       0
       0
       0
       0
       0
       0
       0
       0
       0
       0
       0
       0
       0
       0
       0
       0
       0
       0
       0
       0
       0
       0
       0
       0
       0
       0
       0
       0
       0
       0
       0
       0
       0
       0
       0
       0
       0
       0
       0
       0
       0
       0
       0
       0
       0
       0
       0
       0
       0
       0
       0
       0
       0
       0
       0
       0
       0
       0
       0
       0
       0
       0
       0
       0
       0
       0
       0
       0
       0
       0
       0
       0
       0
       0
       0
       0
       0
       0
       0
       0
       0
       0
       0
       0
       0
       0
       0
       0
       0
       0
       0
       0
       0
       0
       0
       0
       0
       0
       0
       0
       0
       0
       0
       0
       0
       0
       0
       0
       0
       0
       0
       0
       1
       0
       0
       0
       0
       0
       0
       0
       0
       0
       0
       0
       0
       0
       0
       0
       0
       0
       0
       0
       0
       0
       0
       0
       0
       0
       0
       0
       0
       0
       0
       0
       0
       0
       0
       0
       0
       0
       0
       0
       0
       0
       0
       0
       0
       0
       0
       0
       0
       0
       0
       0
       0
       0
       0
       0
       0
       0
       0
       0
       0
       0
       0
       0
       0
       0
       0
       0
       0
       0
       0
       0
       0
       0
       0
       0
       0
       0
       0
       0
       0
       0
       0
       0
       0
       0
       0
       0
       0
       0
       0
       0
       0
       0
       0
       0
       0
       0
       0
       0
       0
       0
       0
       0
       0
       0
       0
       0
       0
       0
       0
       0
       0
       0
       0
       0
       0
       0
       0
       0
       0
       0
       0
       0
       0
       0
       0
       0
       0
       0
       0
       0
       0
       0
       0
       0
       0
       0
       0
       0
       0
       0
       0
       0
       0
       0
       0
       0
       0
       0
       0
       0
       0
       0
       0
       0
       0
       0
       0
       0
       0
       0
       0
       0
       0
       0
       0
       0
       0
       0
       0
       0
       0
       0
       0
       0
       0
       0
       0
       0
       0
       0
       0
       0
       0
       0
       0
       0
       0
       0
       0
       0
       0
       0
       0
       0
$ROI:
1
1425 1700
$PRESETS:
Live Time
1000000
0
$ENER_FIT:
0.000000 0.002526
$MCA_CAL:
3
0.000000E+000 2.525835E-003 0.000000E+000 keV
$SHAPE_CAL:
3
0.000000E+000 0.000000E+000 0.000000E+000
