$SPEC_ID:
No sample description was entered.
$SPEC_REM:
DET# 1
DETDESC# 
AP# Maestro Version 6.08
$DATE_MEA:
09/14/2017 09:56:21
$MEAS_TIM:
41 41
$DATA:
0 2047
       0
       0
       0
       0
       0
       0
       0
       0
       0
       0
       0
       0
       0
       0
       0
       0
       0
       0
       0
       0
       0
       0
       0
       0
       0
       0
       0
       0
       0
       0
       0
       0
       0
       0
       0
       0
       0
       0
       0
       0
       0
       0
       0
       0
       0
       0
       0
       0
       0
       0
       0
       0
       0
       0
       0
       0
       0
       0
       0
       0
       0
       0
       0
       0
       0
       0
       0
       0
       0
       0
       0
       0
       0
       0
       0
       0
       0
       0
       0
       0
       0
       0
       0
       0
       0
       0
       0
       0
       0
       0
       0
       0
       0
       0
       0
       0
       0
       0
       0
       0
       0
       0
       0
       0
       0
       0
       0
       0
       0
       0
       0
       0
       0
       0
       0
       0
       0
       0
       0
       0
       0
       0
       0
       0
       0
       0
       0
       0
       0
       0
       0
       0
       0
       0
       0
       0
       0
       0
       0
       0
       0
       0
       0
       0
       0
       0
       0
       0
       0
       0
       0
       0
       0
       0
       0
       0
       0
       0
       0
       0
       0
       0
       0
       0
       0
       0
       0
       0
       0
       0
       0
       0
       0
       0
       0
       0
       0
       0
       0
       0
       0
       0
       0
       0
       0
       0
       0
       0
       0
       0
       0
       0
       0
       0
       0
       0
       0
       0
       0
       0
       0
       2
       0
       0
       0
       1
       2
       1
       1
       1
       0
       1
       0
       0
       1
       1
       2
       2
       1
       0
       0
       1
       2
       0
       1
       1
       0
       1
       0
       1
       2
       2
       1
       0
       0
       1
       0
       0
       1
       1
       0
       1
       1
       0
       0
       0
       0
       1
       0
       1
       0
       0
       0
       0
       1
       1
       1
       3
       0
       0
       1
       0
       1
       0
       3
       1
       1
       1
       1
       0
       1
       0
       0
       0
       1
       0
       0
       0
       0
       0
       0
       1
       0
       2
       0
       1
       0
       0
       0
       0
       0
       0
       1
       1
       0
       1
       0
       1
       0
       1
       0
       0
       0
       1
       3
       0
       1
       0
       0
       1
       0
       0
       1
       2
       0
       0
       0
       1
       2
       1
       1
       0
       0
       1
       0
       1
       1
       1
       0
       0
       0
       0
       0
       1
       1
       0
       0
       0
       3
       1
       1
       1
       0
       0
       0
       0
       1
       1
       0
       1
       0
       1
       4
       1
       0
       1
       1
       0
       0
       0
       1
       2
       0
       1
       0
       0
       0
       0
       1
       0
       0
       0
       0
       1
       2
       0
       1
       2
       0
       0
       0
       2
       0
       1
       0
       1
       2
       0
       1
       1
       1
       1
       0
       1
       0
       1
       2
       1
       1
       1
       1
       1
       1
       0
       0
       0
       0
       1
       1
       1
       1
       1
       0
       0
       0
       2
       0
       0
       1
       0
       0
       0
       0
       1
       0
       0
       0
       2
       1
       0
       0
       0
       0
       0
       1
       2
       0
       1
       1
       1
       0
       0
       0
       1
       2
       2
       0
       0
       1
       1
       0
       0
       1
       2
       1
       0
       2
       0
       0
       2
       0
       0
       0
       0
       0
       0
       0
       0
       0
       1
       1
       0
       0
       1
       1
       0
       1
       1
       0
       2
       1
       0
       0
       2
       0
       1
       3
       0
       0
       3
       0
       1
       0
       0
       0
       0
       0
       1
       0
       1
       0
       1
       1
       0
       0
       0
       0
       0
       0
       0
       2
       0
       1
       1
       1
       2
       0
       0
       0
       1
       0
       0
       0
       1
       1
       1
       0
       0
       1
       0
       0
       1
       0
       2
       1
       4
       2
       0
       0
       1
       0
       1
       0
       0
       0
       2
       0
       0
       1
       1
       1
       0
       1
       1
       0
       0
       1
       0
       0
       2
       0
       1
       1
       0
       0
       1
       1
       0
       1
       0
       0
       0
       1
       2
       0
       0
       0
       0
       1
       1
       1
       1
       0
       0
       1
       1
       0
       0
       1
       0
       0
       2
       0
       1
       1
       0
       0
       1
       1
       0
       0
       1
       0
       0
       0
       1
       0
       4
       0
       0
       1
       0
       1
       0
       2
       0
       1
       1
       0
       1
       0
       2
       0
       3
       0
       1
       0
       1
       1
       1
       0
       0
       1
       4
       0
       3
       0
       1
       0
       1
       0
       0
       4
       0
       1
       1
       1
       0
       1
       0
       1
       1
       1
       1
       1
       0
       0
       1
       0
       0
       1
       1
       2
       0
       0
       1
       1
       0
       3
       0
       2
       1
       0
       1
       0
       1
       0
       0
       1
       2
       1
       1
       0
       2
       1
       1
       1
       0
       0
       1
       0
       0
       0
       0
       0
       0
       1
       2
       2
       0
       1
       2
       0
       0
       1
       0
       0
       1
       0
       2
       1
       2
       1
       0
       0
       0
       1
       1
       0
       1
       1
       1
       0
       0
       3
       2
       1
       0
       1
       0
       0
       0
       2
       0
       1
       1
       0
       1
       1
       0
       3
       1
       0
       0
       0
       0
       1
       4
       2
       0
       0
       0
       1
       0
       0
       0
       2
       2
       1
       2
       1
       0
       1
       0
       0
       1
       0
       1
       2
       1
       0
       1
       1
       0
       1
       0
       0
       0
       1
       0
       0
       3
       1
       1
       1
       1
       1
       0
       0
       1
       0
       0
       0
       1
       0
       0
       2
       0
       0
       0
       2
       1
       0
       2
       3
       0
       0
       2
       0
       3
       0
       0
       1
       3
       0
       1
       0
       0
       0
       1
       2
       0
       1
       1
       1
       0
       0
       0
       0
       1
       0
       1
       0
       0
       1
       0
       1
       0
       0
       1
       1
       0
       0
       1
       0
       0
       0
       1
       0
       0
       2
       0
       1
       0
       1
       0
       0
       0
       0
       1
       0
       1
       1
       0
       0
       1
       0
       0
       1
       1
       0
       1
       1
       1
       0
       1
       1
       0
       0
       0
       1
       1
       1
       0
       0
       0
       0
       0
       1
       0
       0
       0
       0
       1
       2
       0
       3
       0
       1
       0
       0
       0
       0
       0
       0
       0
       0
       0
       2
       0
       1
       1
       0
       0
       2
       0
       0
       1
       0
       0
       1
       1
       1
       0
       1
       0
       0
       1
       2
       1
       0
       1
       0
       0
       1
       2
       1
       0
       0
       1
       0
       0
       0
       0
       0
       0
       0
       1
       0
       0
       2
       1
       0
       0
       1
       0
       0
       2
       0
       1
       0
       2
       1
       0
       0
       0
       1
       2
       0
       0
       1
       0
       1
       0
       0
       0
       0
       1
       0
       1
       1
       1
       0
       0
       1
       0
       0
       0
       2
       0
       0
       1
       2
       0
       0
       0
       0
       0
       1
       1
       3
       0
       1
       0
       1
       0
       0
       0
       1
       1
       0
       2
       0
       1
       0
       0
       0
       2
       0
       1
       0
       1
       0
       0
       0
       0
       0
       0
       0
       0
       0
       0
       0
       1
       0
       0
       1
       1
       2
       0
       0
       1
       0
       0
       0
       1
       1
       0
       0
       1
       1
       1
       0
       1
       1
       2
       1
       3
       0
       0
       0
       0
       0
       0
       0
       0
       0
       0
       1
       2
       0
       1
       2
       1
       1
       1
       0
       0
       1
       1
       0
       0
       1
       0
       0
       2
       0
       0
       0
       0
       0
       0
       1
       1
       1
       0
       0
       0
       0
       0
       0
       1
       1
       0
       0
       0
       0
       1
       0
       1
       1
       1
       2
       1
       0
       0
       0
       0
       1
       0
       1
       1
       0
       0
       0
       0
       0
       0
       1
       0
       0
       0
       0
       0
       0
       0
       0
       2
       2
       2
       0
       0
       0
       0
       2
       1
       0
       0
       0
       2
       0
       0
       1
       1
       0
       1
       1
       0
       0
       0
       1
       0
       0
       0
       0
       1
       0
       1
       1
       3
       0
       0
       0
       1
       0
       0
       0
       2
       0
       0
       2
       2
       0
       0
       0
       0
       0
       0
       0
       0
       0
       2
       0
       0
       0
       0
       1
       1
       0
       0
       1
       1
       0
       0
       0
       0
       0
       1
       0
       0
       0
       0
       1
       0
       0
       2
       1
       0
       1
       0
       2
       2
       0
       1
       1
       1
       0
       2
       0
       0
       1
       2
       0
       2
       0
       1
       0
       0
       1
       1
       0
       2
       3
       0
       0
       1
       0
       1
       4
       0
       1
       1
       0
       1
       0
       0
       1
       1
       0
       0
       2
       2
       1
       1
       0
       1
       1
       0
       1
       3
       2
       1
       1
       1
       5
       1
       0
       3
       0
       1
       0
       1
       0
       2
       3
       1
       1
       1
       2
       2
       1
       0
       0
       0
       0
       1
       2
       0
       3
       0
       0
       1
       1
       1
       0
       0
       0
       1
       2
       0
       1
       2
       2
       2
       0
       1
       1
       2
       0
       1
       0
       1
       1
       4
       2
       1
       2
       1
       2
       2
       1
       0
       2
       2
       0
       2
       4
       1
       0
       0
       3
       1
       3
       1
       1
       1
       2
       1
       0
       1
       2
       3
       1
       2
       3
       0
       1
       0
       3
       0
       1
       1
       2
       1
       0
       3
       4
       1
       2
       0
       3
       0
       2
       2
       1
       0
       1
       1
       0
       4
       1
       3
       1
       0
       2
       1
       0
       1
       1
       1
       0
       1
       1
       1
       0
       1
       0
       1
       1
       3
       1
       1
       4
       1
       2
       0
       2
       5
       3
       0
       1
       2
       0
       1
       1
       2
       2
       0
       4
       1
       0
       1
       1
       4
       1
       3
       0
       1
       8
       2
       0
       4
       3
       6
       2
       3
       4
       3
       2
       2
       2
       1
       4
       2
       3
       3
       1
       7
       2
       1
       3
       6
      10
       5
       9
       7
       7
       7
       2
       6
       7
       9
       8
       7
       8
       7
       6
      11
       7
      13
      11
      10
      11
       8
      12
      11
       9
      12
      21
      10
      27
      16
      24
      11
      19
      22
      14
      20
      25
      20
      14
      21
      24
      18
      20
      29
      28
      29
      28
      33
      44
      27
      30
      24
      48
      26
      38
      45
      35
      53
      49
      52
      44
      52
      41
      57
      49
      54
      47
      63
      58
      59
      65
      70
      48
      66
      74
      70
      61
      75
      63
      84
      77
      73
      73
      76
      77
      76
      69
      71
      85
      98
      87
      86
      98
      96
      83
      98
     100
     108
      96
      84
     115
     109
      97
      98
      88
      97
     109
     101
     107
     118
      99
     109
      98
     101
     101
      89
      98
      98
      93
      99
      91
      97
      89
      77
      97
      91
     106
      80
      72
      91
      69
      83
      85
      73
      65
      74
      91
      74
      72
      71
      67
      67
      83
      56
      72
      48
      70
      60
      47
      57
      40
      57
      46
      53
      43
      53
      53
      46
      33
      37
      39
      40
      39
      34
      38
      19
      32
      39
      30
      37
      29
      29
      21
      24
      25
      31
      33
      23
      23
      21
      18
      17
      16
      23
      17
      25
      22
       5
      15
      22
      12
      15
      13
      10
      13
      11
      11
       6
      11
      10
      17
      10
      10
       8
       4
      15
      10
      12
       5
       7
      10
       8
       6
       1
       5
       6
       6
       2
       5
       5
       2
       1
       1
       2
       2
       0
       4
       4
       4
       1
       1
       4
       1
       0
       1
       1
       0
       3
       1
       0
       2
       0
       0
       0
       1
       0
       0
       1
       0
       0
       0
       0
       0
       0
       0
       0
       0
       0
       0
       0
       0
       0
       0
       0
       0
       0
       0
       0
       0
       1
       0
       0
       0
       0
       0
       0
       0
       0
       0
       0
       0
       0
       0
       0
       0
       0
       0
       0
       0
       0
       0
       0
       0
       0
       0
       0
       0
       0
       0
       0
       0
       0
       0
       0
       0
       0
       0
       0
       0
       0
       0
       0
       0
       0
       0
       0
       0
       0
       0
       0
       0
       0
       0
       0
       0
       0
       0
       0
       0
       0
       0
       0
       0
       0
       0
       0
       0
       0
       0
       0
       0
       0
       0
       0
       0
       0
       0
       0
       0
       0
       0
       0
       0
       0
       0
       0
       0
       0
       0
       0
       0
       0
       0
       0
       0
       0
       0
       0
       0
       0
       0
       0
       0
       0
       0
       0
       0
       0
       0
       0
       0
       0
       0
       0
       0
       0
       0
       0
       0
       0
       0
       0
       0
       0
       0
       0
       0
       0
       0
       0
       0
       0
       0
       0
       0
       0
       0
       0
       0
       0
       0
       0
       0
       0
       0
       0
       0
       0
       0
       0
       0
       0
       0
       0
       0
       0
       0
       0
       0
       0
       0
       0
       0
       0
       0
       0
       0
       0
       0
       0
       0
       0
       0
       0
       0
       0
       0
       0
       0
       0
       0
       0
       0
       0
       0
       0
       0
       0
       0
       0
       0
       0
       0
       0
       0
       0
       0
       0
       0
       0
       0
       0
       0
       0
       0
       0
       0
       0
       0
       0
       0
       0
       0
       0
       0
       0
       0
       0
       0
       0
       0
       0
       0
       0
       0
       0
       0
       0
       0
       0
       0
       0
       0
       0
       0
       0
       0
       0
       0
       0
       0
       0
       0
       0
       0
       0
       0
       0
       0
       0
       0
       0
       0
       0
       0
       0
       0
       0
       0
       0
       0
       0
       0
       0
       0
       0
       0
       0
       0
       0
       0
       0
       0
       0
       0
       0
       0
       0
       0
       0
       0
       0
       0
       0
       0
       0
       0
       0
       0
       0
       0
       0
       0
       0
       0
       0
       0
       0
       0
       0
       0
       0
       0
       0
       0
       0
       0
       0
       0
       0
       0
       0
       0
       0
       0
       0
       0
       0
       0
       0
       0
       0
       0
       0
       0
       0
$ROI:
1
1425 1700
$PRESETS:
Live Time
1000000
0
$ENER_FIT:
0.000000 0.002526
$MCA_CAL:
3
0.000000E+000 2.525835E-003 0.000000E+000 keV
$SHAPE_CAL:
3
0.000000E+000 0.000000E+000 0.000000E+000
