$SPEC_ID:
No sample description was entered.
$SPEC_REM:
DET# 1
DETDESC# 
AP# Maestro Version 6.08
$DATE_MEA:
09/14/2017 10:00:02
$MEAS_TIM:
27 27
$DATA:
0 2047
       0
       0
       0
       0
       0
       0
       0
       0
       0
       0
       0
       0
       0
       0
       0
       0
       0
       0
       0
       0
       0
       0
       0
       0
       0
       0
       0
       0
       0
       0
       0
       0
       0
       0
       0
       0
       0
       0
       0
       0
       0
       0
       0
       0
       0
       0
       0
       0
       0
       0
       0
       0
       0
       0
       0
       0
       0
       0
       0
       0
       0
       0
       0
       0
       0
       0
       0
       0
       0
       0
       0
       0
       0
       0
       0
       0
       0
       0
       0
       0
       0
       0
       0
       0
       0
       0
       0
       0
       0
       0
       0
       0
       0
       0
       0
       0
       0
       0
       0
       0
       0
       0
       0
       0
       0
       0
       0
       0
       0
       0
       0
       0
       0
       0
       0
       0
       0
       0
       0
       0
       0
       0
       0
       0
       0
       0
       0
       0
       0
       0
       0
       0
       0
       0
       0
       0
       0
       0
       0
       0
       0
       0
       0
       0
       0
       0
       0
       0
       0
       0
       0
       0
       0
       0
       0
       0
       0
       0
       0
       0
       0
       0
       0
       0
       0
       0
       0
       0
       0
       0
       0
       0
       0
       0
       0
       0
       0
       0
       0
       0
       0
       0
       0
       0
       0
       0
       0
       0
       0
       0
       0
       0
       0
       0
       0
       0
       0
       0
       1
       2
       0
       0
       1
       0
       0
       0
       1
       1
       1
       1
       0
       1
       1
       2
       0
       0
       0
       0
       1
       0
       0
       0
       1
       0
       3
       1
       0
       2
       0
       0
       0
       1
       0
       0
       1
       1
       1
       0
       1
       0
       1
       1
       0
       0
       1
       0
       0
       0
       0
       1
       0
       0
       0
       0
       0
       0
       1
       0
       1
       0
       0
       1
       1
       0
       0
       0
       0
       0
       0
       0
       0
       0
       0
       0
       0
       3
       2
       0
       0
       1
       0
       0
       1
       1
       0
       0
       1
       1
       0
       1
       1
       1
       3
       1
       0
       1
       0
       1
       0
       0
       1
       1
       1
       1
       0
       0
       0
       2
       0
       1
       0
       0
       0
       1
       1
       1
       0
       1
       0
       0
       0
       0
       0
       0
       0
       0
       1
       2
       1
       0
       0
       0
       0
       0
       3
       2
       1
       0
       0
       0
       0
       0
       0
       0
       0
       0
       1
       2
       0
       0
       1
       1
       1
       0
       0
       1
       1
       0
       0
       1
       0
       1
       0
       3
       0
       1
       0
       0
       0
       3
       0
       0
       1
       2
       0
       0
       0
       0
       0
       0
       0
       0
       0
       0
       0
       0
       0
       0
       1
       1
       0
       1
       0
       0
       0
       0
       1
       0
       0
       0
       0
       1
       0
       0
       1
       0
       2
       0
       1
       0
       0
       0
       0
       0
       1
       0
       2
       0
       0
       0
       0
       0
       0
       2
       0
       0
       0
       0
       0
       1
       0
       0
       1
       1
       2
       0
       0
       0
       1
       0
       0
       0
       0
       1
       0
       0
       1
       0
       0
       0
       0
       0
       0
       1
       0
       1
       0
       1
       2
       0
       1
       0
       0
       1
       1
       0
       1
       1
       0
       0
       1
       0
       2
       0
       0
       0
       2
       0
       2
       1
       0
       0
       0
       1
       3
       1
       0
       1
       1
       0
       0
       0
       0
       0
       1
       0
       1
       0
       0
       0
       0
       0
       1
       1
       0
       1
       1
       0
       1
       0
       0
       1
       0
       0
       1
       1
       0
       0
       0
       0
       1
       0
       0
       1
       0
       0
       1
       1
       0
       0
       0
       1
       0
       0
       0
       0
       0
       0
       0
       0
       0
       0
       0
       0
       0
       0
       0
       0
       1
       1
       0
       1
       1
       1
       0
       0
       2
       0
       2
       0
       0
       0
       1
       1
       0
       0
       0
       0
       1
       1
       1
       1
       0
       1
       1
       0
       0
       0
       0
       1
       2
       1
       1
       0
       0
       1
       0
       0
       1
       1
       0
       0
       0
       0
       0
       2
       1
       0
       1
       1
       2
       0
       1
       1
       2
       0
       0
       3
       1
       0
       0
       1
       0
       0
       2
       0
       0
       0
       0
       0
       2
       1
       0
       2
       0
       0
       1
       0
       0
       1
       0
       1
       1
       1
       0
       2
       0
       2
       0
       0
       1
       1
       0
       0
       0
       1
       0
       1
       2
       1
       0
       0
       0
       0
       1
       1
       2
       0
       0
       1
       1
       0
       0
       1
       0
       2
       2
       0
       1
       1
       0
       1
       0
       1
       1
       0
       0
       1
       1
       0
       0
       0
       0
       0
       0
       0
       0
       0
       0
       1
       0
       2
       0
       1
       2
       0
       3
       1
       0
       2
       2
       0
       0
       1
       1
       0
       1
       1
       2
       0
       0
       0
       0
       1
       1
       1
       0
       0
       0
       0
       1
       0
       1
       2
       0
       0
       0
       1
       0
       0
       0
       0
       1
       0
       0
       1
       0
       0
       1
       0
       1
       1
       2
       0
       1
       1
       0
       1
       0
       2
       0
       0
       0
       1
       0
       0
       0
       0
       0
       0
       1
       1
       0
       0
       3
       1
       0
       0
       1
       0
       0
       1
       0
       0
       1
       0
       0
       1
       2
       0
       0
       0
       1
       1
       2
       1
       0
       0
       0
       1
       0
       1
       2
       2
       1
       0
       0
       0
       0
       0
       1
       0
       1
       0
       1
       0
       0
       0
       0
       1
       2
       0
       1
       1
       0
       1
       0
       0
       0
       0
       0
       0
       0
       0
       1
       0
       0
       0
       2
       0
       0
       0
       2
       0
       0
       1
       0
       0
       0
       0
       0
       0
       2
       0
       0
       0
       2
       2
       1
       1
       3
       1
       1
       2
       0
       0
       0
       0
       0
       1
       0
       1
       0
       0
       0
       0
       2
       0
       1
       1
       0
       1
       3
       1
       0
       1
       0
       1
       0
       2
       1
       0
       1
       1
       0
       0
       0
       1
       1
       2
       1
       1
       2
       0
       0
       0
       0
       1
       0
       0
       0
       1
       0
       2
       2
       0
       0
       0
       0
       2
       0
       0
       1
       0
       1
       0
       0
       1
       3
       2
       1
       0
       3
       1
       1
       0
       1
       0
       2
       0
       0
       1
       1
       0
       1
       1
       0
       0
       1
       0
       1
       2
       2
       0
       0
       0
       0
       0
       0
       0
       0
       1
       0
       0
       0
       0
       0
       1
       0
       1
       0
       0
       1
       1
       1
       1
       1
       1
       0
       1
       0
       0
       1
       0
       1
       0
       1
       1
       1
       1
       0
       2
       0
       0
       1
       0
       2
       0
       0
       0
       0
       0
       0
       0
       0
       0
       0
       0
       0
       0
       0
       1
       0
       0
       0
       0
       0
       1
       0
       0
       0
       0
       0
       1
       1
       0
       0
       1
       0
       0
       2
       0
       1
       0
       1
       2
       0
       0
       0
       2
       0
       1
       1
       0
       2
       0
       0
       0
       1
       2
       0
       0
       0
       1
       0
       1
       0
       2
       0
       0
       0
       1
       1
       0
       1
       2
       1
       1
       1
       0
       1
       1
       0
       0
       2
       1
       0
       0
       2
       1
       0
       0
       1
       0
       0
       1
       0
       0
       2
       0
       0
       3
       2
       1
       0
       2
       0
       2
       1
       1
       0
       1
       0
       0
       1
       2
       0
       0
       0
       3
       0
       1
       1
       1
       1
       1
       1
       1
       0
       0
       3
       1
       1
       0
       0
       0
       0
       0
       0
       0
       0
       2
       0
       0
       1
       0
       0
       0
       0
       0
       0
       0
       0
       0
       0
       1
       0
       0
       1
       1
       0
       1
       0
       0
       1
       0
       0
       1
       0
       2
       1
       0
       0
       1
       0
       2
       0
       0
       0
       0
       0
       1
       0
       0
       1
       0
       1
       2
       0
       0
       1
       2
       1
       1
       0
       2
       0
       3
       0
       0
       0
       1
       0
       0
       2
       1
       1
       0
       1
       2
       0
       0
       0
       0
       0
       0
       2
       0
       0
       0
       0
       1
       0
       0
       0
       1
       0
       0
       0
       2
       0
       0
       2
       1
       0
       1
       0
       3
       1
       0
       1
       1
       0
       1
       0
       0
       2
       2
       0
       0
       0
       0
       0
       1
       1
       0
       1
       2
       0
       2
       0
       0
       1
       1
       1
       1
       0
       1
       1
       0
       2
       1
       0
       0
       1
       2
       1
       0
       1
       0
       1
       1
       2
       0
       2
       2
       0
       1
       0
       1
       1
       2
       1
       1
       0
       1
       1
       2
       0
       0
       3
       1
       0
       2
       2
       3
       3
       0
       1
       1
       2
       0
       3
       1
       0
       1
       1
       2
       2
       0
       1
       2
       3
       1
       1
       1
       3
       1
       0
       1
       0
       2
       4
       2
       0
       0
       0
       1
       1
       1
       0
       2
       1
       1
       1
       1
       0
       3
       1
       3
       1
       3
       1
       5
       0
       2
       3
       2
       1
       3
       0
       3
       3
       2
       0
       1
       2
       2
       0
       0
       2
       0
       1
       0
       0
       0
       0
       1
       0
       0
       2
       2
       2
       0
       0
       4
       1
       2
       0
       0
       0
       3
       0
       1
       2
       1
       0
       0
       1
       1
       3
       0
       0
       1
       1
       0
       0
       1
       1
       2
       2
       1
       0
       0
       2
       2
       0
       2
       2
       3
       1
       2
       0
       1
       2
       1
       1
       0
       2
       2
       0
       2
       0
       1
       2
       0
       4
       2
       3
       0
       2
       4
       0
       0
       2
       6
       1
       3
       6
       1
       0
       2
       5
       3
       4
       4
       1
       1
       2
       2
       1
       2
       2
       4
       4
       2
       2
       5
       4
       1
       5
       3
       4
       6
      10
      11
       3
      11
       4
       7
       9
       6
       5
       4
       9
       6
       6
      13
      13
      14
       9
      11
       9
       9
      15
      15
      12
      13
      14
      13
      11
      10
      19
      16
      21
      14
      10
      30
      21
      17
      31
      30
      17
      28
      21
      22
      23
      29
      25
      20
      31
      29
      21
      51
      44
      38
      38
      46
      42
      30
      51
      46
      36
      48
      44
      49
      58
      61
      45
      53
      44
      58
      57
      64
      54
      62
      69
      56
      68
      64
      77
      66
      78
      50
      73
      82
      78
      77
      89
      69
      79
     109
      87
     102
      87
      77
     112
      94
      83
      96
     105
      92
     102
      84
      87
      89
      82
     116
      94
      95
      91
      94
     102
     115
      99
     105
      98
      98
      96
      92
      93
      92
      94
      83
      75
     106
      91
      88
      95
      81
      92
      82
      91
      81
      84
      69
      74
      69
      73
      83
      68
      72
      75
      72
      66
      70
      71
      79
      66
      69
      64
      60
      66
      54
      42
      53
      48
      62
      48
      56
      51
      33
      42
      44
      30
      39
      44
      29
      34
      30
      39
      33
      32
      29
      29
      25
      31
      33
      26
      29
      30
      24
      20
      19
      20
      24
      22
      17
      18
      15
      12
      21
      19
      12
      13
      11
      14
      13
      14
       8
      12
       9
      11
       7
       9
      15
      13
       9
      12
       8
      11
       4
      13
       8
       7
       5
       4
       4
       4
       1
       5
       4
       3
       2
       1
       5
       3
       3
       0
       2
       0
       0
       1
       1
       0
       0
       1
       2
       0
       1
       1
       1
       0
       0
       0
       0
       2
       1
       0
       0
       0
       0
       0
       0
       0
       0
       0
       0
       0
       1
       0
       0
       0
       0
       0
       0
       0
       0
       0
       0
       0
       0
       0
       0
       0
       0
       0
       0
       0
       0
       0
       0
       0
       0
       0
       0
       0
       0
       0
       0
       0
       0
       0
       0
       0
       0
       0
       0
       0
       0
       0
       0
       0
       0
       0
       0
       0
       0
       0
       0
       0
       0
       0
       1
       0
       0
       0
       0
       0
       0
       0
       0
       0
       0
       0
       0
       0
       0
       0
       0
       0
       0
       0
       0
       0
       0
       0
       0
       0
       0
       0
       0
       0
       0
       0
       0
       0
       0
       0
       0
       0
       0
       0
       0
       0
       0
       0
       0
       0
       0
       0
       0
       0
       0
       0
       0
       0
       0
       0
       0
       0
       0
       0
       0
       0
       0
       0
       0
       0
       0
       0
       0
       0
       0
       0
       0
       0
       0
       0
       0
       0
       0
       0
       0
       0
       0
       0
       0
       0
       0
       0
       0
       0
       0
       1
       0
       0
       0
       0
       0
       0
       0
       0
       0
       0
       0
       0
       0
       0
       0
       0
       0
       0
       0
       0
       0
       0
       0
       0
       0
       0
       0
       0
       0
       0
       0
       0
       0
       0
       0
       0
       0
       0
       0
       0
       0
       0
       0
       0
       0
       0
       0
       0
       0
       0
       0
       0
       0
       0
       0
       0
       0
       0
       0
       0
       0
       0
       0
       0
       0
       0
       0
       0
       0
       0
       0
       0
       0
       0
       0
       0
       0
       0
       0
       0
       0
       0
       0
       0
       0
       0
       1
       0
       0
       0
       0
       0
       0
       0
       0
       0
       0
       0
       0
       0
       0
       0
       0
       0
       0
       0
       0
       0
       0
       0
       0
       0
       0
       0
       0
       0
       0
       0
       0
       0
       0
       0
       0
       0
       0
       0
       0
       0
       0
       0
       0
       0
       0
       0
       0
       0
       0
       0
       0
       0
       0
       0
       0
       0
       0
       0
       0
       0
       0
       0
       0
       0
       0
       0
       0
       0
       0
       0
       0
       0
       0
       0
       0
       0
       0
       0
       0
       0
       0
       0
       0
       0
       0
       0
       0
       0
       0
       0
       0
       0
       0
       0
       0
       0
       0
       0
       0
       0
       0
       0
       0
       0
       0
$ROI:
1
1425 1700
$PRESETS:
Live Time
1000000
0
$ENER_FIT:
0.000000 0.002526
$MCA_CAL:
3
0.000000E+000 2.525835E-003 0.000000E+000 keV
$SHAPE_CAL:
3
0.000000E+000 0.000000E+000 0.000000E+000
