SPEC_ID:	'No sample description was entered.'
SPEC_REM:	'DET# 1'
DATE_MEA:	'09/19/2017 09:21:29'
MEAS_TIM:	'120 120'
DATA:	'0 2047'
ROI:	'0'
PRESETS:	'Live Time'
ENER_FIT:	'0.000000 0.002526'
MCA_CAL:	'3'
SHAPE_CAL:	'3'

Channel	Counts
0	0
1	0
2	0
3	0
4	0
5	0
6	0
7	0
8	0
9	0
10	0
11	0
12	0
13	0
14	0
15	0
16	0
17	0
18	0
19	0
20	0
21	0
22	0
23	0
24	0
25	0
26	0
27	0
28	0
29	0
30	0
31	0
32	0
33	0
34	0
35	0
36	0
37	0
38	0
39	0
40	0
41	0
42	0
43	0
44	0
45	0
46	0
47	0
48	0
49	0
50	0
51	0
52	0
53	0
54	0
55	0
56	0
57	0
58	0
59	0
60	0
61	0
62	0
63	0
64	0
65	0
66	0
67	0
68	0
69	0
70	0
71	0
72	0
73	0
74	0
75	0
76	0
77	0
78	0
79	0
80	0
81	0
82	0
83	0
84	0
85	0
86	0
87	0
88	0
89	0
90	0
91	0
92	0
93	0
94	0
95	0
96	0
97	0
98	0
99	0
100	0
101	0
102	0
103	0
104	0
105	0
106	0
107	0
108	0
109	0
110	0
111	0
112	0
113	0
114	0
115	0
116	0
117	0
118	0
119	0
120	0
121	0
122	0
123	0
124	0
125	0
126	0
127	0
128	0
129	0
130	0
131	0
132	0
133	0
134	0
135	0
136	0
137	0
138	0
139	0
140	0
141	0
142	0
143	0
144	0
145	0
146	0
147	0
148	0
149	0
150	0
151	0
152	0
153	0
154	0
155	0
156	0
157	0
158	0
159	0
160	0
161	0
162	0
163	0
164	0
165	0
166	0
167	0
168	0
169	0
170	0
171	0
172	0
173	0
174	0
175	0
176	0
177	0
178	0
179	0
180	0
181	0
182	0
183	0
184	0
185	0
186	0
187	0
188	0
189	0
190	0
191	0
192	0
193	0
194	0
195	0
196	0
197	1
198	1
199	1
200	1
201	2
202	1
203	2
204	2
205	1
206	2
207	2
208	1
209	0
210	1
211	2
212	0
213	1
214	0
215	0
216	1
217	1
218	3
219	0
220	1
221	1
222	0
223	0
224	2
225	1
226	2
227	1
228	2
229	1
230	0
231	0
232	3
233	2
234	5
235	0
236	0
237	0
238	0
239	1
240	0
241	1
242	3
243	2
244	4
245	0
246	2
247	2
248	1
249	1
250	0
251	0
252	0
253	1
254	3
255	0
256	0
257	2
258	1
259	1
260	1
261	0
262	1
263	0
264	2
265	0
266	3
267	0
268	1
269	2
270	0
271	0
272	2
273	1
274	1
275	2
276	0
277	0
278	1
279	1
280	2
281	1
282	3
283	0
284	2
285	0
286	3
287	0
288	3
289	2
290	1
291	0
292	0
293	1
294	0
295	1
296	6
297	1
298	1
299	1
300	0
301	2
302	1
303	2
304	3
305	2
306	2
307	1
308	2
309	2
310	1
311	5
312	0
313	1
314	2
315	1
316	2
317	5
318	1
319	0
320	1
321	3
322	1
323	1
324	0
325	0
326	1
327	2
328	3
329	1
330	0
331	1
332	1
333	1
334	1
335	1
336	2
337	0
338	1
339	1
340	2
341	1
342	3
343	1
344	1
345	2
346	0
347	0
348	0
349	2
350	2
351	2
352	0
353	2
354	0
355	0
356	3
357	0
358	1
359	2
360	0
361	0
362	1
363	1
364	4
365	2
366	1
367	0
368	1
369	2
370	1
371	0
372	2
373	1
374	0
375	3
376	0
377	1
378	0
379	0
380	2
381	0
382	1
383	0
384	0
385	0
386	2
387	1
388	3
389	2
390	0
391	3
392	1
393	1
394	1
395	0
396	1
397	1
398	0
399	0
400	0
401	5
402	0
403	0
404	0
405	1
406	3
407	1
408	0
409	0
410	1
411	0
412	0
413	2
414	2
415	1
416	1
417	3
418	0
419	3
420	1
421	2
422	0
423	1
424	1
425	2
426	6
427	3
428	1
429	3
430	2
431	2
432	2
433	0
434	2
435	1
436	2
437	0
438	1
439	0
440	1
441	0
442	0
443	1
444	1
445	3
446	4
447	1
448	0
449	3
450	1
451	1
452	3
453	0
454	2
455	2
456	1
457	2
458	1
459	1
460	1
461	2
462	0
463	1
464	1
465	3
466	1
467	1
468	1
469	2
470	2
471	4
472	6
473	1
474	1
475	4
476	1
477	1
478	3
479	2
480	1
481	1
482	1
483	4
484	1
485	2
486	3
487	3
488	3
489	2
490	3
491	0
492	0
493	2
494	1
495	1
496	0
497	0
498	1
499	2
500	4
501	1
502	1
503	4
504	2
505	1
506	0
507	1
508	0
509	4
510	4
511	4
512	4
513	0
514	0
515	3
516	0
517	2
518	3
519	1
520	1
521	0
522	1
523	2
524	0
525	1
526	2
527	0
528	0
529	1
530	1
531	2
532	1
533	3
534	5
535	2
536	0
537	2
538	1
539	2
540	1
541	1
542	1
543	1
544	1
545	0
546	0
547	3
548	0
549	0
550	1
551	1
552	5
553	3
554	1
555	2
556	1
557	1
558	3
559	1
560	1
561	2
562	1
563	2
564	3
565	0
566	5
567	0
568	0
569	2
570	2
571	1
572	3
573	1
574	1
575	0
576	0
577	1
578	1
579	1
580	2
581	1
582	4
583	2
584	0
585	1
586	3
587	3
588	1
589	0
590	4
591	1
592	1
593	3
594	2
595	0
596	1
597	3
598	0
599	1
600	3
601	1
602	0
603	1
604	2
605	3
606	2
607	1
608	4
609	1
610	1
611	0
612	3
613	1
614	4
615	4
616	0
617	1
618	1
619	2
620	4
621	1
622	3
623	1
624	1
625	2
626	1
627	0
628	1
629	0
630	4
631	4
632	2
633	1
634	0
635	5
636	6
637	2
638	4
639	2
640	1
641	1
642	0
643	2
644	1
645	1
646	0
647	1
648	2
649	2
650	2
651	4
652	1
653	6
654	4
655	2
656	1
657	1
658	1
659	2
660	3
661	1
662	0
663	1
664	1
665	2
666	4
667	1
668	2
669	3
670	1
671	2
672	0
673	3
674	1
675	3
676	2
677	0
678	4
679	1
680	5
681	1
682	3
683	3
684	3
685	2
686	1
687	2
688	1
689	3
690	4
691	2
692	0
693	1
694	2
695	0
696	1
697	2
698	4
699	1
700	2
701	1
702	0
703	1
704	1
705	3
706	3
707	1
708	3
709	5
710	0
711	3
712	1
713	6
714	0
715	1
716	1
717	2
718	2
719	2
720	1
721	2
722	1
723	0
724	1
725	2
726	1
727	0
728	1
729	4
730	1
731	2
732	5
733	6
734	1
735	2
736	1
737	2
738	1
739	1
740	1
741	1
742	3
743	1
744	0
745	0
746	1
747	3
748	1
749	1
750	3
751	2
752	2
753	0
754	1
755	2
756	2
757	1
758	1
759	1
760	3
761	1
762	2
763	1
764	3
765	3
766	1
767	1
768	3
769	1
770	2
771	3
772	2
773	1
774	3
775	3
776	0
777	3
778	2
779	3
780	2
781	3
782	3
783	2
784	4
785	3
786	1
787	3
788	1
789	0
790	1
791	3
792	2
793	1
794	2
795	0
796	4
797	2
798	1
799	2
800	1
801	3
802	4
803	2
804	1
805	2
806	4
807	0
808	0
809	0
810	3
811	1
812	2
813	5
814	2
815	3
816	0
817	5
818	1
819	0
820	0
821	1
822	3
823	1
824	0
825	1
826	1
827	2
828	3
829	2
830	5
831	4
832	1
833	1
834	0
835	2
836	3
837	5
838	1
839	6
840	0
841	1
842	2
843	4
844	0
845	3
846	2
847	2
848	2
849	1
850	2
851	0
852	0
853	5
854	1
855	1
856	2
857	2
858	1
859	1
860	1
861	1
862	2
863	3
864	1
865	6
866	2
867	1
868	3
869	2
870	2
871	4
872	1
873	1
874	3
875	1
876	5
877	5
878	2
879	0
880	2
881	1
882	4
883	1
884	2
885	2
886	2
887	1
888	3
889	3
890	2
891	4
892	4
893	2
894	2
895	3
896	1
897	6
898	5
899	4
900	0
901	2
902	0
903	1
904	5
905	3
906	3
907	1
908	2
909	3
910	0
911	2
912	1
913	2
914	0
915	0
916	3
917	1
918	5
919	2
920	1
921	2
922	1
923	2
924	1
925	1
926	3
927	1
928	1
929	1
930	1
931	1
932	1
933	2
934	0
935	3
936	0
937	8
938	3
939	4
940	3
941	2
942	2
943	0
944	2
945	4
946	1
947	2
948	2
949	4
950	0
951	2
952	1
953	3
954	5
955	4
956	2
957	4
958	6
959	1
960	3
961	3
962	2
963	4
964	5
965	0
966	2
967	5
968	2
969	2
970	1
971	1
972	2
973	3
974	0
975	2
976	1
977	0
978	4
979	2
980	3
981	4
982	2
983	1
984	1
985	5
986	4
987	3
988	1
989	0
990	3
991	4
992	1
993	4
994	2
995	2
996	1
997	3
998	4
999	2
1000	0
1001	2
1002	3
1003	3
1004	4
1005	1
1006	2
1007	2
1008	0
1009	2
1010	2
1011	6
1012	2
1013	1
1014	1
1015	4
1016	4
1017	4
1018	3
1019	1
1020	3
1021	4
1022	3
1023	2
1024	3
1025	3
1026	5
1027	4
1028	0
1029	3
1030	1
1031	2
1032	1
1033	2
1034	1
1035	5
1036	6
1037	6
1038	2
1039	3
1040	4
1041	6
1042	5
1043	2
1044	7
1045	2
1046	0
1047	3
1048	3
1049	3
1050	0
1051	5
1052	0
1053	3
1054	2
1055	3
1056	5
1057	3
1058	5
1059	2
1060	1
1061	3
1062	0
1063	3
1064	4
1065	3
1066	8
1067	3
1068	1
1069	4
1070	4
1071	2
1072	3
1073	2
1074	4
1075	6
1076	0
1077	8
1078	3
1079	3
1080	6
1081	5
1082	2
1083	1
1084	1
1085	2
1086	2
1087	9
1088	1
1089	3
1090	3
1091	3
1092	1
1093	2
1094	5
1095	3
1096	3
1097	4
1098	8
1099	4
1100	3
1101	3
1102	3
1103	3
1104	8
1105	6
1106	5
1107	6
1108	2
1109	2
1110	5
1111	7
1112	4
1113	1
1114	8
1115	4
1116	3
1117	7
1118	0
1119	3
1120	3
1121	3
1122	4
1123	2
1124	4
1125	5
1126	5
1127	4
1128	7
1129	0
1130	5
1131	9
1132	7
1133	2
1134	6
1135	6
1136	9
1137	7
1138	6
1139	6
1140	3
1141	6
1142	7
1143	6
1144	3
1145	10
1146	7
1147	5
1148	4
1149	2
1150	15
1151	11
1152	11
1153	4
1154	5
1155	3
1156	5
1157	6
1158	2
1159	8
1160	5
1161	3
1162	8
1163	8
1164	4
1165	4
1166	4
1167	9
1168	5
1169	6
1170	5
1171	7
1172	4
1173	1
1174	9
1175	10
1176	10
1177	13
1178	5
1179	8
1180	7
1181	3
1182	6
1183	13
1184	6
1185	10
1186	9
1187	8
1188	4
1189	18
1190	9
1191	7
1192	6
1193	5
1194	14
1195	3
1196	13
1197	15
1198	3
1199	5
1200	11
1201	12
1202	6
1203	6
1204	6
1205	7
1206	7
1207	6
1208	7
1209	8
1210	9
1211	10
1212	4
1213	12
1214	6
1215	7
1216	9
1217	4
1218	9
1219	10
1220	10
1221	10
1222	13
1223	12
1224	7
1225	10
1226	11
1227	14
1228	5
1229	13
1230	10
1231	16
1232	17
1233	8
1234	10
1235	8
1236	12
1237	10
1238	9
1239	14
1240	24
1241	13
1242	10
1243	14
1244	14
1245	9
1246	7
1247	13
1248	13
1249	11
1250	7
1251	14
1252	7
1253	14
1254	13
1255	17
1256	18
1257	10
1258	18
1259	14
1260	11
1261	14
1262	16
1263	10
1264	13
1265	14
1266	20
1267	10
1268	20
1269	31
1270	14
1271	17
1272	17
1273	25
1274	22
1275	15
1276	22
1277	19
1278	20
1279	22
1280	17
1281	19
1282	23
1283	22
1284	20
1285	23
1286	18
1287	24
1288	23
1289	26
1290	18
1291	29
1292	19
1293	19
1294	20
1295	29
1296	28
1297	29
1298	40
1299	34
1300	23
1301	32
1302	28
1303	30
1304	37
1305	32
1306	34
1307	32
1308	37
1309	19
1310	38
1311	38
1312	28
1313	28
1314	31
1315	32
1316	27
1317	35
1318	32
1319	33
1320	52
1321	63
1322	40
1323	45
1324	47
1325	48
1326	48
1327	40
1328	57
1329	42
1330	62
1331	61
1332	48
1333	63
1334	63
1335	57
1336	46
1337	71
1338	66
1339	64
1340	52
1341	60
1342	73
1343	64
1344	73
1345	58
1346	76
1347	80
1348	87
1349	80
1350	81
1351	88
1352	74
1353	85
1354	84
1355	71
1356	96
1357	103
1358	101
1359	91
1360	104
1361	107
1362	101
1363	111
1364	104
1365	114
1366	102
1367	151
1368	125
1369	117
1370	121
1371	125
1372	133
1373	117
1374	140
1375	125
1376	124
1377	150
1378	141
1379	142
1380	136
1381	155
1382	149
1383	138
1384	151
1385	157
1386	168
1387	176
1388	185
1389	161
1390	176
1391	191
1392	169
1393	181
1394	192
1395	212
1396	192
1397	200
1398	182
1399	209
1400	204
1401	191
1402	220
1403	193
1404	240
1405	233
1406	234
1407	207
1408	228
1409	224
1410	224
1411	223
1412	228
1413	236
1414	253
1415	266
1416	242
1417	242
1418	271
1419	232
1420	275
1421	275
1422	280
1423	260
1424	260
1425	256
1426	257
1427	301
1428	275
1429	278
1430	291
1431	319
1432	297
1433	326
1434	283
1435	280
1436	278
1437	294
1438	290
1439	338
1440	310
1441	315
1442	292
1443	307
1444	315
1445	309
1446	305
1447	312
1448	322
1449	297
1450	314
1451	278
1452	298
1453	307
1454	302
1455	304
1456	283
1457	312
1458	336
1459	270
1460	328
1461	297
1462	303
1463	310
1464	269
1465	285
1466	294
1467	250
1468	281
1469	278
1470	275
1471	275
1472	241
1473	273
1474	254
1475	284
1476	238
1477	271
1478	255
1479	252
1480	218
1481	263
1482	233
1483	241
1484	224
1485	214
1486	211
1487	194
1488	213
1489	197
1490	225
1491	188
1492	212
1493	201
1494	228
1495	181
1496	185
1497	167
1498	174
1499	177
1500	169
1501	144
1502	150
1503	140
1504	163
1505	153
1506	141
1507	137
1508	128
1509	130
1510	134
1511	129
1512	119
1513	112
1514	121
1515	112
1516	100
1517	86
1518	107
1519	91
1520	89
1521	81
1522	90
1523	79
1524	102
1525	81
1526	76
1527	62
1528	67
1529	72
1530	71
1531	64
1532	65
1533	56
1534	50
1535	61
1536	47
1537	60
1538	47
1539	38
1540	47
1541	51
1542	47
1543	35
1544	39
1545	36
1546	35
1547	27
1548	35
1549	39
1550	23
1551	30
1552	29
1553	23
1554	27
1555	20
1556	31
1557	15
1558	29
1559	16
1560	18
1561	24
1562	20
1563	19
1564	19
1565	11
1566	12
1567	10
1568	10
1569	15
1570	10
1571	2
1572	13
1573	9
1574	10
1575	12
1576	7
1577	5
1578	7
1579	5
1580	3
1581	5
1582	3
1583	7
1584	4
1585	7
1586	4
1587	3
1588	1
1589	4
1590	1
1591	4
1592	3
1593	4
1594	2
1595	0
1596	1
1597	1
1598	1
1599	3
1600	2
1601	2
1602	0
1603	1
1604	1
1605	0
1606	0
1607	0
1608	0
1609	0
1610	0
1611	0
1612	1
1613	0
1614	0
1615	1
1616	1
1617	0
1618	1
1619	0
1620	0
1621	0
1622	0
1623	0
1624	0
1625	0
1626	0
1627	0
1628	0
1629	0
1630	0
1631	0
1632	0
1633	0
1634	0
1635	0
1636	0
1637	0
1638	0
1639	0
1640	0
1641	0
1642	0
1643	0
1644	0
1645	0
1646	0
1647	0
1648	0
1649	0
1650	0
1651	0
1652	0
1653	1
1654	0
1655	0
1656	0
1657	0
1658	0
1659	0
1660	0
1661	0
1662	0
1663	0
1664	0
1665	0
1666	0
1667	0
1668	0
1669	0
1670	0
1671	0
1672	0
1673	0
1674	0
1675	0
1676	0
1677	0
1678	0
1679	0
1680	0
1681	0
1682	0
1683	0
1684	0
1685	0
1686	0
1687	0
1688	0
1689	0
1690	0
1691	0
1692	0
1693	1
1694	0
1695	0
1696	0
1697	0
1698	0
1699	0
1700	0
1701	0
1702	0
1703	0
1704	0
1705	0
1706	0
1707	0
1708	0
1709	0
1710	0
1711	0
1712	0
1713	0
1714	0
1715	0
1716	0
1717	0
1718	0
1719	0
1720	0
1721	0
1722	0
1723	0
1724	0
1725	0
1726	0
1727	0
1728	0
1729	0
1730	0
1731	0
1732	0
1733	0
1734	0
1735	0
1736	0
1737	0
1738	0
1739	0
1740	0
1741	0
1742	0
1743	0
1744	0
1745	0
1746	0
1747	0
1748	0
1749	0
1750	0
1751	0
1752	0
1753	0
1754	0
1755	0
1756	0
1757	0
1758	0
1759	0
1760	0
1761	0
1762	0
1763	0
1764	0
1765	0
1766	0
1767	0
1768	0
1769	0
1770	0
1771	0
1772	0
1773	0
1774	0
1775	0
1776	0
1777	0
1778	0
1779	0
1780	0
1781	0
1782	0
1783	0
1784	0
1785	0
1786	0
1787	0
1788	0
1789	0
1790	0
1791	0
1792	0
1793	0
1794	0
1795	0
1796	0
1797	0
1798	0
1799	0
1800	0
1801	0
1802	0
1803	0
1804	0
1805	0
1806	0
1807	0
1808	1
1809	1
1810	0
1811	0
1812	0
1813	0
1814	0
1815	0
1816	0
1817	0
1818	0
1819	0
1820	0
1821	0
1822	0
1823	0
1824	0
1825	0
1826	0
1827	0
1828	0
1829	0
1830	0
1831	0
1832	0
1833	0
1834	0
1835	0
1836	0
1837	0
1838	0
1839	0
1840	0
1841	0
1842	0
1843	0
1844	0
1845	0
1846	0
1847	0
1848	0
1849	0
1850	0
1851	0
1852	0
1853	0
1854	0
1855	0
1856	0
1857	1
1858	0
1859	0
1860	0
1861	0
1862	0
1863	0
1864	1
1865	0
1866	0
1867	0
1868	0
1869	0
1870	0
1871	0
1872	0
1873	0
1874	0
1875	0
1876	0
1877	0
1878	0
1879	0
1880	0
1881	0
1882	0
1883	0
1884	0
1885	0
1886	0
1887	0
1888	0
1889	0
1890	0
1891	0
1892	0
1893	0
1894	0
1895	0
1896	0
1897	0
1898	0
1899	0
1900	0
1901	0
1902	0
1903	0
1904	0
1905	0
1906	0
1907	0
1908	0
1909	0
1910	0
1911	0
1912	0
1913	0
1914	0
1915	0
1916	0
1917	0
1918	0
1919	0
1920	0
1921	0
1922	0
1923	0
1924	0
1925	0
1926	0
1927	0
1928	0
1929	0
1930	0
1931	0
1932	0
1933	0
1934	0
1935	0
1936	0
1937	0
1938	0
1939	0
1940	0
1941	0
1942	0
1943	0
1944	0
1945	0
1946	0
1947	0
1948	0
1949	0
1950	0
1951	0
1952	0
1953	0
1954	0
1955	0
1956	0
1957	1
1958	0
1959	0
1960	0
1961	0
1962	0
1963	0
1964	0
1965	0
1966	0
1967	0
1968	0
1969	0
1970	0
1971	0
1972	0
1973	0
1974	0
1975	1
1976	0
1977	0
1978	1
1979	0
1980	0
1981	0
1982	0
1983	0
1984	0
1985	0
1986	0
1987	0
1988	0
1989	0
1990	0
1991	0
1992	0
1993	0
1994	0
1995	0
1996	0
1997	0
1998	0
1999	0
2000	0
2001	0
2002	0
2003	0
2004	0
2005	0
2006	0
2007	1
2008	0
2009	0
2010	0
2011	0
2012	0
2013	0
2014	0
2015	0
2016	0
2017	0
2018	0
2019	0
2020	0
2021	0
2022	0
2023	0
2024	0
2025	0
2026	0
2027	0
2028	0
2029	0
2030	0
2031	0
2032	0
2033	0
2034	0
2035	0
2036	0
2037	0
2038	0
2039	0
2040	0
2041	0
2042	0
2043	0
2044	0
2045	0
2046	0
2047	0
