$SPEC_ID:
No sample description was entered.
$SPEC_REM:
DET# 1
DETDESC# 
AP# Maestro Version 6.08
$DATE_MEA:
09/19/2017 09:21:29
$MEAS_TIM:
120 120
$DATA:
0 2047
       0
       0
       0
       0
       0
       0
       0
       0
       0
       0
       0
       0
       0
       0
       0
       0
       0
       0
       0
       0
       0
       0
       0
       0
       0
       0
       0
       0
       0
       0
       0
       0
       0
       0
       0
       0
       0
       0
       0
       0
       0
       0
       0
       0
       0
       0
       0
       0
       0
       0
       0
       0
       0
       0
       0
       0
       0
       0
       0
       0
       0
       0
       0
       0
       0
       0
       0
       0
       0
       0
       0
       0
       0
       0
       0
       0
       0
       0
       0
       0
       0
       0
       0
       0
       0
       0
       0
       0
       0
       0
       0
       0
       0
       0
       0
       0
       0
       0
       0
       0
       0
       0
       0
       0
       0
       0
       0
       0
       0
       0
       0
       0
       0
       0
       0
       0
       0
       0
       0
       0
       0
       0
       0
       0
       0
       0
       0
       0
       0
       0
       0
       0
       0
       0
       0
       0
       0
       0
       0
       0
       0
       0
       0
       0
       0
       0
       0
       0
       0
       0
       0
       0
       0
       0
       0
       0
       0
       0
       0
       0
       0
       0
       0
       0
       0
       0
       0
       0
       0
       0
       0
       0
       0
       0
       0
       0
       0
       0
       0
       0
       0
       0
       0
       0
       0
       0
       0
       0
       0
       0
       0
       0
       0
       0
       0
       0
       0
       1
       1
       1
       1
       2
       1
       2
       2
       1
       2
       2
       1
       0
       1
       2
       0
       1
       0
       0
       1
       1
       3
       0
       1
       1
       0
       0
       2
       1
       2
       1
       2
       1
       0
       0
       3
       2
       5
       0
       0
       0
       0
       1
       0
       1
       3
       2
       4
       0
       2
       2
       1
       1
       0
       0
       0
       1
       3
       0
       0
       2
       1
       1
       1
       0
       1
       0
       2
       0
       3
       0
       1
       2
       0
       0
       2
       1
       1
       2
       0
       0
       1
       1
       2
       1
       3
       0
       2
       0
       3
       0
       3
       2
       1
       0
       0
       1
       0
       1
       6
       1
       1
       1
       0
       2
       1
       2
       3
       2
       2
       1
       2
       2
       1
       5
       0
       1
       2
       1
       2
       5
       1
       0
       1
       3
       1
       1
       0
       0
       1
       2
       3
       1
       0
       1
       1
       1
       1
       1
       2
       0
       1
       1
       2
       1
       3
       1
       1
       2
       0
       0
       0
       2
       2
       2
       0
       2
       0
       0
       3
       0
       1
       2
       0
       0
       1
       1
       4
       2
       1
       0
       1
       2
       1
       0
       2
       1
       0
       3
       0
       1
       0
       0
       2
       0
       1
       0
       0
       0
       2
       1
       3
       2
       0
       3
       1
       1
       1
       0
       1
       1
       0
       0
       0
       5
       0
       0
       0
       1
       3
       1
       0
       0
       1
       0
       0
       2
       2
       1
       1
       3
       0
       3
       1
       2
       0
       1
       1
       2
       6
       3
       1
       3
       2
       2
       2
       0
       2
       1
       2
       0
       1
       0
       1
       0
       0
       1
       1
       3
       4
       1
       0
       3
       1
       1
       3
       0
       2
       2
       1
       2
       1
       1
       1
       2
       0
       1
       1
       3
       1
       1
       1
       2
       2
       4
       6
       1
       1
       4
       1
       1
       3
       2
       1
       1
       1
       4
       1
       2
       3
       3
       3
       2
       3
       0
       0
       2
       1
       1
       0
       0
       1
       2
       4
       1
       1
       4
       2
       1
       0
       1
       0
       4
       4
       4
       4
       0
       0
       3
       0
       2
       3
       1
       1
       0
       1
       2
       0
       1
       2
       0
       0
       1
       1
       2
       1
       3
       5
       2
       0
       2
       1
       2
       1
       1
       1
       1
       1
       0
       0
       3
       0
       0
       1
       1
       5
       3
       1
       2
       1
       1
       3
       1
       1
       2
       1
       2
       3
       0
       5
       0
       0
       2
       2
       1
       3
       1
       1
       0
       0
       1
       1
       1
       2
       1
       4
       2
       0
       1
       3
       3
       1
       0
       4
       1
       1
       3
       2
       0
       1
       3
       0
       1
       3
       1
       0
       1
       2
       3
       2
       1
       4
       1
       1
       0
       3
       1
       4
       4
       0
       1
       1
       2
       4
       1
       3
       1
       1
       2
       1
       0
       1
       0
       4
       4
       2
       1
       0
       5
       6
       2
       4
       2
       1
       1
       0
       2
       1
       1
       0
       1
       2
       2
       2
       4
       1
       6
       4
       2
       1
       1
       1
       2
       3
       1
       0
       1
       1
       2
       4
       1
       2
       3
       1
       2
       0
       3
       1
       3
       2
       0
       4
       1
       5
       1
       3
       3
       3
       2
       1
       2
       1
       3
       4
       2
       0
       1
       2
       0
       1
       2
       4
       1
       2
       1
       0
       1
       1
       3
       3
       1
       3
       5
       0
       3
       1
       6
       0
       1
       1
       2
       2
       2
       1
       2
       1
       0
       1
       2
       1
       0
       1
       4
       1
       2
       5
       6
       1
       2
       1
       2
       1
       1
       1
       1
       3
       1
       0
       0
       1
       3
       1
       1
       3
       2
       2
       0
       1
       2
       2
       1
       1
       1
       3
       1
       2
       1
       3
       3
       1
       1
       3
       1
       2
       3
       2
       1
       3
       3
       0
       3
       2
       3
       2
       3
       3
       2
       4
       3
       1
       3
       1
       0
       1
       3
       2
       1
       2
       0
       4
       2
       1
       2
       1
       3
       4
       2
       1
       2
       4
       0
       0
       0
       3
       1
       2
       5
       2
       3
       0
       5
       1
       0
       0
       1
       3
       1
       0
       1
       1
       2
       3
       2
       5
       4
       1
       1
       0
       2
       3
       5
       1
       6
       0
       1
       2
       4
       0
       3
       2
       2
       2
       1
       2
       0
       0
       5
       1
       1
       2
       2
       1
       1
       1
       1
       2
       3
       1
       6
       2
       1
       3
       2
       2
       4
       1
       1
       3
       1
       5
       5
       2
       0
       2
       1
       4
       1
       2
       2
       2
       1
       3
       3
       2
       4
       4
       2
       2
       3
       1
       6
       5
       4
       0
       2
       0
       1
       5
       3
       3
       1
       2
       3
       0
       2
       1
       2
       0
       0
       3
       1
       5
       2
       1
       2
       1
       2
       1
       1
       3
       1
       1
       1
       1
       1
       1
       2
       0
       3
       0
       8
       3
       4
       3
       2
       2
       0
       2
       4
       1
       2
       2
       4
       0
       2
       1
       3
       5
       4
       2
       4
       6
       1
       3
       3
       2
       4
       5
       0
       2
       5
       2
       2
       1
       1
       2
       3
       0
       2
       1
       0
       4
       2
       3
       4
       2
       1
       1
       5
       4
       3
       1
       0
       3
       4
       1
       4
       2
       2
       1
       3
       4
       2
       0
       2
       3
       3
       4
       1
       2
       2
       0
       2
       2
       6
       2
       1
       1
       4
       4
       4
       3
       1
       3
       4
       3
       2
       3
       3
       5
       4
       0
       3
       1
       2
       1
       2
       1
       5
       6
       6
       2
       3
       4
       6
       5
       2
       7
       2
       0
       3
       3
       3
       0
       5
       0
       3
       2
       3
       5
       3
       5
       2
       1
       3
       0
       3
       4
       3
       8
       3
       1
       4
       4
       2
       3
       2
       4
       6
       0
       8
       3
       3
       6
       5
       2
       1
       1
       2
       2
       9
       1
       3
       3
       3
       1
       2
       5
       3
       3
       4
       8
       4
       3
       3
       3
       3
       8
       6
       5
       6
       2
       2
       5
       7
       4
       1
       8
       4
       3
       7
       0
       3
       3
       3
       4
       2
       4
       5
       5
       4
       7
       0
       5
       9
       7
       2
       6
       6
       9
       7
       6
       6
       3
       6
       7
       6
       3
      10
       7
       5
       4
       2
      15
      11
      11
       4
       5
       3
       5
       6
       2
       8
       5
       3
       8
       8
       4
       4
       4
       9
       5
       6
       5
       7
       4
       1
       9
      10
      10
      13
       5
       8
       7
       3
       6
      13
       6
      10
       9
       8
       4
      18
       9
       7
       6
       5
      14
       3
      13
      15
       3
       5
      11
      12
       6
       6
       6
       7
       7
       6
       7
       8
       9
      10
       4
      12
       6
       7
       9
       4
       9
      10
      10
      10
      13
      12
       7
      10
      11
      14
       5
      13
      10
      16
      17
       8
      10
       8
      12
      10
       9
      14
      24
      13
      10
      14
      14
       9
       7
      13
      13
      11
       7
      14
       7
      14
      13
      17
      18
      10
      18
      14
      11
      14
      16
      10
      13
      14
      20
      10
      20
      31
      14
      17
      17
      25
      22
      15
      22
      19
      20
      22
      17
      19
      23
      22
      20
      23
      18
      24
      23
      26
      18
      29
      19
      19
      20
      29
      28
      29
      40
      34
      23
      32
      28
      30
      37
      32
      34
      32
      37
      19
      38
      38
      28
      28
      31
      32
      27
      35
      32
      33
      52
      63
      40
      45
      47
      48
      48
      40
      57
      42
      62
      61
      48
      63
      63
      57
      46
      71
      66
      64
      52
      60
      73
      64
      73
      58
      76
      80
      87
      80
      81
      88
      74
      85
      84
      71
      96
     103
     101
      91
     104
     107
     101
     111
     104
     114
     102
     151
     125
     117
     121
     125
     133
     117
     140
     125
     124
     150
     141
     142
     136
     155
     149
     138
     151
     157
     168
     176
     185
     161
     176
     191
     169
     181
     192
     212
     192
     200
     182
     209
     204
     191
     220
     193
     240
     233
     234
     207
     228
     224
     224
     223
     228
     236
     253
     266
     242
     242
     271
     232
     275
     275
     280
     260
     260
     256
     257
     301
     275
     278
     291
     319
     297
     326
     283
     280
     278
     294
     290
     338
     310
     315
     292
     307
     315
     309
     305
     312
     322
     297
     314
     278
     298
     307
     302
     304
     283
     312
     336
     270
     328
     297
     303
     310
     269
     285
     294
     250
     281
     278
     275
     275
     241
     273
     254
     284
     238
     271
     255
     252
     218
     263
     233
     241
     224
     214
     211
     194
     213
     197
     225
     188
     212
     201
     228
     181
     185
     167
     174
     177
     169
     144
     150
     140
     163
     153
     141
     137
     128
     130
     134
     129
     119
     112
     121
     112
     100
      86
     107
      91
      89
      81
      90
      79
     102
      81
      76
      62
      67
      72
      71
      64
      65
      56
      50
      61
      47
      60
      47
      38
      47
      51
      47
      35
      39
      36
      35
      27
      35
      39
      23
      30
      29
      23
      27
      20
      31
      15
      29
      16
      18
      24
      20
      19
      19
      11
      12
      10
      10
      15
      10
       2
      13
       9
      10
      12
       7
       5
       7
       5
       3
       5
       3
       7
       4
       7
       4
       3
       1
       4
       1
       4
       3
       4
       2
       0
       1
       1
       1
       3
       2
       2
       0
       1
       1
       0
       0
       0
       0
       0
       0
       0
       1
       0
       0
       1
       1
       0
       1
       0
       0
       0
       0
       0
       0
       0
       0
       0
       0
       0
       0
       0
       0
       0
       0
       0
       0
       0
       0
       0
       0
       0
       0
       0
       0
       0
       0
       0
       0
       0
       0
       0
       0
       1
       0
       0
       0
       0
       0
       0
       0
       0
       0
       0
       0
       0
       0
       0
       0
       0
       0
       0
       0
       0
       0
       0
       0
       0
       0
       0
       0
       0
       0
       0
       0
       0
       0
       0
       0
       0
       0
       0
       0
       1
       0
       0
       0
       0
       0
       0
       0
       0
       0
       0
       0
       0
       0
       0
       0
       0
       0
       0
       0
       0
       0
       0
       0
       0
       0
       0
       0
       0
       0
       0
       0
       0
       0
       0
       0
       0
       0
       0
       0
       0
       0
       0
       0
       0
       0
       0
       0
       0
       0
       0
       0
       0
       0
       0
       0
       0
       0
       0
       0
       0
       0
       0
       0
       0
       0
       0
       0
       0
       0
       0
       0
       0
       0
       0
       0
       0
       0
       0
       0
       0
       0
       0
       0
       0
       0
       0
       0
       0
       0
       0
       0
       0
       0
       0
       0
       0
       0
       0
       0
       0
       0
       0
       0
       0
       0
       0
       0
       0
       0
       0
       0
       0
       0
       0
       1
       1
       0
       0
       0
       0
       0
       0
       0
       0
       0
       0
       0
       0
       0
       0
       0
       0
       0
       0
       0
       0
       0
       0
       0
       0
       0
       0
       0
       0
       0
       0
       0
       0
       0
       0
       0
       0
       0
       0
       0
       0
       0
       0
       0
       0
       0
       0
       0
       1
       0
       0
       0
       0
       0
       0
       1
       0
       0
       0
       0
       0
       0
       0
       0
       0
       0
       0
       0
       0
       0
       0
       0
       0
       0
       0
       0
       0
       0
       0
       0
       0
       0
       0
       0
       0
       0
       0
       0
       0
       0
       0
       0
       0
       0
       0
       0
       0
       0
       0
       0
       0
       0
       0
       0
       0
       0
       0
       0
       0
       0
       0
       0
       0
       0
       0
       0
       0
       0
       0
       0
       0
       0
       0
       0
       0
       0
       0
       0
       0
       0
       0
       0
       0
       0
       0
       0
       0
       0
       0
       0
       0
       0
       0
       0
       0
       0
       0
       0
       1
       0
       0
       0
       0
       0
       0
       0
       0
       0
       0
       0
       0
       0
       0
       0
       0
       0
       1
       0
       0
       1
       0
       0
       0
       0
       0
       0
       0
       0
       0
       0
       0
       0
       0
       0
       0
       0
       0
       0
       0
       0
       0
       0
       0
       0
       0
       0
       0
       0
       1
       0
       0
       0
       0
       0
       0
       0
       0
       0
       0
       0
       0
       0
       0
       0
       0
       0
       0
       0
       0
       0
       0
       0
       0
       0
       0
       0
       0
       0
       0
       0
       0
       0
       0
       0
       0
       0
       0
       0
       0
$ROI:
0
$PRESETS:
Live Time
1000000
0
$ENER_FIT:
0.000000 0.002526
$MCA_CAL:
3
0.000000E+000 2.525835E-003 0.000000E+000 keV
$SHAPE_CAL:
3
0.000000E+000 0.000000E+000 0.000000E+000
