$SPEC_ID:
No sample description was entered.
$SPEC_REM:
DET# 1
DETDESC# 
AP# Maestro Version 6.08
$DATE_MEA:
09/19/2017 09:23:47
$MEAS_TIM:
121 121
$DATA:
0 2047
       0
       0
       0
       0
       0
       0
       0
       0
       0
       0
       0
       0
       0
       0
       0
       0
       0
       0
       0
       0
       0
       0
       0
       0
       0
       0
       0
       0
       0
       0
       0
       0
       0
       0
       0
       0
       0
       0
       0
       0
       0
       0
       0
       0
       0
       0
       0
       0
       0
       0
       0
       0
       0
       0
       0
       0
       0
       0
       0
       0
       0
       0
       0
       0
       0
       0
       0
       0
       0
       0
       0
       0
       0
       0
       0
       0
       0
       0
       0
       0
       0
       0
       0
       0
       0
       0
       0
       0
       0
       0
       0
       0
       0
       0
       0
       0
       0
       0
       0
       0
       0
       0
       0
       0
       0
       0
       0
       0
       0
       0
       0
       0
       0
       0
       0
       0
       0
       0
       0
       0
       0
       0
       0
       0
       0
       0
       0
       0
       0
       0
       0
       0
       0
       0
       0
       0
       0
       0
       0
       0
       0
       0
       0
       0
       0
       0
       0
       0
       0
       0
       0
       0
       0
       0
       0
       0
       0
       0
       0
       0
       0
       0
       0
       0
       0
       0
       0
       0
       0
       0
       0
       0
       0
       0
       0
       0
       0
       0
       0
       0
       0
       0
       0
       0
       0
       0
       0
       0
       0
       0
       0
       0
       0
       0
       0
       0
       0
       1
       0
       0
       3
       1
       1
       0
       0
       2
       3
       0
       0
       1
       1
       2
       0
       1
       1
       1
       0
       0
       0
       2
       1
       2
       2
       0
       1
       0
       0
       1
       0
       2
       3
       4
       2
       0
       0
       1
       1
       0
       1
       1
       2
       0
       1
       1
       0
       1
       2
       4
       2
       1
       2
       0
       1
       1
       3
       1
       1
       3
       0
       0
       1
       2
       2
       1
       2
       3
       0
       3
       1
       3
       3
       1
       0
       6
       3
       1
       3
       0
       0
       1
       1
       2
       2
       1
       2
       1
       2
       2
       2
       1
       3
       2
       2
       2
       1
       4
       0
       2
       0
       1
       2
       2
       0
       2
       1
       3
       2
       1
       5
       1
       2
       0
       1
       0
       0
       2
       1
       1
       1
       3
       0
       1
       2
       0
       0
       2
       3
       2
       3
       2
       1
       2
       0
       1
       0
       1
       1
       1
       1
       1
       2
       2
       3
       3
       0
       1
       1
       2
       2
       0
       2
       1
       1
       1
       1
       0
       3
       1
       1
       0
       4
       1
       2
       1
       0
       0
       1
       3
       2
       1
       2
       1
       2
       0
       1
       0
       2
       2
       1
       0
       2
       1
       1
       0
       0
       1
       1
       0
       2
       2
       1
       1
       0
       0
       1
       1
       0
       3
       0
       2
       2
       0
       2
       1
       0
       1
       0
       0
       1
       2
       0
       2
       0
       2
       4
       0
       3
       1
       1
       0
       0
       5
       0
       0
       2
       6
       0
       0
       1
       2
       2
       0
       0
       4
       1
       0
       4
       2
       2
       2
       2
       1
       3
       1
       2
       2
       0
       1
       2
       2
       1
       1
       2
       1
       2
       1
       0
       1
       1
       1
       0
       0
       3
       0
       1
       1
       1
       0
       3
       4
       1
       0
       0
       1
       0
       1
       0
       1
       0
       2
       1
       2
       3
       1
       0
       1
       0
       0
       1
       0
       2
       3
       1
       4
       0
       4
       1
       1
       3
       3
       1
       2
       2
       3
       0
       0
       0
       1
       1
       1
       1
       2
       2
       2
       1
       2
       1
       1
       2
       0
       2
       3
       1
       0
       1
       1
       0
       1
       2
       0
       0
       0
       3
       3
       0
       2
       0
       1
       1
       1
       1
       3
       1
       0
       1
       1
       1
       2
       0
       1
       2
       1
       3
       1
       1
       0
       2
       0
       1
       1
       3
       2
       1
       1
       2
       1
       0
       4
       0
       2
       1
       1
       1
       1
       2
       4
       1
       2
       1
       0
       2
       1
       1
       1
       2
       2
       2
       1
       1
       2
       3
       0
       1
       3
       2
       1
       4
       0
       3
       0
       5
       0
       2
       2
       2
       2
       2
       3
       3
       2
       3
       3
       3
       3
       1
       0
       3
       3
       2
       2
       1
       0
       1
       2
       1
       3
       2
       0
       0
       0
       2
       3
       0
       1
       2
       4
       0
       0
       1
       3
       1
       2
       3
       0
       1
       0
       3
       1
       0
       0
       2
       1
       2
       1
       1
       1
       0
       1
       1
       1
       1
       0
       0
       4
       1
       0
       2
       1
       0
       2
       2
       2
       2
       1
       3
       2
       0
       1
       1
       1
       1
       2
       1
       3
       5
       4
       2
       1
       3
       4
       3
       3
       0
       1
       2
       1
       3
       1
       2
       0
       6
       1
       4
       0
       2
       2
       3
       3
       0
       5
       3
       2
       2
       0
       3
       3
       1
       0
       2
       2
       2
       0
       3
       5
       1
       2
       2
       3
       1
       4
       2
       0
       0
       1
       1
       5
       2
       2
       4
       2
       2
       2
       2
       1
       0
       3
       1
       5
       0
       3
       4
       3
       5
       3
       1
       1
       0
       2
       2
       1
       1
       1
       0
       1
       4
       2
       1
       1
       1
       2
       1
       2
       3
       2
       1
       4
       3
       1
       1
       1
       1
       1
       0
       2
       1
       3
       2
       3
       2
       2
       2
       1
       3
       2
       3
       1
       0
       1
       0
       4
       3
       2
       1
       1
       3
       3
       2
       1
       3
       1
       0
       4
       2
       1
       2
       2
       2
       4
       3
       2
       1
       3
       1
       2
       2
       1
       3
       1
       2
       6
       2
       2
       2
       1
       1
       3
       3
       2
       1
       1
       0
       2
       3
       0
       1
       1
       2
       1
       3
       5
       2
       3
       3
       2
       5
       2
       4
       2
       2
       2
       0
       2
       2
       1
       2
       3
       0
       2
       2
       0
       2
       1
       4
       3
       4
       1
       3
       0
       3
       2
       0
       2
       2
       1
       1
       3
       0
       3
       3
       2
       0
       0
       0
       1
       3
       2
       2
       0
       3
       4
       1
       1
       2
       2
       1
       2
       2
       1
       2
       2
       1
       0
       2
       0
       1
       0
       2
       2
       3
       0
       2
       0
       1
       5
       3
       3
       3
       1
       2
       3
       2
       5
       0
       0
       1
       3
       4
       1
       2
       2
       2
       0
       4
       1
       1
       2
       2
       0
       1
       2
       1
       6
       3
       4
       1
       3
       1
       1
       1
       2
       2
       4
       3
       0
       1
       5
       3
       1
       2
       1
       1
       2
       0
       4
       2
       1
       0
       0
       3
       3
       3
       4
       4
       1
       5
       0
       1
       3
       3
       2
       3
       3
       3
       2
       3
       2
       2
       2
       2
       2
       1
       3
       2
       5
       1
       2
       3
       3
       4
       1
       3
       3
       3
       2
       4
       2
       1
       1
       5
       1
       4
       2
       6
       1
       2
       1
       1
       4
       1
       0
       3
       1
       4
       2
       2
       3
       2
       0
       2
       1
       2
       1
       1
       1
       0
       3
       4
       2
       2
       2
       2
       2
       2
       5
       0
       4
       3
       1
       6
       4
       3
       2
       2
       5
       1
       1
       2
       2
       2
       1
       4
       1
       3
       1
       1
       6
       3
       2
       8
       5
       5
       3
       2
       1
       1
       1
       5
       5
       7
       4
       3
       2
       4
       3
       3
       3
       1
      11
       4
       1
       3
       3
       2
       1
       1
       2
       4
       3
       2
       5
       2
       4
       4
       4
       4
       6
       6
       9
       1
       3
       4
       5
       8
       5
       6
       2
       5
       3
       3
       5
       5
       7
       4
       6
       9
       4
       7
       1
       2
       9
       4
       2
       6
       7
       8
       7
       5
       6
      13
       1
       7
       8
       4
       6
       4
       7
       6
       5
      18
       6
       7
       7
       9
      10
       2
       5
       2
       5
      13
       3
       4
       6
       5
      11
       7
       7
      11
       5
      10
      11
       7
       5
       9
       8
       5
       7
       3
       6
       6
       7
      11
       6
      15
       8
      11
       4
      13
       8
       7
       8
      10
       7
       6
       8
       5
       8
       6
       6
      11
      13
       8
      10
       6
       7
       5
       8
      13
      10
       7
       5
      12
      11
       8
      12
      11
      12
       9
      11
       6
      13
      14
       9
      12
       8
      12
       9
      15
       8
      14
       9
       6
       7
      13
      14
      13
      12
      16
      14
      12
      13
      15
      12
       8
      14
      14
      15
       7
      13
       7
       8
      12
      11
      19
      14
      20
      14
      18
      13
      24
      13
      15
      20
      23
      23
      16
      11
      18
      21
      27
      26
      21
      20
      23
      16
      25
      23
      26
      24
      14
      21
      27
      25
      27
      26
      32
      29
      34
      18
      19
      31
      38
      35
      28
      30
      28
      41
      31
      32
      27
      46
      38
      45
      40
      41
      45
      39
      43
      41
      46
      53
      46
      39
      48
      47
      48
      48
      44
      47
      43
      46
      48
      46
      60
      72
      68
      49
      55
      57
      66
      57
      68
      79
      61
      72
      72
      67
      65
      53
      74
      78
      77
      90
      71
      76
      79
      79
     113
     105
      87
      77
      93
      98
      88
     103
     120
     115
     121
     103
     125
     126
     116
     124
     125
     149
     126
     130
     120
     124
     138
     138
     154
     130
     144
     135
     125
     137
     161
     146
     190
     174
     183
     185
     161
     176
     184
     158
     198
     177
     189
     201
     184
     185
     194
     218
     212
     216
     216
     230
     223
     215
     235
     233
     204
     236
     264
     227
     239
     281
     277
     264
     265
     270
     261
     273
     268
     241
     260
     307
     291
     304
     280
     286
     272
     275
     284
     281
     311
     271
     307
     293
     286
     293
     317
     264
     304
     300
     301
     269
     332
     313
     279
     289
     279
     319
     249
     333
     294
     334
     295
     277
     269
     323
     319
     261
     280
     274
     286
     311
     279
     272
     269
     257
     281
     266
     268
     233
     261
     257
     238
     254
     232
     251
     216
     225
     217
     243
     230
     219
     211
     203
     197
     200
     204
     192
     181
     176
     194
     171
     157
     163
     179
     152
     178
     151
     163
     135
     125
     134
     145
     128
     132
     117
     137
     118
     118
     109
     111
     114
      97
     101
      81
      94
      76
      92
      99
      69
      82
      75
      82
      67
      55
      74
      61
      65
      63
      43
      60
      61
      46
      49
      56
      34
      59
      41
      42
      36
      34
      54
      26
      41
      31
      33
      28
      39
      19
      22
      30
      19
      11
      21
      23
      18
      15
      16
      18
      25
      16
      15
      12
      14
      10
      11
      12
       9
       6
       8
       4
      11
       4
       5
       6
       4
       6
       7
       5
       2
       5
       5
       2
       3
       4
       1
       1
       3
       2
       2
       0
       0
       0
       2
       1
       1
       0
       0
       1
       1
       1
       1
       1
       2
       0
       2
       1
       0
       0
       0
       1
       0
       1
       0
       0
       1
       1
       0
       0
       0
       0
       0
       0
       0
       1
       0
       0
       0
       0
       0
       0
       1
       0
       0
       0
       0
       0
       0
       0
       0
       0
       0
       0
       0
       0
       0
       0
       0
       0
       0
       0
       0
       0
       0
       0
       0
       0
       1
       0
       0
       0
       0
       0
       0
       0
       0
       0
       0
       0
       0
       0
       0
       0
       0
       0
       0
       0
       0
       0
       0
       0
       0
       0
       0
       0
       0
       0
       0
       0
       0
       0
       0
       0
       0
       0
       0
       0
       0
       0
       0
       0
       0
       0
       0
       0
       0
       0
       0
       0
       0
       0
       0
       0
       0
       0
       0
       0
       0
       0
       0
       0
       0
       0
       0
       0
       0
       0
       0
       0
       0
       0
       0
       0
       0
       0
       0
       0
       0
       0
       0
       0
       0
       0
       0
       0
       0
       0
       0
       0
       0
       0
       0
       0
       0
       0
       0
       0
       0
       0
       0
       0
       0
       0
       0
       0
       0
       0
       0
       0
       0
       0
       0
       0
       0
       0
       0
       0
       0
       0
       0
       0
       0
       0
       0
       0
       0
       0
       0
       0
       0
       0
       0
       0
       0
       0
       0
       0
       0
       0
       0
       0
       0
       0
       0
       0
       0
       0
       0
       0
       0
       0
       0
       0
       0
       0
       0
       0
       0
       0
       0
       0
       0
       0
       0
       0
       0
       0
       1
       0
       0
       0
       0
       0
       1
       0
       0
       0
       0
       0
       0
       0
       0
       0
       0
       0
       0
       0
       0
       0
       0
       0
       0
       0
       0
       0
       0
       0
       0
       0
       1
       0
       0
       0
       0
       0
       0
       0
       0
       0
       0
       0
       0
       0
       0
       0
       0
       0
       0
       0
       0
       0
       0
       0
       0
       0
       0
       0
       0
       0
       0
       0
       0
       0
       0
       1
       0
       0
       0
       0
       0
       0
       0
       0
       0
       0
       0
       0
       0
       0
       0
       0
       0
       0
       0
       0
       0
       0
       0
       0
       0
       0
       0
       0
       0
       1
       0
       0
       0
       0
       0
       0
       0
       0
       0
       0
       0
       0
       0
       0
       0
       0
       0
       0
       0
       0
       0
       0
       0
       0
       0
       0
       0
       0
       0
       0
       0
       0
       0
       0
       0
       0
       0
       0
       0
       0
       0
       0
       1
       0
       0
       0
       0
       0
       0
       0
       0
       0
       0
       0
       0
       0
       0
       0
       0
       0
       0
       0
       0
       0
       0
       0
       0
       0
       0
       0
       0
       0
       0
       0
       0
       0
       0
       0
       0
       0
       0
       0
       0
       0
       0
       0
       0
       0
       0
       0
       0
       0
       0
       0
       0
       0
       0
       0
       0
       0
       0
       0
       0
       0
       0
       0
       0
       0
       0
       0
       0
       0
       0
       0
       0
       0
       0
$ROI:
0
$PRESETS:
Live Time
1000000
0
$ENER_FIT:
0.000000 0.002526
$MCA_CAL:
3
0.000000E+000 2.525835E-003 0.000000E+000 keV
$SHAPE_CAL:
3
0.000000E+000 0.000000E+000 0.000000E+000
