$SPEC_ID:
No sample description was entered.
$SPEC_REM:
DET# 1
DETDESC# 
AP# Maestro Version 6.08
$DATE_MEA:
09/19/2017 09:11:47
$MEAS_TIM:
119 120
$DATA:
0 2047
       0
       0
       0
       0
       0
       0
       0
       0
       0
       0
       0
       0
       0
       0
       0
       0
       0
       0
       0
       0
       0
       0
       0
       0
       0
       0
       0
       0
       0
       0
       0
       0
       0
       0
       0
       0
       0
       0
       0
       0
       0
       0
       0
       0
       0
       0
       0
       0
       0
       0
       0
       0
       0
       0
       0
       0
       0
       0
       0
       0
       0
       0
       0
       0
       0
       0
       0
       0
       0
       0
       0
       0
       0
       0
       0
       0
       0
       0
       0
       0
       0
       0
       0
       0
       0
       0
       0
       0
       0
       0
       0
       0
       0
       0
       0
       0
       0
       0
       0
       0
       0
       0
       0
       0
       0
       0
       0
       0
       0
       0
       0
       0
       0
       0
       0
       0
       0
       0
       0
       0
       0
       0
       0
       0
       0
       0
       0
       0
       0
       0
       0
       0
       0
       0
       0
       0
       0
       0
       0
       0
       0
       0
       0
       0
       0
       0
       0
       0
       0
       0
       0
       0
       0
       0
       0
       0
       0
       0
       0
       0
       0
       0
       0
       0
       0
       0
       0
       0
       0
       0
       0
       0
       0
       0
       0
       0
       0
       0
       0
       0
       0
       0
       0
       0
       0
       0
       0
       0
       0
       0
       0
       0
       0
       0
       0
       0
       0
       0
       4
       0
       1
       2
       1
       1
       0
       4
       4
       1
       0
       1
       1
       1
       2
       2
       0
       1
       0
       1
       2
       0
       4
       0
       2
       0
       0
       1
       1
       3
       1
       1
       0
       0
       1
       2
       1
       1
       1
       1
       1
       0
       1
       1
       0
       3
       1
       1
       0
       2
       0
       1
       0
       1
       0
       1
       2
       3
       1
       2
       2
       1
       2
       1
       1
       3
       0
       1
       1
       2
       0
       2
       0
       0
       1
       3
       4
       1
       1
       2
       0
       1
       0
       1
       1
       0
       0
       2
       2
       0
       0
       1
       2
       1
       1
       2
       2
       3
       1
       0
       1
       0
       1
       1
       3
       1
       1
       0
       3
       2
       0
       1
       2
       0
       1
       2
       3
       3
       2
       1
       0
       1
       1
       2
       0
       0
       0
       2
       2
       1
       0
       1
       2
       0
       2
       2
       1
       0
       1
       4
       2
       2
       1
       3
       1
       1
       1
       0
       2
       2
       4
       1
       1
       1
       2
       2
       1
       0
       3
       2
       4
       1
       2
       2
       1
       3
       3
       2
       0
       0
       1
       0
       2
       1
       1
       0
       1
       3
       2
       1
       2
       1
       2
       1
       1
       0
       3
       2
       2
       2
       0
       0
       2
       2
       2
       2
       0
       2
       0
       0
       0
       2
       1
       2
       2
       3
       1
       2
       2
       2
       1
       0
       4
       0
       1
       0
       1
       2
       0
       2
       2
       2
       2
       0
       0
       0
       4
       2
       1
       3
       3
       0
       1
       2
       1
       2
       2
       0
       2
       0
       1
       1
       1
       2
       3
       0
       3
       0
       2
       0
       4
       2
       1
       3
       1
       0
       1
       1
       0
       0
       3
       2
       0
       2
       0
       1
       1
       2
       1
       1
       2
       1
       2
       2
       3
       1
       2
       2
       2
       2
       4
       1
       3
       2
       3
       1
       3
       0
       2
       1
       2
       0
       4
       0
       3
       1
       2
       2
       0
       1
       2
       0
       1
       3
       2
       3
       2
       0
       2
       1
       3
       1
       2
       0
       0
       0
       3
       1
       2
       1
       2
       0
       2
       3
       2
       0
       4
       2
       0
       2
       4
       2
       1
       1
       0
       1
       1
       4
       1
       1
       2
       1
       0
       2
       3
       2
       2
       0
       2
       2
       5
       1
       3
       3
       1
       1
       1
       3
       1
       2
       1
       2
       4
       3
       2
       2
       4
       1
       2
       3
       1
       2
       1
       3
       0
       0
       2
       1
       0
       1
       1
       1
       0
       3
       0
       2
       2
       1
       1
       1
       2
       1
       1
       3
       3
       2
       1
       1
       1
       2
       0
       2
       0
       0
       3
       2
       3
       5
       1
       1
       0
       1
       1
       0
       1
       0
       5
       0
       2
       1
       2
       2
       3
       1
       0
       2
       1
       1
       0
       2
       2
       2
       2
       5
       1
       4
       0
       0
       3
       2
       2
       4
       3
       1
       1
       4
       1
       1
       2
       2
       2
       3
       2
       2
       1
       0
       2
       0
       2
       2
       0
       1
       3
       2
       1
       0
       0
       4
       2
       2
       2
       4
       1
       1
       1
       1
       0
       2
       1
       3
       0
       0
       2
       1
       1
       1
       1
       6
       1
       1
       2
       3
       0
       1
       2
       2
       2
       0
       0
       1
       3
       5
       1
       2
       2
       3
       4
       5
       1
       3
       1
       3
       0
       4
       2
       5
       3
       2
       3
       1
       3
       2
       1
       1
       4
       1
       1
       2
       6
       2
       2
       0
       2
       1
       2
       2
       0
       2
       0
       0
       2
       1
       1
       2
       1
       1
       3
       2
       0
       4
       1
       3
       2
       2
       2
       3
       2
       1
       0
       4
       0
       3
       2
       1
       2
       2
       1
       4
       3
       2
       2
       0
       0
       1
       2
       0
       1
       0
       3
       0
       1
       0
       1
       2
       2
       2
       2
       0
       4
       3
       3
       1
       4
       2
       0
       1
       1
       2
       1
       2
       1
       0
       3
       2
       1
       2
       4
       0
       3
       4
       1
       1
       2
       3
       1
       2
       1
       6
       0
       1
       5
       0
       0
       2
       3
       5
       3
       3
       6
       1
       2
       2
       1
       2
       1
       3
       1
       0
       2
       5
       1
       1
       1
       2
       1
       3
       4
       2
       3
       0
       0
       1
       3
       1
       0
       1
       2
       1
       1
       1
       1
       3
       3
       0
       1
       0
       3
       1
       3
       1
       0
       2
       0
       0
       0
       4
       2
       1
       2
       2
       2
       1
       2
       1
       2
       1
       4
       1
       3
       3
       0
       3
       1
       1
       2
       3
       2
       2
       1
       3
       3
       0
       0
       0
       2
       5
       2
       1
       1
       2
       3
       3
       1
       3
       2
       1
       0
       2
       1
       1
       2
       1
       0
       3
       1
       2
       0
       4
       1
       0
       0
       2
       3
       3
       2
       0
       7
       2
       0
       1
       3
       3
       0
       2
       4
       2
       1
       2
       3
       2
       3
       0
       2
       2
       5
       3
       2
       3
       2
       1
       2
       2
       3
       1
       2
       4
       1
       2
       0
       5
       1
       6
       1
       2
       0
       6
       1
       1
       0
       3
       1
       4
       3
       3
       2
       1
       0
       2
       1
       2
       1
       3
       3
       2
       1
       3
       1
       2
       4
       7
       2
       3
       0
       3
       3
       0
       5
       1
       5
       1
       3
       5
       4
       4
       4
       0
       3
       3
       1
       3
       1
       6
       2
       3
       2
       5
       3
       2
       1
       1
       2
       6
       4
       1
       0
       4
       5
       1
       3
       3
       0
       2
       2
       1
       3
       3
       4
       2
       2
       0
       3
       4
       8
       3
       2
       4
       5
       5
       3
       5
       3
       5
       2
       5
       0
       4
       3
       1
       3
       6
       3
       2
       1
       5
       1
       1
       4
       4
       3
       3
       3
       2
       4
       2
       7
       3
       4
       4
       6
       6
       3
       2
       2
       7
       4
       5
       4
       5
       3
       8
       2
       0
       6
       4
       3
       4
       2
       1
       2
       3
       4
       4
       3
       5
       1
       4
       3
       2
       6
       7
       6
       6
       6
       1
       9
       7
       7
       7
       7
       2
      10
       5
       4
       2
       4
       6
       4
       2
       8
       9
      11
       3
       8
       6
       3
       5
       5
       8
       6
       1
       5
       2
       7
      11
      13
      10
       6
       4
       3
       4
       5
       3
       7
       6
       7
       6
       3
       7
       8
       8
       7
       6
       6
       8
       9
      11
       8
      11
       5
      11
       4
       8
       6
       4
       7
       5
       9
       3
       7
       4
       7
       8
       5
       5
       8
       8
       6
       7
      12
       6
       9
      14
       9
       6
       6
       3
       9
       9
       8
       7
      12
      15
       8
      10
       7
      13
      14
      10
       9
      12
       7
      15
       6
       5
       8
       7
      12
      15
       9
       7
      11
      11
       8
      12
      16
       8
       9
       8
      12
       8
      15
       5
      16
      10
       8
       8
       7
      13
      10
      12
      10
      11
       9
      10
      10
      14
      18
      18
      21
      15
      17
      11
      13
      18
       7
      11
      15
      14
      26
      17
      13
      14
      19
      16
      23
      19
      19
      24
      22
      14
      10
      23
      17
      15
      25
      17
      12
      12
      27
      19
      25
      25
      29
      25
      32
      24
      31
      30
      30
      26
      39
      33
      23
      28
      34
      24
      36
      20
      29
      29
      23
      33
      44
      29
      36
      34
      42
      34
      36
      30
      38
      37
      43
      40
      42
      53
      50
      37
      52
      39
      59
      54
      67
      53
      42
      62
      59
      59
      62
      60
      56
      67
      52
      53
      66
      76
      76
      63
      66
      82
      74
      69
      71
      97
      71
      73
      78
      91
      74
      94
      94
      92
     104
      88
     101
     114
     111
     116
     103
     112
     102
     105
     130
     136
     128
     116
     130
     128
     115
     139
     136
     123
     143
     124
     139
     159
     154
     131
     149
     157
     161
     204
     177
     164
     165
     183
     173
     196
     173
     199
     190
     192
     197
     162
     187
     194
     212
     235
     217
     239
     218
     235
     239
     255
     238
     243
     254
     216
     231
     269
     241
     256
     239
     249
     235
     252
     288
     295
     259
     253
     262
     260
     307
     275
     272
     295
     298
     289
     275
     276
     276
     283
     304
     308
     286
     308
     298
     297
     328
     299
     331
     290
     292
     266
     300
     277
     296
     288
     285
     283
     321
     295
     291
     263
     267
     305
     300
     292
     290
     290
     255
     291
     270
     274
     249
     253
     245
     238
     283
     248
     234
     220
     229
     226
     267
     224
     212
     246
     214
     198
     213
     185
     198
     229
     210
     205
     165
     203
     177
     180
     195
     176
     139
     156
     156
     177
     149
     162
     131
     170
     123
     118
     129
     120
     109
     114
     127
     103
     114
     102
     108
      89
      87
      92
      86
      89
      59
      76
      78
      84
      77
      69
      67
      60
      68
      66
      58
      66
      40
      49
      58
      49
      41
      35
      45
      38
      32
      44
      49
      32
      30
      39
      27
      34
      22
      32
      30
      16
      28
      22
      29
      25
      25
      23
      20
      10
      16
      23
      18
      19
       8
       8
      11
       5
       8
      12
      10
       8
      11
       6
       3
       7
       5
       6
       2
       2
      10
       4
       4
       3
       4
       3
       4
       0
       3
       5
       5
       1
       2
       1
       2
       1
       0
       1
       0
       2
       0
       1
       1
       2
       1
       0
       0
       1
       1
       0
       0
       1
       0
       0
       0
       2
       1
       0
       0
       0
       0
       0
       0
       0
       0
       0
       0
       0
       0
       0
       0
       0
       0
       1
       0
       0
       0
       0
       0
       0
       0
       0
       0
       0
       0
       0
       0
       0
       0
       0
       0
       0
       0
       0
       0
       0
       0
       0
       0
       0
       0
       0
       0
       0
       0
       0
       0
       0
       0
       0
       0
       1
       0
       0
       1
       0
       0
       0
       0
       0
       0
       0
       0
       0
       0
       0
       0
       0
       0
       0
       0
       0
       0
       0
       0
       0
       0
       1
       0
       0
       0
       0
       0
       0
       0
       0
       0
       0
       0
       0
       0
       0
       0
       0
       0
       0
       0
       0
       0
       0
       0
       0
       0
       0
       0
       0
       0
       0
       0
       0
       0
       0
       0
       0
       0
       0
       0
       0
       1
       0
       0
       0
       0
       0
       0
       0
       0
       0
       0
       0
       0
       0
       0
       0
       0
       0
       0
       0
       0
       0
       0
       0
       0
       0
       0
       0
       0
       0
       0
       0
       0
       0
       0
       0
       0
       0
       0
       0
       0
       0
       0
       0
       0
       0
       0
       0
       0
       0
       0
       0
       0
       0
       0
       0
       0
       0
       0
       0
       0
       0
       0
       1
       0
       0
       0
       0
       0
       0
       0
       0
       0
       1
       0
       0
       0
       0
       0
       0
       0
       0
       0
       0
       0
       0
       0
       0
       0
       0
       0
       0
       0
       0
       0
       0
       0
       0
       1
       0
       0
       0
       0
       0
       0
       0
       0
       0
       0
       0
       0
       0
       0
       0
       0
       1
       0
       0
       0
       0
       0
       0
       0
       0
       0
       0
       0
       0
       0
       0
       0
       0
       0
       0
       0
       0
       0
       0
       0
       0
       0
       0
       0
       0
       0
       0
       0
       0
       0
       0
       0
       0
       0
       0
       0
       0
       0
       0
       0
       0
       0
       0
       0
       0
       0
       0
       0
       0
       0
       0
       0
       0
       0
       0
       0
       0
       0
       0
       0
       0
       0
       0
       0
       0
       0
       0
       0
       0
       0
       0
       0
       0
       0
       0
       0
       0
       0
       0
       0
       0
       0
       0
       0
       0
       0
       0
       0
       0
       0
       0
       0
       0
       0
       0
       0
       0
       0
       0
       0
       0
       0
       0
       0
       0
       0
       0
       0
       0
       0
       0
       0
       0
       0
       0
       0
       0
       0
       0
       0
       0
       0
       0
       0
       0
       0
       0
       0
       0
       0
       0
       0
       0
       0
       0
       0
       0
       0
       0
       0
       0
       0
       0
       0
       0
       0
       0
       0
       0
       0
       0
       0
       0
       0
       0
       0
       0
       0
       0
       0
       0
       0
       0
       0
       0
       0
       0
       0
       0
       0
       0
       0
       0
       0
       0
       0
       0
       0
       0
       0
       0
       0
       0
       0
       0
       0
       0
$ROI:
0
$PRESETS:
Live Time
1000000
0
$ENER_FIT:
0.000000 0.002526
$MCA_CAL:
3
0.000000E+000 2.525835E-003 0.000000E+000 keV
$SHAPE_CAL:
3
0.000000E+000 0.000000E+000 0.000000E+000
