$SPEC_ID:
No sample description was entered.
$SPEC_REM:
DET# 1
DETDESC# 
AP# Maestro Version 6.08
$DATE_MEA:
09/19/2017 09:16:54
$MEAS_TIM:
119 120
$DATA:
0 2047
       0
       0
       0
       0
       0
       0
       0
       0
       0
       0
       0
       0
       0
       0
       0
       0
       0
       0
       0
       0
       0
       0
       0
       0
       0
       0
       0
       0
       0
       0
       0
       0
       0
       0
       0
       0
       0
       0
       0
       0
       0
       0
       0
       0
       0
       0
       0
       0
       0
       0
       0
       0
       0
       0
       0
       0
       0
       0
       0
       0
       0
       0
       0
       0
       0
       0
       0
       0
       0
       0
       0
       0
       0
       0
       0
       0
       0
       0
       0
       0
       0
       0
       0
       0
       0
       0
       0
       0
       0
       0
       0
       0
       0
       0
       0
       0
       0
       0
       0
       0
       0
       0
       0
       0
       0
       0
       0
       0
       0
       0
       0
       0
       0
       0
       0
       0
       0
       0
       0
       0
       0
       0
       0
       0
       0
       0
       0
       0
       0
       0
       0
       0
       0
       0
       0
       0
       0
       0
       0
       0
       0
       0
       0
       0
       0
       0
       0
       0
       0
       0
       0
       0
       0
       0
       0
       0
       0
       0
       0
       0
       0
       0
       0
       0
       0
       0
       0
       0
       0
       0
       0
       0
       0
       0
       0
       0
       0
       0
       0
       0
       0
       0
       0
       0
       0
       0
       0
       0
       0
       0
       0
       0
       0
       0
       0
       0
       0
       0
       1
       2
       3
       0
       1
       0
       2
       1
       1
       0
       0
       1
       1
       3
       0
       2
       2
       1
       1
       1
       3
       1
       0
       3
       0
       0
       1
       0
       1
       0
       2
       1
       0
       1
       1
       1
       1
       1
       0
       0
       2
       1
       0
       1
       2
       2
       1
       0
       2
       2
       1
       2
       3
       0
       2
       0
       0
       1
       0
       0
       1
       0
       0
       2
       2
       1
       0
       0
       1
       1
       0
       1
       0
       2
       0
       0
       0
       1
       3
       2
       2
       0
       1
       5
       0
       1
       1
       2
       2
       2
       2
       3
       1
       0
       0
       1
       1
       0
       2
       1
       1
       0
       1
       1
       2
       0
       1
       0
       1
       4
       0
       2
       1
       1
       0
       0
       1
       1
       2
       1
       1
       1
       0
       0
       2
       4
       1
       1
       3
       0
       1
       1
       4
       0
       0
       2
       2
       0
       2
       1
       2
       0
       0
       1
       4
       3
       4
       1
       0
       0
       0
       1
       1
       0
       2
       0
       0
       0
       1
       2
       4
       3
       1
       3
       0
       1
       2
       0
       1
       2
       0
       2
       3
       1
       0
       1
       2
       2
       1
       0
       0
       0
       2
       1
       2
       1
       1
       3
       3
       1
       1
       1
       1
       2
       0
       1
       1
       0
       1
       1
       3
       1
       2
       1
       1
       1
       2
       0
       0
       0
       0
       2
       2
       0
       3
       0
       1
       1
       4
       0
       1
       1
       2
       1
       1
       1
       1
       0
       2
       2
       0
       1
       1
       0
       2
       2
       1
       1
       1
       3
       1
       0
       3
       2
       2
       2
       1
       0
       0
       3
       1
       3
       1
       2
       2
       1
       2
       0
       2
       2
       0
       1
       2
       0
       2
       2
       4
       3
       1
       2
       0
       1
       0
       1
       2
       3
       2
       1
       0
       0
       0
       1
       1
       3
       0
       2
       4
       2
       4
       0
       1
       1
       2
       0
       1
       1
       3
       2
       2
       1
       5
       0
       1
       1
       2
       2
       5
       0
       2
       0
       0
       1
       0
       0
       3
       1
       0
       3
       2
       2
       3
       0
       0
       2
       2
       1
       1
       1
       1
       3
       0
       1
       1
       1
       1
       1
       0
       2
       3
       3
       0
       2
       1
       4
       2
       2
       2
       1
       0
       3
       2
       3
       2
       1
       2
       1
       0
       2
       1
       1
       0
       2
       2
       1
       0
       1
       1
       2
       1
       3
       2
       0
       2
       2
       3
       2
       2
       2
       2
       1
       0
       1
       2
       2
       0
       1
       0
       1
       0
       1
       2
       3
       2
       0
       1
       0
       1
       1
       3
       7
       2
       1
       2
       2
       0
       3
       1
       2
       2
       2
       1
       4
       0
       1
       1
       2
       1
       2
       1
       0
       0
       0
       1
       1
       1
       5
       0
       0
       2
       0
       2
       1
       2
       1
       1
       1
       0
       0
       3
       1
       1
       2
       0
       1
       2
       1
       1
       3
       5
       3
       2
       0
       2
       3
       0
       2
       0
       1
       2
       3
       1
       3
       0
       2
       1
       4
       1
       5
       5
       1
       2
       2
       0
       2
       3
       3
       2
       3
       1
       1
       0
       1
       2
       0
       2
       0
       1
       2
       1
       1
       4
       5
       2
       4
       1
       2
       3
       0
       0
       4
       1
       2
       2
       2
       1
       1
       1
       1
       1
       2
       2
       1
       1
       4
       1
       0
       3
       0
       2
       2
       5
       3
       3
       2
       1
       1
       5
       3
       2
       4
       2
       4
       2
       1
       2
       4
       0
       3
       3
       3
       1
       4
       0
       2
       4
       3
       2
       3
       1
       0
       2
       0
       2
       3
       2
       3
       2
       0
       0
       2
       1
       3
       0
       1
       2
       0
       3
       2
       1
       1
       1
       5
       0
       1
       1
       1
       5
       1
       1
       2
       2
       0
       0
       1
       3
       2
       2
       1
       1
       2
       1
       0
       1
       1
       1
       1
       2
       4
       0
       2
       1
       1
       3
       3
       3
       0
       2
       4
       2
       3
       2
       1
       3
       0
       5
       3
       2
       2
       1
       1
       8
       0
       2
       3
       2
       1
       0
       5
       3
       2
       2
       1
       2
       1
       2
       0
       6
       1
       4
       3
       1
       2
       4
       4
       3
       0
       2
       0
       1
       3
       2
       1
       3
       0
       1
       5
       2
       2
       1
       1
       2
       2
       1
       1
       1
       0
       2
       1
       3
       2
       1
       2
       0
       2
       0
       0
       0
       0
       4
       4
       1
       2
       2
       0
       1
       2
       2
       1
       4
       4
       5
       3
       1
       2
       2
       0
       1
       1
       3
       1
       4
       5
       7
       2
       2
       3
       1
       1
       3
       1
       3
       0
       4
       2
       4
       2
       4
       4
       4
       0
       1
       1
       1
       2
       1
       3
       1
       4
       0
       3
       2
       3
       2
       3
       4
       0
       2
       2
       3
       3
       2
       3
       2
       4
       2
       2
       2
       1
       5
       4
       3
       0
       3
       6
       4
       2
       5
       4
       2
       2
       2
       2
       2
       3
       3
       2
       1
       0
       1
       2
       2
       1
       2
       0
       3
       1
       3
       5
       3
       1
       3
       2
       2
       1
       1
       0
       1
       3
       2
       2
       3
       1
       3
       6
       2
       2
       1
       1
       4
       3
       2
       6
       2
       0
       4
       5
       1
       3
       3
       4
       0
       6
       1
       3
       2
       2
       3
       4
       2
       3
       2
       2
       1
       2
       2
       2
       3
       4
       2
       2
       3
       5
       2
       1
       3
       0
       3
       2
       1
       2
       2
       0
       3
       4
       1
       1
       1
       3
       2
       1
       0
       7
       2
       3
       2
       4
       0
       3
       4
       2
       3
       0
       5
       9
       3
       1
       2
       2
       2
       4
       1
       2
       6
       6
       4
       4
       2
       4
       1
       4
       1
       2
       2
       2
       2
       1
       7
       2
       2
       1
       5
       0
       4
       2
       3
       7
       3
       5
       3
       3
       5
       3
       1
      11
       5
       3
       2
       1
       5
       6
       3
       4
       4
       2
       7
       4
       3
       4
       5
       1
       4
       7
       6
       4
       3
       2
       4
       2
       3
       5
       3
       5
       5
       3
       6
       4
       5
       3
       3
       4
       4
       7
       7
       5
       7
       2
       3
       4
       4
       5
       7
       5
       7
       4
       1
       7
       3
       7
       5
       9
       3
       3
       5
      10
      12
       4
       6
       8
       1
       3
       6
       6
       5
       9
       3
       4
       6
      10
       7
       8
      10
      10
       4
       7
       9
       5
      15
       7
       4
      17
      10
       7
      10
       6
       6
       3
      10
       6
       8
       9
      14
       4
      21
       9
       6
       7
       9
      14
       7
      10
      17
       7
       6
       8
       9
       3
       4
       9
       7
      10
      12
      11
       6
       8
       9
       9
       9
      10
       5
      10
      12
       9
      13
      11
      12
      14
      15
      12
      13
      11
      13
      12
      11
      21
       6
      12
      13
       9
       7
       9
      10
      14
      11
      17
      13
       7
      14
      12
      17
      11
      19
      18
      15
      15
      24
      12
      11
      23
      22
      20
      18
      17
      19
      17
      14
      12
      30
      17
      23
      22
      18
      27
      22
      12
      20
      19
      23
      19
      25
      26
      22
      23
      17
      23
      20
      32
      28
      27
      28
      29
      36
      39
      25
      29
      33
      30
      38
      34
      34
      32
      28
      29
      28
      31
      39
      34
      45
      36
      54
      38
      41
      45
      42
      47
      36
      35
      40
      46
      50
      44
      60
      41
      52
      47
      47
      41
      62
      64
      54
      52
      63
      67
      69
      58
      47
      70
      73
      79
      70
      66
      63
      75
      74
      67
      71
      83
      84
      85
      91
      76
      93
      76
      98
      82
      88
      98
     104
     109
      96
     111
     130
      97
     121
     111
     114
     125
     118
     127
     121
     137
     140
     149
     134
     137
     136
     160
     162
     156
     163
     162
     166
     166
     173
     178
     180
     168
     175
     173
     203
     193
     210
     200
     216
     200
     207
     204
     228
     220
     201
     231
     221
     232
     224
     250
     228
     225
     239
     241
     245
     248
     282
     222
     280
     269
     258
     251
     265
     279
     255
     283
     289
     255
     273
     282
     281
     272
     285
     297
     283
     301
     296
     323
     300
     299
     303
     289
     322
     319
     298
     330
     326
     286
     286
     298
     312
     291
     298
     315
     269
     264
     262
     324
     302
     272
     294
     262
     291
     272
     247
     257
     268
     286
     281
     281
     278
     278
     265
     255
     244
     231
     234
     235
     229
     235
     245
     206
     217
     232
     216
     213
     197
     213
     205
     192
     176
     180
     188
     192
     212
     180
     148
     149
     160
     170
     147
     153
     131
     161
     138
     133
     140
     120
     127
     118
     106
     124
     122
     116
     117
     109
     111
      77
      90
      98
     106
      94
      98
      73
      92
      77
      76
      86
      69
      59
      51
      69
      53
      49
      55
      38
      47
      43
      56
      54
      32
      28
      46
      36
      40
      50
      33
      33
      40
      23
      33
      27
      30
      16
      23
      16
      20
      15
      19
      23
      13
      12
      20
      17
      20
       7
       8
      16
      11
      13
       9
      15
      15
      16
       6
       8
       5
       7
       5
      13
       6
       9
       3
       5
       4
       4
       4
       1
       4
       8
       2
       4
       3
       1
       2
       1
       1
       1
       0
       4
       0
       0
       0
       3
       0
       0
       1
       0
       4
       0
       0
       2
       0
       0
       1
       1
       1
       0
       0
       0
       0
       0
       1
       0
       0
       0
       0
       0
       0
       0
       0
       0
       0
       0
       0
       1
       0
       0
       0
       0
       0
       0
       0
       1
       0
       0
       0
       0
       0
       0
       0
       0
       0
       0
       0
       0
       0
       0
       1
       0
       0
       0
       0
       0
       0
       0
       0
       0
       0
       0
       0
       0
       0
       0
       0
       0
       0
       0
       0
       0
       0
       0
       0
       0
       0
       0
       1
       0
       0
       0
       0
       0
       0
       0
       0
       0
       0
       0
       0
       0
       0
       0
       0
       0
       0
       0
       0
       0
       1
       0
       0
       1
       0
       0
       0
       1
       0
       0
       0
       0
       0
       0
       0
       0
       0
       0
       0
       0
       0
       0
       0
       0
       0
       0
       0
       0
       0
       0
       0
       0
       0
       0
       0
       0
       0
       0
       0
       0
       0
       0
       0
       0
       0
       0
       0
       0
       0
       0
       0
       0
       0
       0
       0
       0
       0
       0
       0
       0
       0
       0
       0
       0
       0
       0
       0
       1
       0
       0
       0
       0
       0
       0
       0
       0
       0
       0
       0
       0
       1
       0
       0
       0
       0
       0
       0
       0
       0
       0
       0
       0
       0
       0
       0
       0
       0
       0
       0
       0
       0
       0
       0
       0
       0
       0
       0
       0
       1
       0
       0
       0
       0
       0
       0
       0
       0
       0
       0
       2
       0
       0
       0
       0
       0
       0
       0
       0
       0
       0
       0
       0
       0
       0
       0
       0
       0
       0
       0
       0
       0
       0
       0
       0
       0
       0
       0
       0
       0
       0
       0
       0
       0
       0
       0
       0
       0
       0
       0
       0
       0
       0
       0
       0
       0
       0
       0
       0
       0
       0
       0
       0
       0
       0
       0
       0
       0
       0
       0
       0
       0
       0
       0
       0
       0
       0
       0
       0
       0
       0
       0
       0
       0
       0
       0
       1
       0
       0
       0
       0
       0
       0
       0
       0
       0
       0
       0
       0
       0
       0
       0
       0
       0
       0
       0
       0
       0
       0
       0
       0
       0
       0
       0
       1
       0
       0
       0
       0
       0
       0
       0
       0
       0
       0
       0
       0
       0
       0
       0
       0
       0
       0
       0
       0
       0
       0
       0
       0
       0
       0
       0
       0
       0
       0
       0
       0
       1
       0
       0
       0
       0
       0
       0
       0
       0
       0
       0
       0
       0
       0
       0
       0
       0
       0
       0
       0
       0
       0
       0
       0
       0
       0
       0
       0
       0
       0
       0
       0
       0
       0
       0
       0
       1
       0
       0
       0
       0
       0
       0
       0
       0
       0
       0
       0
       0
       0
       0
       0
       0
       0
       0
       0
       0
       0
       0
       0
       0
       0
       0
       0
       0
       0
       0
       0
       0
       0
       0
       0
       0
       0
       0
       0
       0
       0
       0
       0
       0
       0
$ROI:
0
$PRESETS:
Live Time
1000000
0
$ENER_FIT:
0.000000 0.002526
$MCA_CAL:
3
0.000000E+000 2.525835E-003 0.000000E+000 keV
$SHAPE_CAL:
3
0.000000E+000 0.000000E+000 0.000000E+000
