$SPEC_ID:
No sample description was entered.
$SPEC_REM:
DET# 1
DETDESC# 
AP# Maestro Version 6.08
$DATE_MEA:
09/19/2017 09:14:33
$MEAS_TIM:
120 121
$DATA:
0 2047
       0
       0
       0
       0
       0
       0
       0
       0
       0
       0
       0
       0
       0
       0
       0
       0
       0
       0
       0
       0
       0
       0
       0
       0
       0
       0
       0
       0
       0
       0
       0
       0
       0
       0
       0
       0
       0
       0
       0
       0
       0
       0
       0
       0
       0
       0
       0
       0
       0
       0
       0
       0
       0
       0
       0
       0
       0
       0
       0
       0
       0
       0
       0
       0
       0
       0
       0
       0
       0
       0
       0
       0
       0
       0
       0
       0
       0
       0
       0
       0
       0
       0
       0
       0
       0
       0
       0
       0
       0
       0
       0
       0
       0
       0
       0
       0
       0
       0
       0
       0
       0
       0
       0
       0
       0
       0
       0
       0
       0
       0
       0
       0
       0
       0
       0
       0
       0
       0
       0
       0
       0
       0
       0
       0
       0
       0
       0
       0
       0
       0
       0
       0
       0
       0
       0
       0
       0
       0
       0
       0
       0
       0
       0
       0
       0
       0
       0
       0
       0
       0
       0
       0
       0
       0
       0
       0
       0
       0
       0
       0
       0
       0
       0
       0
       0
       0
       0
       0
       0
       0
       0
       0
       0
       0
       0
       0
       0
       0
       0
       0
       0
       0
       0
       0
       0
       0
       0
       0
       0
       0
       0
       0
       0
       0
       0
       0
       0
       1
       1
       2
       2
       1
       0
       1
       0
       1
       1
       3
       0
       1
       2
       4
       2
       0
       0
       2
       1
       5
       3
       2
       1
       2
       0
       1
       1
       1
       2
       0
       2
       0
       1
       1
       1
       1
       2
       0
       1
       2
       1
       3
       1
       1
       2
       1
       2
       2
       2
       0
       0
       2
       1
       1
       0
       3
       2
       2
       0
       2
       0
       2
       0
       0
       1
       1
       0
       2
       1
       0
       1
       1
       1
       0
       2
       1
       1
       0
       3
       1
       0
       0
       1
       0
       0
       1
       1
       2
       2
       1
       1
       1
       1
       0
       2
       0
       4
       4
       4
       3
       1
       0
       2
       0
       1
       0
       1
       1
       1
       4
       0
       1
       2
       0
       0
       0
       1
       2
       2
       0
       3
       1
       0
       0
       0
       0
       3
       1
       0
       1
       1
       0
       4
       3
       2
       1
       1
       3
       1
       2
       1
       1
       1
       1
       1
       0
       0
       0
       1
       1
       1
       1
       0
       1
       1
       0
       2
       1
       1
       0
       2
       0
       0
       5
       0
       0
       3
       0
       1
       1
       0
       2
       0
       0
       1
       0
       2
       0
       1
       0
       1
       0
       2
       0
       0
       2
       0
       1
       1
       1
       1
       1
       4
       2
       1
       0
       2
       0
       0
       1
       1
       0
       0
       1
       0
       1
       3
       3
       0
       0
       1
       2
       2
       0
       2
       0
       1
       2
       0
       2
       1
       2
       2
       2
       2
       0
       1
       3
       0
       2
       3
       0
       1
       0
       0
       3
       2
       4
       3
       0
       2
       0
       2
       1
       2
       0
       1
       2
       3
       1
       2
       1
       2
       1
       1
       1
       0
       0
       2
       1
       2
       3
       1
       2
       2
       1
       1
       1
       0
       1
       0
       2
       1
       4
       2
       5
       0
       1
       2
       2
       0
       0
       4
       0
       1
       0
       0
       3
       3
       2
       2
       3
       2
       1
       0
       0
       2
       1
       2
       2
       1
       2
       2
       1
       1
       1
       2
       1
       2
       1
       5
       0
       3
       1
       2
       3
       1
       1
       0
       2
       0
       2
       3
       0
       1
       1
       2
       1
       2
       4
       2
       2
       2
       3
       3
       1
       1
       1
       2
       0
       0
       1
       0
       1
       1
       0
       1
       2
       2
       3
       1
       0
       0
       1
       1
       1
       1
       0
       0
       1
       3
       1
       2
       3
       1
       2
       2
       4
       1
       2
       1
       3
       6
       0
       0
       0
       2
       2
       4
       0
       1
       1
       0
       0
       0
       2
       1
       1
       0
       1
       2
       1
       2
       3
       2
       2
       2
       4
       2
       3
       2
       1
       1
       0
       0
       0
       0
       2
       0
       2
       2
       0
       1
       5
       1
       1
       0
       1
       0
       1
       2
       0
       4
       0
       3
       3
       1
       1
       1
       1
       1
       1
       1
       1
       0
       2
       1
       1
       1
       1
       1
       1
       0
       2
       3
       1
       3
       2
       0
       2
       3
       3
       3
       0
       2
       3
       3
       1
       4
       1
       2
       0
       0
       3
       2
       0
       1
       4
       2
       3
       0
       2
       0
       4
       0
       1
       1
       1
       3
       0
       1
       3
       1
       1
       1
       2
       5
       1
       3
       0
       0
       1
       3
       3
       3
       1
       0
       1
       2
       1
       2
       2
       1
       1
       0
       2
       3
       2
       5
       2
       2
       0
       1
       0
       1
       3
       0
       3
       0
       0
       0
       1
       2
       3
       2
       1
       1
       3
       1
       2
       0
       3
       1
       1
       2
       2
       1
       1
       5
       2
       2
       0
       2
       4
       1
       3
       0
       3
       2
       1
       6
       2
       4
       2
       4
       2
       4
       0
       1
       0
       3
       2
       3
       0
       0
       1
       0
       1
       1
       0
       3
       0
       6
       3
       3
       6
       0
       2
       2
       2
       3
       1
       1
       4
       0
       2
       2
       2
       2
       4
       2
       2
       1
       1
       3
       2
       2
       3
       2
       0
       4
       1
       5
       3
       4
       3
       4
       0
       2
       1
       3
       2
       2
       5
       2
       2
       1
       1
       1
       3
       2
       3
       3
       0
       1
       0
       5
       0
       2
       2
       2
       1
       0
       1
       3
       4
       1
       0
       0
       2
       1
       0
       3
       5
       2
       1
       2
       1
       1
       3
       1
       2
       0
       2
       1
       3
       0
       3
       0
       4
       0
       1
       2
       2
       4
       2
       1
       1
       1
       0
       4
       0
       2
       0
       1
       0
       1
       1
       2
       3
       0
       1
       4
       5
       0
       2
       1
       1
       3
       0
       3
       3
       2
       1
       5
       3
       1
       1
       4
       0
       1
       3
       5
       5
       1
       1
       0
       5
       2
       1
       1
       2
       3
       2
       2
       1
       3
       2
       1
       2
       1
       1
       1
       2
       1
       1
       2
       1
       1
       2
       4
       1
       2
       1
       0
       4
       2
       2
       3
       2
       2
       3
       3
       1
       2
       1
       1
       1
       1
       1
       1
       1
       7
       5
       1
       2
       0
       1
       3
       7
       1
       3
       2
       4
       4
       3
       3
       4
       3
       3
       0
       4
       3
       5
       6
       5
       2
       2
       1
       1
       1
       4
       2
       0
       1
       1
       3
       5
       0
       3
       2
       4
       1
       2
       0
       2
       3
       3
       3
       1
       4
       4
       2
       0
       1
       2
       3
       4
       3
       5
       2
       1
       1
       1
       6
       3
       3
       3
       2
       2
       0
       1
       2
       1
       2
       3
       2
       0
       3
       3
       2
       2
       1
       3
       3
       1
       4
       1
       4
       4
       1
       4
       3
       0
       1
       3
       3
       4
       3
       1
       2
       1
       2
       2
       3
       4
       4
       3
       3
       3
       1
       7
       2
       1
       3
       6
       0
       3
       5
       4
       6
       4
       0
       1
       6
       1
       4
       4
       5
       2
       4
       5
       2
       6
       1
       5
       9
       2
       3
       1
       2
       6
       1
       4
       4
       4
       3
       3
       1
       4
       4
       1
       4
       2
       5
       7
       2
       2
       1
       5
       6
       3
       5
       4
       4
       4
       2
       2
       7
       3
       5
       3
       4
       3
       5
       4
       8
       5
       4
       1
       4
       3
       3
       5
       5
       2
       8
       7
       8
       4
       9
       7
       6
       2
       4
       7
       6
       4
       7
       4
       3
      10
       2
       6
       7
       3
       7
       9
       7
       3
       3
       7
       3
       6
       6
       8
       3
      10
       9
       4
       7
       8
       6
      10
       8
       4
       1
       8
      11
       7
      10
       4
       6
       8
       8
       9
      13
       6
      11
       7
       5
       8
       7
       5
       8
       3
       8
      12
      11
       5
       4
       5
       7
       6
       8
      10
       8
       9
       7
       7
       8
       7
      13
       6
       8
      12
       9
       9
      14
      13
       7
      10
       7
       9
       6
       8
       7
       5
      11
      17
       6
      13
      12
       8
       9
       6
      10
       8
       9
      10
      12
      14
      13
      14
       6
      12
      14
      18
      20
      18
       4
       6
      17
      14
      15
      19
      15
      13
      19
      15
      15
      13
      19
      14
      10
      11
      14
      12
      19
      23
      13
      32
      17
      27
      20
      18
      16
      18
      21
      24
      23
      28
      16
      20
      23
      20
      26
      16
      28
      17
      27
      19
      21
      20
      25
      27
      26
      33
      25
      25
      29
      25
      22
      28
      27
      24
      35
      33
      36
      36
      32
      26
      32
      41
      35
      33
      46
      49
      44
      47
      44
      41
      47
      44
      45
      48
      41
      42
      44
      51
      40
      43
      47
      67
      56
      56
      59
      50
      55
      47
      65
      61
      65
      62
      71
      60
      79
      64
      78
      84
      68
      82
      95
      79
      86
      80
      66
      87
      87
      89
      97
     103
      92
     102
     106
     100
      82
     102
     114
     108
     103
     119
     121
     135
     108
     122
     119
     128
     136
     137
     141
     160
     127
     166
     150
     144
     168
     151
     160
     147
     181
     164
     161
     163
     169
     166
     181
     213
     172
     195
     190
     189
     198
     216
     207
     212
     209
     216
     222
     231
     229
     247
     224
     226
     217
     242
     258
     248
     298
     238
     263
     281
     273
     284
     289
     281
     255
     287
     275
     275
     278
     276
     300
     277
     291
     274
     325
     334
     292
     280
     309
     270
     303
     299
     327
     264
     297
     285
     282
     313
     311
     318
     319
     296
     298
     300
     309
     288
     292
     274
     300
     284
     299
     319
     297
     307
     247
     258
     286
     274
     271
     265
     259
     271
     268
     279
     261
     270
     267
     223
     246
     253
     226
     241
     247
     225
     241
     247
     231
     223
     220
     197
     211
     187
     212
     184
     191
     191
     168
     149
     188
     178
     142
     171
     169
     159
     137
     138
     127
     157
     144
     124
     143
     135
     128
     112
     117
     112
      98
     113
      99
      86
      99
      93
      90
      96
      74
      83
      91
      77
      66
      83
      64
      63
      82
      64
      58
      72
      55
      50
      51
      48
      47
      41
      40
      51
      34
      45
      28
      33
      32
      37
      27
      23
      22
      25
      20
      27
      23
      26
      26
      23
      12
      23
      15
      17
      15
      17
      14
      20
      19
       9
      12
       8
      14
       4
       7
      10
      10
      10
       3
       4
       6
       5
       5
       7
       2
       5
       4
       5
       4
       7
       4
       1
       1
       3
       3
       1
       0
       2
       4
       2
       0
       0
       1
       2
       1
       1
       1
       1
       0
       0
       2
       0
       2
       0
       1
       1
       0
       1
       0
       0
       1
       0
       0
       2
       0
       0
       0
       0
       0
       0
       0
       0
       0
       0
       0
       0
       0
       0
       0
       0
       1
       0
       0
       0
       0
       0
       0
       0
       0
       0
       0
       0
       0
       0
       0
       1
       0
       0
       0
       0
       0
       0
       0
       0
       0
       0
       0
       0
       0
       0
       0
       0
       0
       0
       0
       0
       0
       0
       0
       0
       0
       0
       0
       0
       0
       0
       0
       0
       0
       0
       0
       0
       0
       0
       0
       0
       0
       0
       0
       0
       0
       0
       0
       0
       0
       0
       0
       0
       0
       0
       0
       0
       0
       0
       0
       0
       0
       0
       0
       0
       0
       0
       0
       0
       0
       0
       0
       0
       0
       0
       0
       0
       0
       0
       0
       0
       0
       0
       0
       0
       0
       0
       0
       0
       0
       0
       0
       0
       0
       0
       0
       0
       0
       0
       0
       0
       0
       0
       0
       0
       0
       0
       0
       0
       1
       0
       0
       0
       0
       0
       0
       0
       0
       0
       0
       0
       0
       0
       0
       0
       0
       0
       0
       0
       0
       0
       0
       0
       0
       0
       0
       0
       0
       0
       0
       0
       0
       0
       0
       0
       0
       0
       0
       0
       0
       0
       0
       0
       0
       0
       0
       0
       0
       0
       0
       0
       0
       0
       0
       0
       0
       0
       0
       0
       0
       0
       0
       0
       0
       0
       0
       0
       0
       0
       0
       0
       0
       0
       0
       0
       0
       0
       0
       0
       0
       0
       0
       0
       0
       0
       0
       0
       0
       1
       0
       0
       0
       0
       0
       0
       0
       0
       0
       0
       0
       0
       0
       0
       0
       0
       0
       0
       0
       0
       0
       0
       0
       0
       0
       0
       0
       0
       0
       0
       0
       0
       1
       0
       0
       0
       0
       0
       0
       0
       0
       0
       0
       0
       1
       0
       0
       0
       0
       0
       0
       0
       0
       0
       0
       0
       0
       0
       0
       0
       0
       0
       0
       0
       0
       0
       0
       0
       0
       0
       0
       0
       0
       0
       0
       0
       0
       0
       0
       1
       0
       0
       0
       0
       0
       0
       0
       0
       0
       0
       0
       0
       0
       0
       0
       0
       0
       0
       0
       0
       0
       0
       0
       0
       0
       0
       0
       0
       0
       0
       0
       0
       0
       0
       0
       0
       0
       0
       0
       0
       0
       0
       0
       0
       0
       0
       0
       0
       0
       0
       0
       0
       0
       0
       0
       0
       0
       0
       0
       0
       0
       0
       0
       0
       0
       0
       0
       0
       0
       0
       0
       0
       0
       0
       0
       0
       0
       0
       0
       0
       0
       0
       0
       0
       0
       0
       0
       0
       0
       0
       0
       0
       0
       0
       0
       0
       0
       0
       0
       0
       0
       0
       0
       0
       0
       0
       0
       0
       0
       0
       0
       0
       0
       0
$ROI:
0
$PRESETS:
Live Time
1000000
0
$ENER_FIT:
0.000000 0.002526
$MCA_CAL:
3
0.000000E+000 2.525835E-003 0.000000E+000 keV
$SHAPE_CAL:
3
0.000000E+000 0.000000E+000 0.000000E+000
