$SPEC_ID:
No sample description was entered.
$SPEC_REM:
DET# 1
DETDESC# 
AP# Maestro Version 6.08
$DATE_MEA:
09/19/2017 09:08:17
$MEAS_TIM:
119 120
$DATA:
0 2047
       0
       0
       0
       0
       0
       0
       0
       0
       0
       0
       0
       0
       0
       0
       0
       0
       0
       0
       0
       0
       0
       0
       0
       0
       0
       0
       0
       0
       0
       0
       0
       0
       0
       0
       0
       0
       0
       0
       0
       0
       0
       0
       0
       0
       0
       0
       0
       0
       0
       0
       0
       0
       0
       0
       0
       0
       0
       0
       0
       0
       0
       0
       0
       0
       0
       0
       0
       0
       0
       0
       0
       0
       0
       0
       0
       0
       0
       0
       0
       0
       0
       0
       0
       0
       0
       0
       0
       0
       0
       0
       0
       0
       0
       0
       0
       0
       0
       0
       0
       0
       0
       0
       0
       0
       0
       0
       0
       0
       0
       0
       0
       0
       0
       0
       0
       0
       0
       0
       0
       0
       0
       0
       0
       0
       0
       0
       0
       0
       0
       0
       0
       0
       0
       0
       0
       0
       0
       0
       0
       0
       0
       0
       0
       0
       0
       0
       0
       0
       0
       0
       0
       0
       0
       0
       0
       0
       0
       0
       0
       0
       0
       0
       0
       0
       0
       0
       0
       0
       0
       0
       0
       0
       0
       0
       0
       0
       0
       0
       0
       0
       0
       0
       0
       0
       0
       0
       0
       0
       0
       0
       0
       0
       0
       0
       0
       0
       0
       0
       1
       1
       1
       0
       1
       0
       0
       1
       4
       2
       1
       1
       0
       1
       1
       1
       1
       1
       2
       1
       1
       0
       0
       2
       2
       3
       1
       0
       2
       2
       2
       1
       1
       0
       1
       3
       2
       1
       1
       0
       0
       2
       0
       2
       1
       2
       2
       0
       3
       1
       2
       1
       5
       1
       2
       0
       3
       0
       1
       1
       1
       0
       0
       2
       1
       2
       0
       0
       4
       3
       1
       3
       1
       2
       0
       1
       0
       1
       2
       0
       1
       1
       3
       1
       0
       1
       2
       2
       0
       1
       2
       3
       1
       1
       2
       1
       0
       1
       0
       1
       1
       1
       0
       0
       0
       0
       0
       0
       0
       1
       2
       2
       2
       2
       2
       3
       0
       0
       0
       2
       2
       0
       1
       2
       0
       0
       2
       1
       0
       0
       2
       0
       1
       1
       3
       2
       0
       1
       0
       0
       3
       1
       1
       2
       1
       2
       1
       0
       2
       2
       0
       4
       1
       3
       0
       2
       0
       6
       1
       1
       2
       1
       1
       0
       3
       4
       2
       1
       0
       0
       0
       2
       0
       1
       0
       2
       0
       2
       0
       4
       0
       1
       0
       2
       0
       0
       1
       2
       2
       3
       0
       3
       1
       3
       1
       2
       3
       1
       0
       1
       1
       1
       1
       1
       2
       3
       3
       1
       1
       2
       0
       1
       1
       0
       0
       3
       1
       1
       1
       2
       2
       1
       4
       6
       3
       0
       2
       1
       2
       2
       4
       1
       2
       1
       0
       0
       1
       2
       1
       1
       2
       2
       3
       0
       2
       2
       1
       2
       0
       4
       1
       2
       3
       4
       2
       2
       2
       2
       2
       1
       1
       0
       1
       2
       0
       3
       3
       0
       1
       0
       0
       0
       2
       1
       2
       1
       2
       1
       1
       0
       1
       4
       1
       2
       2
       3
       2
       3
       0
       3
       2
       4
       0
       1
       1
       2
       2
       2
       1
       0
       1
       1
       0
       1
       1
       2
       3
       1
       2
       2
       0
       4
       1
       0
       2
       1
       3
       1
       1
       2
       4
       1
       1
       2
       5
       1
       0
       2
       0
       3
       0
       0
       1
       1
       5
       2
       2
       2
       2
       4
       2
       2
       1
       2
       2
       2
       3
       1
       1
       2
       1
       0
       2
       2
       2
       1
       3
       2
       2
       1
       0
       1
       0
       1
       0
       2
       0
       3
       0
       0
       2
       2
       1
       4
       3
       1
       2
       2
       2
       1
       4
       1
       1
       0
       0
       5
       1
       0
       1
       2
       1
       1
       1
       1
       1
       0
       1
       1
       1
       1
       2
       3
       1
       0
       1
       3
       5
       2
       3
       1
       1
       3
       0
       1
       4
       0
       3
       2
       2
       1
       3
       3
       3
       0
       1
       1
       1
       1
       0
       0
       2
       0
       3
       0
       3
       1
       1
       1
       0
       1
       6
       2
       2
       0
       2
       2
       5
       2
       4
       3
       2
       2
       4
       4
       6
       1
       4
       2
       1
       2
       2
       1
       4
       0
       1
       2
       2
       1
       3
       2
       3
       1
       1
       1
       1
       0
       2
       2
       1
       1
       3
       1
       0
       0
       1
       0
       1
       3
       1
       3
       1
       0
       2
       2
       3
       1
       1
       2
       3
       1
       0
       0
       3
       2
       3
       4
       1
       2
       4
       3
       1
       0
       1
       1
       1
       4
       4
       1
       2
       0
       0
       1
       3
       1
       1
       2
       1
       1
       3
       1
       3
       1
       2
       6
       1
       1
       2
       1
       0
       1
       1
       2
       4
       2
       1
       0
       1
       3
       0
       0
       3
       3
       3
       3
       2
       2
       2
       0
       2
       2
       2
       3
       2
       1
       0
       0
       2
       0
       3
       1
       1
       1
       2
       0
       3
       1
       0
       0
       0
       0
       3
       3
       1
       2
       0
       2
       1
       0
       1
       2
       4
       1
       1
       1
       3
       1
       1
       2
       3
       1
       2
       0
       3
       5
       2
       2
       1
       5
       0
       0
       1
       0
       2
       0
       1
       2
       0
       3
       3
       2
       2
       1
       1
       2
       0
       0
       1
       3
       4
       3
       3
       3
       4
       0
       3
       1
       0
       0
       0
       2
       2
       1
       2
       1
       0
       2
       1
       4
       2
       1
       2
       1
       3
       2
       1
       1
       1
       0
       2
       3
       4
       1
       4
       1
       2
       3
       1
       0
       4
       4
       1
       0
       3
       1
       1
       1
       1
       1
       2
       1
       1
       0
       0
       2
       1
       2
       2
       0
       3
       0
       3
       2
       1
       1
       2
       2
       1
       3
       3
       1
       1
       2
       2
       1
       6
       1
       2
       2
       1
       2
       1
       3
       2
       2
       1
       2
       2
       1
       4
       2
       1
       1
       2
       1
       1
       1
       3
       3
       3
       0
       0
       1
       2
       0
       1
       1
       1
       5
       3
       3
       1
       3
       0
       2
       4
       4
       2
       0
       1
       2
       1
       4
       2
       2
       2
       0
       1
       3
       1
       5
       0
       0
       2
       2
       2
       2
       1
       1
       0
       0
       5
       1
       1
       3
       4
       2
       2
       5
       4
       1
       1
       1
       4
       2
       1
       1
       2
       3
       3
       2
       2
       1
       1
       1
       2
       2
       1
       2
       4
       1
       3
       2
       3
       1
       2
       4
       2
       2
       3
       4
       0
       4
       1
       5
       5
       2
       3
       3
       4
       2
       6
       4
       3
       3
       2
       7
       2
       2
       4
       1
       1
       4
       2
       3
       2
       2
       2
       1
       2
       5
       3
       1
       1
       4
       7
       4
       3
       7
       4
       2
       2
       1
       1
       5
       2
       2
       5
       2
       3
       2
       4
       6
       4
       5
       2
       2
       0
       8
       1
       5
       2
       2
       4
       3
       4
       1
       2
       2
       7
       3
       1
       4
       2
       2
       5
       4
       4
       1
       4
       3
       3
       6
       6
       7
       3
       1
       4
       5
       5
       2
       3
       4
       6
       6
       5
       2
       4
       4
       8
       4
       4
       1
       3
       1
       6
       4
       4
       3
       6
       3
       5
       1
       5
       0
       5
       4
       3
       5
       3
       6
       4
       5
       4
       7
       2
       5
       9
       5
       7
       4
       3
       5
       8
       6
       7
       3
       5
       6
       7
       2
       5
       3
       4
       5
       8
       5
       3
       5
      10
       6
       4
       5
       6
       7
       3
       8
       8
       9
       6
      10
       6
       4
       1
       4
       8
       6
       9
       4
      10
       7
       3
       6
       6
       6
      11
       5
       6
      10
       8
      10
       4
      11
      10
       6
      15
       8
       9
      10
      11
       6
      11
      16
      12
       6
      10
      10
      12
       5
      11
       8
       5
       8
       9
       9
       8
      12
      11
      16
       5
       9
      11
       7
       8
      15
       7
       9
      18
      11
      12
       9
      12
      15
      13
      11
       8
       8
      10
       8
       8
      12
       9
      17
      15
       9
      14
       9
      11
       8
      10
      12
       6
      13
      15
      13
      11
      14
      13
       9
      20
      13
      11
       8
      15
      13
      16
      17
      16
      16
      15
      24
      12
      12
      15
      15
      16
      15
      20
      13
      12
      21
      26
      14
      28
      20
      21
      17
      24
      12
      21
      25
      17
      16
      27
      24
      24
      25
      27
      28
      16
      36
      26
      25
      28
      28
      25
      36
      24
      33
      28
      26
      38
      36
      32
      30
      39
      33
      45
      43
      16
      44
      45
      38
      37
      40
      34
      34
      56
      46
      49
      53
      52
      50
      57
      40
      44
      61
      63
      58
      56
      64
      58
      54
      55
      61
      63
      60
      66
      60
      72
      79
      79
      69
      72
      74
      86
      76
      83
      76
      72
      81
     107
      97
      85
     100
     109
     105
     112
     112
     103
     101
     109
     114
     115
     119
     111
     127
     106
     132
     111
     129
     138
     138
     109
     147
     134
     146
     147
     166
     158
     164
     163
     174
     196
     174
     181
     177
     197
     184
     206
     189
     192
     186
     205
     202
     188
     236
     209
     212
     194
     223
     238
     225
     221
     204
     229
     250
     235
     242
     240
     234
     266
     248
     276
     248
     261
     238
     289
     290
     273
     263
     286
     297
     280
     303
     287
     279
     298
     290
     269
     268
     285
     274
     279
     309
     273
     299
     301
     280
     304
     303
     286
     301
     269
     315
     287
     287
     309
     304
     317
     305
     289
     271
     252
     292
     270
     275
     295
     288
     275
     298
     270
     304
     283
     244
     259
     289
     280
     247
     248
     276
     247
     239
     263
     269
     221
     217
     203
     221
     235
     236
     195
     228
     201
     201
     207
     206
     209
     190
     188
     190
     174
     156
     175
     158
     159
     134
     138
     137
     159
     137
     150
     147
     135
     138
     103
     114
      90
     128
     102
     113
     107
      99
      93
     101
     100
      91
      81
      72
      90
      74
      71
      56
      67
      61
      79
      64
      73
      53
      54
      56
      52
      47
      46
      53
      34
      48
      40
      35
      41
      29
      39
      33
      35
      37
      31
      18
      25
      26
      22
      23
      20
      18
      13
      19
      12
      25
      18
      21
      17
      14
       7
      15
       9
      13
       9
      13
      10
      12
       4
       6
       9
      11
       5
      10
       5
       7
       3
       3
       3
       4
       2
       2
       6
       6
       2
       3
       2
       6
       2
       2
       2
       1
       2
       1
       2
       2
       0
       0
       0
       2
       0
       0
       0
       0
       1
       1
       0
       1
       1
       0
       0
       2
       0
       0
       0
       2
       0
       0
       0
       1
       0
       0
       0
       0
       0
       0
       0
       0
       0
       0
       0
       0
       0
       0
       0
       0
       0
       0
       0
       0
       0
       0
       0
       0
       0
       0
       0
       0
       0
       0
       0
       0
       0
       0
       0
       0
       0
       0
       0
       0
       0
       0
       0
       0
       0
       0
       0
       0
       0
       0
       0
       0
       0
       1
       0
       0
       0
       0
       0
       0
       0
       0
       0
       0
       0
       0
       0
       0
       0
       0
       0
       0
       0
       0
       0
       0
       0
       0
       0
       0
       0
       0
       0
       0
       0
       0
       0
       0
       0
       0
       0
       0
       0
       0
       0
       0
       0
       0
       0
       0
       0
       0
       0
       0
       0
       0
       0
       0
       0
       0
       0
       0
       0
       0
       0
       0
       0
       0
       0
       0
       0
       0
       0
       0
       0
       0
       0
       0
       0
       0
       0
       0
       0
       0
       0
       0
       0
       0
       0
       0
       0
       0
       0
       0
       0
       0
       0
       0
       0
       0
       0
       0
       0
       0
       0
       0
       0
       0
       0
       0
       0
       0
       0
       0
       0
       0
       0
       0
       0
       0
       0
       0
       0
       0
       0
       0
       0
       0
       0
       0
       1
       0
       0
       0
       0
       0
       0
       0
       0
       0
       0
       0
       0
       0
       0
       0
       0
       0
       1
       0
       0
       0
       2
       0
       0
       0
       0
       0
       0
       0
       0
       0
       0
       0
       0
       0
       0
       0
       0
       0
       0
       0
       0
       0
       0
       0
       0
       0
       0
       0
       1
       0
       0
       0
       0
       0
       0
       0
       0
       0
       0
       0
       1
       0
       0
       0
       0
       0
       0
       0
       0
       0
       0
       0
       0
       0
       0
       0
       0
       0
       0
       0
       0
       0
       0
       0
       0
       0
       0
       0
       0
       0
       0
       0
       0
       0
       0
       0
       0
       0
       0
       0
       0
       0
       0
       0
       0
       0
       1
       0
       0
       0
       0
       0
       0
       0
       0
       0
       0
       0
       0
       0
       0
       0
       0
       0
       0
       0
       0
       0
       0
       0
       0
       0
       0
       1
       0
       0
       0
       0
       0
       0
       0
       0
       0
       0
       0
       0
       0
       0
       0
       0
       0
       0
       0
       0
       0
       0
       0
       0
       1
       0
       0
       0
       0
       0
       0
       0
       0
       0
       0
       0
       0
       0
       0
       0
       0
       0
       0
       0
       0
       0
       0
       0
       0
       0
       0
       0
       0
       0
       0
       0
       0
       0
       0
       0
       0
       0
       0
       0
       0
       0
       0
       0
       0
       0
       0
       0
       0
       0
       0
       0
       0
       0
       0
       0
       0
       0
       0
       0
       0
       0
       0
       0
       0
       0
       0
       0
       0
       0
       0
       0
       0
       0
       0
       0
       0
       0
       0
       0
$ROI:
0
$PRESETS:
Live Time
1000000
0
$ENER_FIT:
0.000000 0.002526
$MCA_CAL:
3
0.000000E+000 2.525835E-003 0.000000E+000 keV
$SHAPE_CAL:
3
0.000000E+000 0.000000E+000 0.000000E+000
