$SPEC_ID:
No sample description was entered.
$SPEC_REM:
DET# 1
DETDESC# 
AP# Maestro Version 6.08
$DATE_MEA:
09/19/2017 09:26:04
$MEAS_TIM:
123 123
$DATA:
0 2047
       0
       0
       0
       0
       0
       0
       0
       0
       0
       0
       0
       0
       0
       0
       0
       0
       0
       0
       0
       0
       0
       0
       0
       0
       0
       0
       0
       0
       0
       0
       0
       0
       0
       0
       0
       0
       0
       0
       0
       0
       0
       0
       0
       0
       0
       0
       0
       0
       0
       0
       0
       0
       0
       0
       0
       0
       0
       0
       0
       0
       0
       0
       0
       0
       0
       0
       0
       0
       0
       0
       0
       0
       0
       0
       0
       0
       0
       0
       0
       0
       0
       0
       0
       0
       0
       0
       0
       0
       0
       0
       0
       0
       0
       0
       0
       0
       0
       0
       0
       0
       0
       0
       0
       0
       0
       0
       0
       0
       0
       0
       0
       0
       0
       0
       0
       0
       0
       0
       0
       0
       0
       0
       0
       0
       0
       0
       0
       0
       0
       0
       0
       0
       0
       0
       0
       0
       0
       0
       0
       0
       0
       0
       0
       0
       0
       0
       0
       0
       0
       0
       0
       0
       0
       0
       0
       0
       0
       0
       0
       0
       0
       0
       0
       0
       0
       0
       0
       0
       0
       0
       0
       0
       0
       0
       0
       0
       0
       0
       0
       0
       0
       0
       0
       0
       0
       0
       0
       0
       0
       0
       0
       0
       0
       0
       0
       0
       0
       0
       2
       0
       2
       0
       0
       2
       3
       0
       1
       0
       2
       0
       3
       5
       3
       2
       2
       0
       1
       4
       1
       0
       1
       1
       1
       0
       1
       2
       0
       0
       0
       1
       3
       2
       2
       0
       3
       0
       1
       0
       0
       1
       4
       1
       3
       0
       1
       2
       1
       1
       0
       3
       0
       0
       2
       3
       1
       2
       3
       1
       3
       2
       1
       2
       2
       0
       4
       1
       3
       1
       3
       3
       0
       3
       2
       0
       1
       1
       0
       2
       1
       1
       1
       2
       1
       0
       2
       3
       1
       1
       2
       1
       3
       0
       0
       0
       4
       1
       0
       1
       2
       1
       3
       0
       0
       1
       1
       4
       1
       0
       3
       1
       3
       1
       1
       1
       0
       0
       0
       0
       0
       0
       0
       1
       2
       0
       1
       3
       3
       1
       1
       1
       0
       1
       1
       0
       0
       4
       0
       0
       1
       2
       0
       1
       4
       1
       2
       3
       2
       0
       3
       2
       1
       1
       1
       1
       2
       0
       0
       0
       0
       3
       1
       0
       1
       0
       2
       1
       4
       2
       1
       4
       1
       1
       0
       2
       1
       2
       1
       3
       2
       3
       0
       2
       1
       3
       1
       2
       1
       3
       0
       2
       2
       0
       1
       2
       2
       2
       0
       0
       1
       1
       0
       0
       3
       1
       3
       1
       1
       0
       0
       0
       1
       1
       0
       1
       0
       2
       0
       2
       3
       1
       1
       1
       1
       4
       2
       2
       3
       2
       2
       1
       1
       1
       3
       1
       1
       2
       1
       0
       2
       1
       4
       2
       0
       1
       3
       0
       3
       1
       1
       1
       1
       1
       1
       1
       1
       1
       1
       1
       3
       1
       0
       1
       1
       2
       0
       1
       0
       1
       1
       2
       2
       3
       1
       0
       2
       1
       3
       2
       3
       3
       1
       3
       2
       1
       0
       0
       0
       3
       3
       1
       1
       0
       2
       0
       0
       0
       4
       2
       1
       2
       0
       3
       0
       0
       0
       0
       0
       2
       2
       1
       1
       1
       1
       3
       1
       1
       1
       1
       1
       1
       3
       2
       1
       0
       5
       1
       1
       2
       1
       0
       1
       3
       0
       1
       3
       0
       3
       2
       1
       3
       0
       3
       2
       1
       1
       1
       2
       3
       1
       2
       2
       5
       1
       3
       3
       2
       1
       0
       3
       0
       5
       3
       1
       3
       2
       2
       2
       3
       3
       0
       1
       0
       3
       3
       1
       3
       0
       2
       2
       1
       0
       2
       2
       1
       3
       1
       0
       1
       1
       3
       1
       1
       0
       1
       1
       2
       1
       1
       2
       0
       1
       2
       0
       0
       2
       0
       0
       1
       1
       0
       0
       1
       1
       2
       1
       3
       1
       2
       1
       2
       1
       2
       5
       3
       1
       3
       4
       0
       1
       1
       2
       3
       0
       2
       2
       0
       0
       5
       1
       2
       3
       1
       2
       3
       0
       2
       6
       3
       2
       1
       2
       3
       0
       0
       0
       2
       0
       3
       4
       1
       2
       1
       4
       4
       1
       1
       0
       1
       0
       2
       3
       1
       2
       2
       1
       5
       3
       1
       2
       0
       2
       3
       2
       5
       4
       0
       4
       0
       3
       2
       3
       1
       1
       0
       3
       1
       0
       3
       0
       2
       1
       3
       1
       0
       1
       3
       1
       4
       1
       3
       1
       4
       2
       2
       1
       2
       4
       2
       1
       1
       7
       2
       1
       4
       4
       3
       6
       4
       2
       2
       3
       2
       5
       2
       1
       3
       0
       3
       1
       3
       1
       4
       0
       1
       2
       1
       3
       3
       1
       1
       5
       3
       3
       0
       0
       1
       0
       4
       1
       2
       1
       1
       1
       3
       1
       0
       1
       0
       1
       1
       1
       5
       2
       3
       1
       2
       1
       1
       2
       1
       2
       2
       1
       1
       3
       1
       2
       3
       5
       2
       4
       4
       3
       4
       4
       3
       2
       3
       2
       2
       0
       1
       0
       1
       2
       2
       3
       4
       1
       4
       4
       3
       0
       1
       1
       0
       2
       1
       2
       1
       2
       1
       3
       3
       1
       2
       1
       2
       1
       2
       3
       1
       1
       1
       3
       3
       2
       1
       3
       2
       2
       1
       3
       2
       2
       1
       4
       3
       3
       2
       1
       2
       2
       1
       3
       2
       1
       1
       0
       2
       0
       1
       4
       4
       3
       3
       3
       2
       4
       2
       2
       1
       0
       3
       3
       2
       2
       0
       1
       1
       2
       1
       0
       2
       0
       2
       1
       4
       3
       0
       6
       4
       2
       4
       0
       0
       3
       1
       2
       1
       1
       1
       0
       0
       0
       0
       0
       3
       1
       2
       2
       5
       0
       2
       2
       2
       1
       2
       2
       0
       3
       1
       4
       2
       2
       1
       1
       5
       2
       4
       4
       2
       2
       0
       2
       0
       2
       3
       6
       2
       1
       1
       1
       0
       2
       2
       4
       3
       2
       1
       3
       0
       5
       2
       3
       2
       2
       2
       3
       2
       1
       3
       0
       1
       3
       2
       4
       3
       4
       0
       3
       5
       3
       1
       2
       1
       1
       4
       3
       4
       1
       2
       1
       1
       1
       1
       2
       3
       1
       5
       3
       1
       2
       4
       3
       3
       2
       5
       2
       2
       5
       4
       0
       3
       4
       2
       5
       1
       4
       2
       1
       1
       3
       3
       2
       2
       0
       3
       2
       2
       4
       4
       5
       2
       2
       1
       3
       3
       6
       3
       4
       3
       2
       0
       2
       1
       1
       2
       2
       2
       1
       4
       4
       2
       4
       3
       1
       3
       1
       2
       3
       7
       5
       7
       3
       5
       3
       2
       2
       2
       3
       3
       6
       3
       2
       3
       1
       2
       7
       2
       4
       3
       2
       4
       5
       6
       1
       3
       3
       3
       5
       4
       4
       5
       6
       4
       1
       5
       4
       1
       3
       6
       5
       3
       3
       1
       3
       2
       3
       5
       3
       4
       7
       3
       6
       2
       4
       5
       5
       4
      10
       7
       7
       2
       5
       5
       2
       1
       2
       3
       6
       6
       3
       5
       0
       5
       6
       4
       4
       3
       9
       7
       2
       3
       8
       8
       7
       2
       5
       6
      10
       9
       3
       2
       2
       5
       3
       6
       5
       6
       2
       6
       4
       3
       5
       2
       4
       3
       6
       6
       4
      11
       8
       3
       4
       9
       7
       9
       7
       3
       3
       5
       6
       6
       4
       6
       6
       5
       8
       3
       3
      14
       5
       8
      11
      10
       5
       5
       8
       6
      12
       8
       9
       5
      10
       9
      11
       7
       8
       8
       5
       8
      11
      13
       8
      10
       7
      12
      10
       7
       9
       6
      10
       9
      16
       8
      11
      14
       8
      15
       7
       9
      11
      15
      10
      13
       7
       6
      13
      10
      15
      10
       7
      11
      17
      16
      17
      17
      16
       9
      14
      12
      14
      13
      12
      15
      16
      13
      16
      11
      16
      13
      12
       6
      12
      16
      13
      17
      14
      14
      13
      15
      10
      18
      10
      24
      13
      15
      14
      12
      15
      18
      25
      17
      18
      21
      32
      19
      17
      18
      25
      17
      29
      20
      23
      15
      23
      29
      29
      24
      26
      21
      25
      29
      19
      26
      25
      30
      25
      26
      23
      30
      26
      20
      26
      30
      43
      24
      33
      27
      33
      38
      43
      44
      49
      47
      41
      37
      34
      40
      40
      48
      43
      45
      41
      46
      60
      51
      46
      40
      61
      54
      50
      56
      66
      69
      57
      60
      55
      62
      56
      68
      69
      79
      84
      64
      72
      87
      75
      91
      82
      85
      72
      83
      91
      87
      90
      91
      75
      95
     102
     109
     120
      88
      97
     111
     114
     126
     120
      97
     106
     120
     135
     117
     126
     134
     143
     126
     146
     151
     148
     137
     147
     158
     166
     153
     164
     164
     156
     153
     185
     179
     195
     176
     179
     186
     206
     210
     178
     209
     205
     201
     209
     213
     233
     224
     195
     236
     236
     262
     250
     238
     224
     271
     246
     236
     270
     271
     247
     247
     251
     283
     272
     309
     266
     260
     291
     292
     285
     268
     300
     267
     271
     291
     280
     331
     322
     279
     334
     326
     284
     315
     315
     313
     320
     285
     316
     293
     347
     306
     292
     333
     318
     331
     331
     291
     304
     320
     310
     302
     291
     285
     280
     308
     261
     290
     300
     277
     305
     294
     308
     289
     266
     289
     270
     258
     237
     254
     238
     282
     236
     237
     209
     240
     246
     219
     200
     202
     225
     200
     206
     224
     189
     191
     205
     184
     151
     201
     196
     196
     152
     150
     172
     161
     167
     149
     147
     128
     139
     149
     122
     111
     114
     126
     113
      94
     113
     118
     115
     105
     110
      95
      79
      85
      88
      67
      85
      80
      74
      77
      56
      75
      60
      71
      57
      47
      61
      60
      52
      44
      45
      56
      39
      42
      37
      38
      27
      32
      41
      38
      26
      35
      28
      30
      25
      29
      26
      16
      22
      15
      20
      17
      18
      13
      13
      13
      13
      15
      11
      11
      11
      15
      12
       9
       7
       8
       8
       9
       7
       7
       5
       6
       3
       6
       4
       9
       4
       4
       1
       3
       5
       0
       3
       2
       0
       5
       6
       3
       1
       1
       1
       5
       1
       1
       2
       1
       0
       2
       0
       0
       0
       1
       1
       2
       1
       0
       0
       0
       0
       0
       0
       0
       1
       0
       1
       0
       0
       0
       0
       0
       0
       0
       0
       0
       0
       0
       0
       0
       0
       1
       0
       0
       0
       0
       0
       0
       0
       0
       0
       0
       0
       0
       0
       0
       0
       0
       0
       0
       0
       0
       0
       0
       0
       0
       0
       0
       0
       0
       0
       0
       0
       0
       0
       0
       0
       0
       0
       0
       0
       0
       0
       0
       0
       0
       0
       0
       0
       0
       0
       0
       0
       0
       0
       0
       0
       0
       0
       0
       0
       0
       0
       0
       0
       0
       0
       0
       0
       0
       0
       0
       0
       0
       0
       0
       0
       0
       0
       0
       0
       0
       0
       0
       0
       0
       0
       0
       0
       0
       0
       0
       0
       0
       0
       0
       0
       0
       0
       0
       0
       0
       0
       0
       0
       0
       0
       0
       0
       0
       0
       0
       0
       0
       0
       0
       0
       0
       0
       0
       0
       0
       0
       0
       0
       0
       0
       0
       0
       0
       0
       0
       0
       0
       0
       0
       0
       0
       0
       0
       0
       0
       0
       0
       0
       0
       0
       0
       0
       0
       0
       0
       1
       0
       0
       0
       0
       0
       0
       0
       0
       0
       0
       0
       0
       0
       0
       0
       0
       0
       0
       0
       0
       0
       0
       0
       0
       0
       0
       0
       0
       0
       0
       0
       0
       0
       0
       0
       0
       0
       0
       0
       0
       0
       0
       0
       0
       0
       0
       0
       0
       0
       0
       0
       0
       0
       0
       0
       0
       0
       0
       0
       0
       0
       0
       0
       0
       0
       0
       0
       0
       0
       0
       0
       0
       0
       0
       0
       0
       1
       0
       0
       1
       0
       0
       0
       0
       0
       0
       0
       0
       0
       0
       0
       0
       0
       0
       0
       0
       0
       0
       0
       0
       0
       0
       0
       0
       0
       0
       0
       0
       0
       0
       0
       0
       0
       0
       0
       0
       0
       0
       0
       0
       0
       0
       0
       0
       0
       0
       0
       0
       0
       0
       0
       0
       0
       0
       0
       0
       0
       0
       0
       0
       1
       1
       0
       0
       0
       0
       0
       0
       0
       0
       0
       0
       0
       0
       0
       0
       0
       0
       0
       0
       0
       0
       0
       0
       0
       0
       0
       0
       0
       0
       0
       0
       0
       0
       0
       0
       0
       0
       0
       0
       0
       0
       0
       0
       0
       0
       0
       0
       0
       0
       0
       0
       0
       0
       0
       0
       0
       0
       0
       0
       0
       0
       0
       0
       0
       0
       0
       1
       0
       0
       0
       0
       0
       0
       0
       0
       0
       0
       0
       0
       0
       0
       0
       0
       0
       0
       0
       0
       0
       0
       0
       0
       0
       0
       0
       0
       0
       0
       0
       0
       0
       0
       0
       0
       0
       0
       0
       0
       0
       0
       0
       0
       0
       0
       0
       0
       0
$ROI:
0
$PRESETS:
Live Time
1000000
0
$ENER_FIT:
0.000000 0.002526
$MCA_CAL:
3
0.000000E+000 2.525835E-003 0.000000E+000 keV
$SHAPE_CAL:
3
0.000000E+000 0.000000E+000 0.000000E+000
