$SPEC_ID:
No sample description was entered.
$SPEC_REM:
DET# 1
DETDESC# 
AP# Maestro Version 6.08
$DATE_MEA:
09/19/2017 09:30:39
$MEAS_TIM:
124 125
$DATA:
0 2047
       0
       0
       0
       0
       0
       0
       0
       0
       0
       0
       0
       0
       0
       0
       0
       0
       0
       0
       0
       0
       0
       0
       0
       0
       0
       0
       0
       0
       0
       0
       0
       0
       0
       0
       0
       0
       0
       0
       0
       0
       0
       0
       0
       0
       0
       0
       0
       0
       0
       0
       0
       0
       0
       0
       0
       0
       0
       0
       0
       0
       0
       0
       0
       0
       0
       0
       0
       0
       0
       0
       0
       0
       0
       0
       0
       0
       0
       0
       0
       0
       0
       0
       0
       0
       0
       0
       0
       0
       0
       0
       0
       0
       0
       0
       0
       0
       0
       0
       0
       0
       0
       0
       0
       0
       0
       0
       0
       0
       0
       0
       0
       0
       0
       0
       0
       0
       0
       0
       0
       0
       0
       0
       0
       0
       0
       0
       0
       0
       0
       0
       0
       0
       0
       0
       0
       0
       0
       0
       0
       0
       0
       0
       0
       0
       0
       0
       0
       0
       0
       0
       0
       0
       0
       0
       0
       0
       0
       0
       0
       0
       0
       0
       0
       0
       0
       0
       0
       0
       0
       0
       0
       0
       0
       0
       0
       0
       0
       0
       0
       0
       0
       0
       0
       0
       0
       0
       0
       0
       0
       0
       0
       0
       0
       0
       0
       0
       0
       0
       0
       1
       0
       2
       2
       2
       2
       0
       2
       3
       2
       1
       2
       2
       1
       1
       2
       0
       1
       1
       2
       4
       4
       0
       0
       0
       2
       2
       1
       3
       0
       1
       0
       2
       1
       2
       1
       0
       0
       1
       2
       2
       1
       1
       0
       1
       2
       2
       3
       2
       2
       1
       2
       1
       1
       1
       0
       1
       0
       1
       0
       1
       3
       0
       2
       1
       0
       1
       2
       1
       0
       3
       2
       2
       1
       1
       1
       3
       1
       2
       2
       0
       1
       1
       1
       2
       0
       0
       2
       4
       1
       2
       0
       2
       3
       2
       1
       0
       4
       1
       3
       2
       2
       2
       0
       3
       1
       1
       0
       2
       2
       0
       1
       1
       1
       2
       1
       1
       1
       1
       2
       1
       2
       0
       1
       3
       0
       1
       2
       1
       0
       1
       1
       4
       0
       4
       0
       0
       4
       1
       0
       0
       1
       0
       3
       1
       0
       0
       0
       0
       2
       0
       0
       3
       1
       0
       1
       2
       1
       1
       0
       3
       3
       1
       1
       0
       7
       1
       0
       1
       2
       1
       0
       2
       2
       2
       2
       5
       1
       0
       1
       0
       2
       2
       4
       1
       1
       1
       2
       0
       2
       4
       2
       1
       1
       1
       2
       2
       2
       0
       1
       1
       1
       1
       1
       1
       0
       3
       0
       0
       3
       1
       0
       0
       1
       3
       2
       2
       2
       1
       3
       0
       2
       2
       1
       0
       0
       1
       3
       0
       0
       3
       1
       1
       1
       1
       2
       3
       0
       1
       1
       1
       2
       2
       1
       1
       4
       2
       2
       0
       1
       0
       3
       1
       2
       1
       1
       2
       2
       1
       3
       2
       1
       3
       2
       2
       1
       0
       2
       4
       2
       2
       2
       2
       1
       1
       2
       1
       3
       0
       2
       1
       1
       2
       1
       2
       1
       0
       1
       1
       3
       0
       0
       4
       0
       1
       3
       0
       1
       2
       2
       1
       2
       0
       1
       2
       2
       1
       1
       3
       2
       2
       3
       2
       2
       0
       1
       3
       1
       0
       1
       3
       1
       1
       2
       2
       1
       3
       1
       1
       1
       0
       1
       3
       0
       0
       0
       0
       5
       1
       0
       1
       2
       1
       1
       3
       0
       1
       2
       0
       2
       1
       3
       1
       0
       1
       2
       0
       0
       0
       0
       0
       1
       1
       5
       1
       1
       1
       2
       3
       3
       2
       1
       2
       2
       7
       1
       2
       1
       2
       3
       3
       2
       0
       1
       4
       2
       0
       2
       1
       2
       1
       1
       1
       5
       3
       1
       0
       1
       1
       2
       1
       4
       3
       2
       3
       1
       1
       1
       0
       2
       1
       6
       3
       1
       1
       2
       1
       0
       7
       1
       1
       1
       3
       1
       2
       3
       0
       1
       4
       0
       2
       3
       2
       2
       2
       3
       1
       3
       1
       0
       1
       2
       0
       4
       1
       0
       2
       2
       1
       3
       2
       1
       3
       3
       2
       1
       1
       2
       0
       2
       3
       1
       1
       2
       1
       1
       4
       4
       4
       3
       0
       3
       2
       0
       3
       0
       2
       2
       1
       2
       2
       3
       3
       0
       2
       2
       3
       2
       1
       1
       2
       2
       2
       0
       2
       2
       2
       1
       3
       4
       1
       1
       5
       0
       1
       2
       2
       3
       0
       2
       2
       4
       1
       1
       3
       1
       2
       3
       4
       1
       2
       4
       3
       1
       1
       1
       4
       1
       0
       1
       0
       2
       2
       0
       3
       0
       2
       2
       0
       1
       0
       0
       0
       1
       1
       1
       1
       3
       3
       3
       1
       3
       2
       3
       1
       4
       2
       3
       1
       0
       1
       2
       1
       2
       2
       1
       2
       5
       1
       3
       2
       3
       0
       4
       3
       4
       1
       3
       1
       2
       0
       3
       3
       0
       4
       1
       3
       2
       1
       1
       1
       2
       3
       2
       1
       6
       1
       1
       0
       2
       1
       1
       2
       3
       2
       3
       3
       6
       5
       3
       1
       0
       2
       3
       3
       3
       0
       1
       1
       0
       2
       1
       1
       4
       2
       6
       0
       1
       2
       0
       3
       4
       1
       2
       3
       2
       1
       0
       2
       1
       2
       1
       5
       2
       3
       2
       1
       0
       4
       0
       4
       0
       2
       0
       1
       1
       1
       0
       3
       2
       3
       2
       4
       4
       2
       0
       0
       2
       2
       2
       1
       2
       3
       6
       4
       3
       2
       2
       4
       0
       2
       0
       5
       2
       1
       1
       0
       2
       3
       1
       1
       2
       1
       4
       3
       2
       1
       1
       3
       3
       1
       3
       2
       1
       2
       2
       1
       1
       0
       7
       2
       2
       3
       2
       2
       2
       2
       3
       3
       2
       1
       0
       2
       6
       4
       1
       1
       4
       0
       4
       0
       1
       0
       2
       3
       0
       3
       4
       2
       4
       2
       3
       2
       5
       4
       3
       3
       0
       3
       2
       1
       3
       3
       7
       4
       2
       2
       4
       2
       3
       2
       2
       4
       2
       0
       1
       3
       1
       0
       3
       0
       3
       4
       1
       1
       2
       2
       2
       3
       1
       2
       2
       6
       4
       2
       2
       1
       3
       2
       2
       0
       0
       2
       2
       3
       2
       2
       3
       4
       3
       2
       3
       2
       3
       3
       4
       5
       4
       1
       4
       2
       2
       6
       3
       2
       2
       4
       0
       2
       2
       7
       2
       1
       4
       6
       4
       1
       4
       5
       0
       6
       0
       1
       1
       4
       1
       4
       6
       5
       2
       2
       1
       4
       3
       1
       3
       6
       3
       3
       1
       1
       3
       2
       2
       1
       3
       4
       2
       2
       3
       3
       5
       4
       5
       2
       4
       1
       4
       4
       3
       4
       2
       5
       3
       2
       3
       0
       3
       1
       2
       3
       4
       2
       2
       3
       7
       4
       1
       4
       2
       2
       3
       7
       0
       4
       2
       4
       2
       6
       7
       2
       3
       6
       4
       3
       3
       3
       0
       3
       6
       2
       4
       3
       4
       3
       5
       7
       0
       6
       2
       4
       4
       4
       6
       3
       3
       3
       3
       3
       7
       6
       7
       4
       5
       6
       2
       3
       6
       8
       4
       2
       1
       6
       6
       9
       5
       6
       2
       3
       7
       6
       9
       7
       3
       4
       7
       5
       8
       6
       8
       7
       6
       4
       5
       4
      11
       5
       5
       6
       7
       4
       3
       4
       7
       6
       9
       8
      10
       3
      11
       7
      12
       9
      10
      14
      14
       3
      13
      14
       3
       8
       9
      10
      10
       6
       6
       9
       8
       3
       6
       5
       7
       6
      11
       9
       5
       7
       9
       8
       8
       5
       7
      12
      10
      10
      13
      13
      12
       8
       6
       8
      10
       7
      11
       9
       6
       8
       7
      14
      14
      14
       9
      13
      16
      11
       9
       5
      11
       6
      13
       9
      15
      13
      11
       6
      21
      16
      16
      13
      14
       9
      14
      10
      13
      14
      11
      12
      17
      15
      11
      16
      17
      10
      17
      19
      11
      15
      17
      12
      21
      14
      19
      18
      16
      15
      25
      13
      23
      24
      16
      20
      17
      26
      21
      19
      20
      28
      26
      25
      26
      19
      14
      21
      26
      28
      24
      17
      27
      25
      29
      37
      26
      23
      27
      51
      29
      44
      32
      24
      40
      36
      32
      39
      41
      40
      35
      38
      38
      49
      41
      48
      46
      40
      46
      69
      51
      51
      39
      49
      52
      44
      54
      56
      55
      51
      68
      49
      48
      67
      58
      50
      69
      69
      71
      76
      58
      73
      76
      86
      75
      74
      83
      64
      87
      88
     101
     109
     100
     104
      90
      93
      94
     118
     120
     113
     110
     101
     109
     117
     132
     139
     130
     126
     138
     152
     144
     141
     143
     137
     170
     150
     133
     144
     136
     166
     171
     150
     190
     187
     196
     180
     170
     189
     183
     192
     183
     207
     197
     213
     171
     201
     195
     183
     248
     196
     208
     230
     219
     218
     225
     256
     242
     255
     230
     265
     262
     255
     276
     252
     289
     262
     282
     275
     265
     301
     271
     317
     283
     252
     264
     293
     297
     284
     284
     319
     333
     313
     295
     304
     320
     309
     281
     308
     317
     325
     332
     347
     311
     275
     336
     309
     306
     311
     325
     305
     273
     295
     334
     304
     326
     321
     294
     271
     324
     302
     277
     263
     257
     289
     290
     275
     249
     239
     273
     258
     272
     253
     284
     234
     269
     256
     259
     257
     216
     261
     233
     241
     242
     211
     200
     214
     199
     221
     209
     184
     224
     192
     185
     196
     165
     189
     189
     157
     185
     149
     139
     173
     142
     141
     120
     137
     125
     123
     131
     110
     129
     109
     128
     106
     110
     101
      93
      98
      93
      82
      85
      88
      64
      77
      74
      82
      57
      69
      67
      80
      44
      53
      54
      56
      50
      43
      36
      45
      36
      47
      46
      29
      32
      33
      39
      25
      31
      31
      34
      37
      26
      13
      21
      20
      23
      19
      15
      15
      13
      17
      17
      14
      11
      13
      15
      11
      13
       6
      12
       5
       6
       5
      12
      11
       5
       8
       5
       5
       6
       3
       3
       1
       1
       2
       3
       0
       2
       7
       4
       2
       2
       1
       4
       4
       1
       1
       4
       1
       2
       0
       1
       2
       1
       1
       1
       0
       0
       1
       0
       0
       0
       0
       0
       0
       0
       1
       0
       0
       0
       1
       0
       0
       0
       1
       0
       0
       0
       0
       0
       0
       0
       0
       0
       0
       0
       0
       0
       0
       0
       0
       0
       0
       0
       0
       0
       0
       0
       0
       0
       0
       0
       0
       0
       0
       0
       0
       0
       0
       0
       0
       0
       0
       0
       0
       0
       0
       0
       0
       0
       0
       0
       0
       0
       0
       0
       0
       0
       0
       0
       0
       0
       0
       0
       0
       0
       0
       0
       0
       0
       0
       0
       0
       0
       0
       0
       0
       0
       0
       0
       0
       0
       0
       0
       0
       0
       0
       0
       0
       0
       0
       0
       0
       0
       0
       0
       0
       0
       0
       0
       0
       0
       0
       0
       0
       0
       0
       0
       0
       0
       1
       0
       0
       0
       0
       0
       0
       0
       0
       0
       0
       0
       0
       0
       0
       0
       0
       0
       0
       0
       0
       0
       0
       0
       0
       0
       0
       0
       1
       0
       0
       0
       0
       0
       0
       0
       0
       0
       0
       1
       0
       0
       1
       0
       0
       0
       0
       0
       0
       0
       0
       0
       0
       0
       0
       0
       0
       0
       0
       0
       0
       0
       0
       0
       0
       0
       0
       0
       0
       0
       0
       0
       0
       0
       0
       0
       0
       0
       0
       0
       0
       0
       0
       0
       0
       0
       0
       0
       0
       0
       0
       0
       1
       0
       0
       0
       0
       0
       0
       0
       0
       0
       0
       0
       0
       0
       0
       0
       0
       0
       0
       0
       0
       0
       0
       0
       0
       0
       0
       0
       0
       0
       0
       0
       0
       0
       0
       0
       0
       0
       0
       0
       0
       0
       0
       0
       0
       0
       0
       0
       0
       0
       0
       0
       0
       0
       0
       0
       0
       0
       0
       0
       0
       0
       0
       0
       0
       0
       0
       0
       0
       0
       0
       0
       0
       0
       0
       0
       0
       0
       0
       0
       0
       0
       0
       0
       0
       0
       0
       0
       0
       0
       0
       0
       0
       0
       0
       0
       0
       0
       0
       0
       0
       0
       0
       0
       0
       0
       0
       0
       0
       0
       0
       0
       0
       0
       0
       0
       0
       0
       0
       0
       0
       0
       0
       0
       0
       0
       0
       0
       0
       0
       0
       0
       0
       0
       0
       0
       0
       0
       0
       0
       0
       0
       0
       0
       0
       0
       0
       0
       0
       0
       0
       0
       0
       0
       0
       0
       0
       0
       0
       0
       1
       0
       0
       0
       0
       0
       0
       0
       0
       0
       0
       0
       0
       0
       0
       0
       0
       0
       0
       0
       0
       0
       0
       0
       0
       0
       0
       0
       0
       0
       0
       0
       0
       0
       0
       0
       0
       0
       0
       0
       0
       0
       0
       0
       0
       0
       0
       0
       0
       0
       0
       0
       0
       0
       0
       0
       0
       0
       0
       0
       0
       0
       0
$ROI:
0
$PRESETS:
Live Time
1000000
0
$ENER_FIT:
0.000000 0.002526
$MCA_CAL:
3
0.000000E+000 2.525835E-003 0.000000E+000 keV
$SHAPE_CAL:
3
0.000000E+000 0.000000E+000 0.000000E+000
