$SPEC_ID:
No sample description was entered.
$SPEC_REM:
DET# 1
DETDESC# 
AP# Maestro Version 6.08
$DATE_MEA:
09/19/2017 09:28:24
$MEAS_TIM:
119 120
$DATA:
0 2047
       0
       0
       0
       0
       0
       0
       0
       0
       0
       0
       0
       0
       0
       0
       0
       0
       0
       0
       0
       0
       0
       0
       0
       0
       0
       0
       0
       0
       0
       0
       0
       0
       0
       0
       0
       0
       0
       0
       0
       0
       0
       0
       0
       0
       0
       0
       0
       0
       0
       0
       0
       0
       0
       0
       0
       0
       0
       0
       0
       0
       0
       0
       0
       0
       0
       0
       0
       0
       0
       0
       0
       0
       0
       0
       0
       0
       0
       0
       0
       0
       0
       0
       0
       0
       0
       0
       0
       0
       0
       0
       0
       0
       0
       0
       0
       0
       0
       0
       0
       0
       0
       0
       0
       0
       0
       0
       0
       0
       0
       0
       0
       0
       0
       0
       0
       0
       0
       0
       0
       0
       0
       0
       0
       0
       0
       0
       0
       0
       0
       0
       0
       0
       0
       0
       0
       0
       0
       0
       0
       0
       0
       0
       0
       0
       0
       0
       0
       0
       0
       0
       0
       0
       0
       0
       0
       0
       0
       0
       0
       0
       0
       0
       0
       0
       0
       0
       0
       0
       0
       0
       0
       0
       0
       0
       0
       0
       0
       0
       0
       0
       0
       0
       0
       0
       0
       0
       0
       0
       0
       0
       0
       0
       0
       0
       0
       0
       0
       0
       1
       2
       0
       2
       1
       1
       0
       1
       1
       0
       0
       0
       2
       2
       2
       1
       1
       1
       1
       4
       0
       2
       0
       4
       1
       0
       0
       0
       1
       1
       1
       2
       2
       2
       0
       1
       1
       1
       5
       2
       2
       5
       2
       1
       3
       1
       1
       1
       2
       1
       3
       1
       0
       2
       2
       1
       0
       3
       1
       2
       4
       1
       0
       2
       0
       0
       1
       0
       1
       2
       1
       2
       2
       2
       1
       1
       1
       1
       0
       2
       1
       2
       0
       1
       0
       1
       1
       1
       4
       0
       0
       1
       0
       1
       1
       0
       0
       1
       0
       1
       1
       2
       2
       0
       0
       2
       1
       1
       1
       0
       1
       0
       2
       1
       0
       1
       1
       3
       1
       2
       2
       2
       1
       3
       1
       0
       1
       2
       1
       1
       2
       2
       1
       1
       2
       0
       2
       6
       2
       0
       1
       2
       0
       3
       2
       0
       0
       0
       2
       2
       1
       1
       0
       1
       0
       0
       0
       3
       0
       1
       0
       2
       0
       1
       1
       2
       0
       2
       2
       2
       3
       3
       0
       1
       0
       2
       0
       0
       0
       1
       1
       2
       0
       1
       0
       0
       0
       1
       4
       2
       1
       0
       1
       1
       0
       1
       1
       1
       0
       0
       1
       1
       0
       1
       4
       2
       2
       3
       3
       2
       0
       3
       2
       2
       0
       4
       1
       2
       2
       0
       0
       1
       2
       2
       0
       2
       0
       0
       1
       2
       1
       3
       2
       3
       1
       2
       2
       2
       2
       2
       3
       0
       3
       2
       0
       2
       2
       3
       3
       0
       0
       2
       2
       0
       2
       1
       2
       1
       4
       2
       1
       2
       2
       1
       3
       3
       1
       0
       0
       2
       0
       0
       3
       3
       0
       2
       2
       2
       0
       1
       1
       1
       0
       2
       1
       1
       0
       3
       1
       2
       1
       0
       0
       3
       1
       3
       0
       0
       0
       1
       1
       1
       1
       4
       1
       0
       1
       1
       1
       3
       1
       0
       0
       0
       2
       2
       1
       4
       1
       1
       1
       0
       2
       2
       1
       0
       1
       0
       1
       0
       2
       2
       4
       2
       1
       2
       2
       1
       3
       3
       0
       1
       2
       0
       2
       1
       2
       1
       1
       1
       1
       2
       3
       2
       1
       0
       2
       2
       0
       0
       2
       1
       2
       0
       2
       1
       1
       1
       0
       2
       0
       2
       1
       0
       2
       5
       2
       2
       2
       1
       1
       1
       2
       1
       1
       0
       0
       0
       0
       3
       2
       3
       1
       0
       1
       2
       3
       1
       1
       2
       4
       0
       1
       4
       1
       3
       1
       0
       2
       1
       0
       2
       2
       2
       1
       3
       1
       1
       1
       1
       2
       1
       2
       4
       2
       0
       1
       4
       0
       3
       1
       0
       1
       2
       2
       4
       3
       1
       4
       2
       1
       3
       3
       0
       1
       2
       4
       3
       1
       0
       0
       0
       2
       1
       3
       2
       0
       2
       1
       4
       0
       2
       2
       2
       0
       0
       1
       3
       0
       3
       1
       3
       0
       3
       0
       1
       0
       1
       1
       2
       2
       0
       3
       1
       0
       3
       1
       2
       2
       0
       2
       1
       0
       1
       1
       4
       0
       2
       1
       2
       1
       2
       2
       6
       1
       2
       2
       1
       3
       1
       1
       1
       3
       2
       2
       2
       2
       1
       3
       2
       1
       0
       0
       2
       0
       3
       4
       0
       4
       0
       2
       1
       1
       2
       2
       2
       1
       3
       2
       2
       1
       2
       1
       1
       0
       2
       3
       1
       2
       3
       2
       1
       1
       1
       1
       1
       1
       3
       0
       2
       2
       3
       2
       3
       0
       3
       3
       1
       2
       2
       2
       4
       2
       2
       3
       2
       1
       3
       1
       2
       2
       0
       4
       2
       1
       1
       1
       3
       4
       1
       3
       3
       1
       2
       2
       2
       0
       1
       1
       1
       3
       3
       3
       1
       3
       4
       1
       5
       5
       0
       0
       2
       2
       1
       2
       1
       1
       1
       2
       0
       1
       5
       3
       2
       2
       2
       5
       2
       3
       1
       2
       3
       0
       3
       1
       1
       0
       0
       0
       0
       1
       2
       2
       0
       2
       2
       2
       2
       2
       0
       2
       1
       2
       0
       3
       2
       2
       2
       0
       1
       3
       0
       1
       1
       3
       1
       1
       2
       1
       3
       2
       4
       3
       1
       1
       1
       5
       1
       1
       1
       3
       1
       3
       1
       1
       1
       3
       4
       1
       0
       1
       1
       0
       1
       1
       1
       3
       1
       2
       1
       1
       4
       0
       1
       2
       2
       2
       2
       3
       2
       5
       1
       3
       2
       1
       2
       1
       2
       0
       3
       1
       2
       4
       1
       2
       5
       5
       2
       2
       0
       2
       4
       4
       4
       1
       5
       1
       2
       1
       1
       1
       2
       3
       2
       1
       2
       5
       4
       5
       1
       0
       1
       2
       1
       2
       2
       2
       1
       6
       3
       2
       2
       2
       0
       2
       3
       4
       4
       1
       5
       0
       1
       2
       2
       2
       1
       2
       1
       0
       2
       2
       2
       1
       3
       3
       3
       1
       1
       1
       2
       3
       3
       2
       2
       4
       0
       6
       3
       3
       2
       2
       4
       2
       1
       3
       1
       5
       2
       5
       2
       2
       1
       1
       4
       1
       1
       3
       2
       0
       3
       3
       2
       3
       2
       4
       7
       4
       2
       3
       3
       5
       0
       5
       2
       1
       5
       3
       4
       1
       1
       0
       1
       1
       2
       6
       3
       1
       2
       3
       1
       5
       4
       5
       0
       2
       7
       1
       3
       4
       4
       2
       3
       4
       3
       5
       4
       3
       1
       3
       2
       2
       3
       3
       1
       3
       4
       2
       4
       4
       1
       3
       4
       5
       4
       2
       4
       2
       4
       4
       1
       7
       2
       2
       6
       3
       2
       6
       5
       0
       5
       4
       2
       6
       7
      10
       4
       5
       4
       9
       0
       3
       6
       3
       5
       5
       3
      10
       8
       4
       4
       2
       9
       3
       3
       4
       5
       3
       1
       9
       5
       7
       4
       7
       2
       7
       5
       2
       5
       4
       5
       4
       5
       8
       2
       8
       4
       4
       4
       7
       4
       4
       9
       7
       3
      11
       7
       4
       4
       4
       8
       4
       4
       5
       6
       1
       8
       6
       8
       3
       6
       3
       8
      10
       9
       5
       5
      10
       5
       2
       7
       8
       6
       8
       9
       7
       4
      10
       6
       5
       7
       8
       6
       8
       4
       6
       9
      10
      14
       2
      10
       9
      11
       6
       9
      10
       6
       6
       9
       7
      14
       7
       6
       7
       6
      15
      10
       8
      13
       9
      20
      11
       6
       6
       8
      12
      10
      12
       9
      11
      13
      13
       5
       9
      13
      17
      15
      12
       5
       9
      15
      11
      12
      12
      17
       9
       8
      12
      12
      12
      14
       6
       8
      23
      16
      13
      18
      19
      12
      23
      15
       8
      11
      14
      17
      14
      25
      12
       7
      20
      22
      15
      19
      13
      25
      14
      28
      17
      18
      21
      15
      24
      20
      24
      19
      18
      21
      28
      21
      18
      20
      21
      20
      31
      21
      22
      17
      29
      26
      30
      21
      32
      28
      26
      30
      24
      25
      31
      31
      31
      29
      29
      38
      35
      32
      38
      42
      28
      42
      56
      52
      32
      41
      40
      43
      40
      53
      53
      45
      51
      70
      45
      39
      54
      67
      58
      67
      59
      54
      55
      54
      52
      62
      50
      69
      60
      71
      68
      69
      77
      60
      73
      81
      70
      69
      91
      94
      88
      91
      82
      89
      80
      97
      84
     112
      89
      97
     116
     108
      87
     100
      97
     116
     110
     101
     107
     120
     137
     137
     142
     143
     140
     125
     151
     136
     117
     169
     151
     160
     172
     161
     165
     162
     177
     168
     161
     177
     188
     165
     194
     191
     191
     207
     220
     217
     212
     221
     212
     211
     216
     232
     213
     244
     227
     240
     239
     234
     218
     248
     276
     242
     260
     265
     266
     253
     260
     250
     305
     289
     273
     279
     290
     281
     283
     272
     297
     272
     296
     292
     291
     293
     268
     276
     318
     285
     296
     304
     291
     311
     311
     311
     278
     344
     299
     339
     309
     286
     285
     286
     276
     314
     282
     268
     303
     289
     280
     269
     268
     269
     266
     255
     257
     274
     266
     259
     262
     235
     260
     241
     254
     263
     246
     248
     214
     218
     252
     201
     217
     210
     212
     214
     236
     206
     213
     187
     185
     217
     173
     179
     178
     153
     169
     151
     167
     133
     148
     131
     147
     150
     149
     121
     114
     131
     135
     122
     135
      86
     122
     116
     118
     118
      90
      92
      88
      90
      87
     101
      74
      77
      54
      71
      73
      72
      59
      61
      57
      61
      63
      50
      61
      53
      38
      42
      48
      35
      40
      45
      41
      35
      37
      30
      33
      26
      29
      25
      21
      22
      23
      15
      16
      24
      16
      17
      18
      20
      18
      11
      19
      15
      21
       8
      12
       6
       5
       9
       7
       8
       4
       9
       8
       9
       8
       4
       4
       6
       7
       6
       6
       3
       3
       5
       4
       3
       1
       1
       5
       2
       0
       6
       0
       2
       0
       0
       1
       2
       0
       2
       0
       0
       0
       0
       1
       0
       0
       1
       0
       0
       0
       1
       0
       0
       0
       0
       0
       0
       0
       0
       0
       0
       0
       0
       0
       0
       0
       0
       0
       0
       0
       0
       0
       0
       0
       0
       0
       0
       0
       0
       0
       0
       0
       0
       0
       0
       0
       0
       0
       0
       0
       0
       0
       0
       0
       0
       0
       0
       0
       0
       0
       0
       0
       0
       0
       0
       0
       0
       0
       0
       0
       0
       0
       0
       0
       0
       0
       0
       0
       0
       0
       0
       0
       0
       0
       0
       0
       0
       0
       0
       0
       0
       0
       0
       0
       0
       0
       0
       1
       0
       0
       0
       0
       0
       0
       0
       0
       0
       0
       0
       0
       0
       0
       0
       0
       0
       0
       0
       0
       0
       0
       0
       0
       0
       0
       0
       0
       0
       0
       0
       0
       0
       0
       0
       0
       0
       0
       0
       0
       0
       0
       0
       0
       0
       0
       0
       0
       0
       0
       0
       0
       0
       0
       0
       0
       0
       0
       0
       0
       0
       0
       0
       0
       0
       0
       0
       0
       0
       0
       0
       0
       0
       0
       0
       0
       0
       0
       0
       0
       0
       0
       0
       0
       0
       0
       0
       1
       0
       0
       0
       0
       0
       0
       0
       0
       0
       0
       0
       0
       0
       0
       0
       0
       0
       0
       0
       0
       0
       0
       0
       0
       0
       0
       0
       0
       0
       0
       0
       0
       0
       0
       0
       0
       0
       0
       0
       0
       0
       0
       0
       0
       0
       0
       0
       0
       0
       0
       0
       0
       0
       0
       0
       0
       0
       0
       0
       0
       0
       0
       0
       0
       0
       0
       0
       0
       0
       0
       0
       0
       0
       0
       0
       0
       0
       0
       0
       0
       0
       0
       0
       0
       0
       0
       0
       0
       0
       0
       1
       0
       0
       0
       0
       0
       0
       0
       0
       0
       0
       0
       0
       0
       0
       0
       0
       0
       0
       0
       0
       0
       0
       0
       0
       0
       0
       0
       0
       0
       0
       0
       0
       0
       0
       0
       0
       0
       0
       0
       0
       0
       0
       0
       0
       0
       0
       0
       0
       0
       0
       0
       0
       0
       0
       0
       0
       0
       0
       0
       0
       0
       0
       0
       0
       0
       0
       0
       0
       0
       0
       0
       0
       0
       0
       0
       0
       0
       0
       0
       0
       0
       0
       0
       0
       0
       0
       0
       0
       0
       0
       0
       0
       0
       0
       0
       0
       0
       0
       0
       0
       0
       0
       0
       0
       0
       0
       0
       0
       0
       0
       0
       0
       0
       0
       0
       0
       0
       0
       0
       0
       0
       0
       0
       0
       0
       0
       0
       0
       0
       0
       0
       0
       0
       0
       0
       0
       0
       0
       0
       0
       0
       0
       0
       0
       0
       0
       0
       0
       0
       0
       0
       0
       0
       0
       0
       0
       0
       0
       0
       0
       0
       0
       0
       0
       0
       0
$ROI:
0
$PRESETS:
Live Time
1000000
0
$ENER_FIT:
0.000000 0.002526
$MCA_CAL:
3
0.000000E+000 2.525835E-003 0.000000E+000 keV
$SHAPE_CAL:
3
0.000000E+000 0.000000E+000 0.000000E+000
