$SPEC_ID:
No sample description was entered.
$SPEC_REM:
DET# 1
DETDESC# 
AP# Maestro Version 6.08
$DATE_MEA:
09/19/2017 09:19:11
$MEAS_TIM:
120 120
$DATA:
0 2047
       0
       0
       0
       0
       0
       0
       0
       0
       0
       0
       0
       0
       0
       0
       0
       0
       0
       0
       0
       0
       0
       0
       0
       0
       0
       0
       0
       0
       0
       0
       0
       0
       0
       0
       0
       0
       0
       0
       0
       0
       0
       0
       0
       0
       0
       0
       0
       0
       0
       0
       0
       0
       0
       0
       0
       0
       0
       0
       0
       0
       0
       0
       0
       0
       0
       0
       0
       0
       0
       0
       0
       0
       0
       0
       0
       0
       0
       0
       0
       0
       0
       0
       0
       0
       0
       0
       0
       0
       0
       0
       0
       0
       0
       0
       0
       0
       0
       0
       0
       0
       0
       0
       0
       0
       0
       0
       0
       0
       0
       0
       0
       0
       0
       0
       0
       0
       0
       0
       0
       0
       0
       0
       0
       0
       0
       0
       0
       0
       0
       0
       0
       0
       0
       0
       0
       0
       0
       0
       0
       0
       0
       0
       0
       0
       0
       0
       0
       0
       0
       0
       0
       0
       0
       0
       0
       0
       0
       0
       0
       0
       0
       0
       0
       0
       0
       0
       0
       0
       0
       0
       0
       0
       0
       0
       0
       0
       0
       0
       0
       0
       0
       0
       0
       0
       0
       0
       0
       0
       0
       0
       0
       0
       0
       0
       0
       0
       0
       0
       1
       2
       2
       2
       0
       1
       1
       1
       2
       0
       2
       1
       2
       0
       1
       2
       1
       2
       4
       1
       0
       0
       0
       0
       1
       2
       2
       1
       0
       2
       3
       1
       0
       0
       2
       2
       0
       1
       0
       2
       0
       0
       2
       1
       0
       3
       2
       1
       1
       0
       1
       0
       2
       3
       1
       1
       3
       0
       0
       1
       2
       4
       1
       2
       0
       1
       2
       1
       0
       0
       1
       2
       3
       1
       2
       3
       1
       0
       1
       1
       1
       2
       1
       1
       0
       5
       3
       2
       0
       1
       1
       1
       2
       2
       2
       2
       1
       1
       3
       6
       1
       0
       1
       1
       2
       2
       0
       1
       0
       1
       1
       3
       2
       0
       1
       1
       0
       3
       4
       1
       0
       0
       0
       0
       1
       0
       1
       5
       0
       2
       1
       0
       1
       0
       0
       3
       0
       2
       1
       0
       1
       5
       0
       3
       1
       1
       0
       1
       1
       0
       2
       2
       1
       1
       0
       1
       0
       1
       3
       1
       3
       0
       1
       1
       3
       1
       0
       1
       1
       2
       1
       1
       1
       1
       2
       2
       0
       0
       1
       1
       1
       2
       0
       2
       3
       0
       1
       1
       1
       2
       1
       0
       2
       1
       5
       1
       2
       3
       0
       1
       0
       0
       0
       2
       4
       1
       1
       1
       0
       1
       1
       1
       2
       0
       3
       0
       2
       2
       0
       2
       1
       2
       2
       0
       1
       5
       4
       2
       1
       0
       0
       1
       0
       3
       1
       0
       3
       2
       1
       2
       3
       1
       2
       3
       1
       1
       1
       0
       1
       0
       2
       0
       0
       1
       3
       1
       2
       5
       3
       2
       2
       1
       3
       1
       2
       4
       0
       2
       0
       0
       1
       1
       0
       0
       1
       3
       1
       1
       0
       2
       0
       1
       3
       0
       4
       1
       1
       2
       2
       2
       1
       2
       1
       0
       1
       1
       3
       1
       2
       2
       3
       2
       1
       0
       1
       1
       2
       1
       2
       0
       0
       2
       0
       2
       2
       3
       1
       3
       1
       3
       3
       1
       1
       1
       1
       2
       4
       4
       1
       1
       2
       2
       3
       2
       3
       1
       0
       2
       1
       0
       1
       3
       2
       3
       3
       2
       2
       1
       0
       0
       2
       1
       3
       1
       2
       2
       1
       0
       1
       1
       1
       1
       1
       3
       2
       2
       3
       4
       2
       2
       1
       1
       1
       1
       0
       2
       3
       2
       0
       1
       2
       0
       1
       2
       5
       1
       2
       2
       2
       0
       2
       1
       2
       1
       2
       2
       0
       1
       3
       2
       3
       0
       0
       1
       2
       1
       1
       0
       0
       1
       1
       1
       2
       3
       1
       0
       2
       2
       1
       1
       0
       5
       2
       2
       1
       0
       0
       5
       2
       2
       1
       1
       2
       2
       1
       1
       4
       4
       0
       1
       0
       1
       3
       2
       1
       2
       4
       2
       1
       4
       2
       0
       2
       4
       1
       4
       1
       1
       2
       0
       2
       2
       0
       2
       2
       3
       0
       2
       1
       2
       1
       3
       1
       1
       0
       1
       1
       2
       1
       3
       0
       1
       1
       5
       0
       0
       3
       2
       2
       1
       2
       5
       3
       3
       1
       0
       2
       1
       4
       2
       3
       2
       2
       2
       1
       0
       1
       1
       0
       1
       3
       2
       4
       3
       1
       1
       1
       1
       1
       1
       2
       0
       1
       1
       2
       2
       1
       0
       1
       1
       2
       1
       2
       0
       2
       0
       4
       1
       3
       4
       2
       0
       1
       1
       1
       1
       1
       3
       0
       2
       2
       0
       2
       1
       1
       1
       1
       0
       1
       3
       2
       1
       2
       1
       0
       0
       3
       1
       1
       1
       4
       1
       2
       1
       0
       2
       3
       0
       1
       4
       1
       6
       0
       1
       3
       0
       0
       1
       5
       3
       1
       1
       3
       0
       2
       4
       0
       2
       4
       2
       3
       0
       1
       1
       0
       4
       2
       3
       0
       2
       0
       3
       3
       1
       0
       1
       0
       2
       1
       0
       4
       2
       2
       3
       0
       1
       3
       2
       2
       2
       1
       4
       4
       0
       1
       2
       2
       4
       0
       3
       1
       2
       1
       1
       3
       0
       2
       3
       1
       1
       2
       3
       2
       8
       1
       2
       2
       2
       2
       3
       1
       1
       2
       0
       2
       1
       2
       6
       0
       2
       0
       1
       3
       2
       2
       0
       7
       2
       2
       1
       1
       2
       3
       3
       3
       5
       3
       0
       2
       1
       2
       5
       2
       3
       1
       3
       2
       3
       2
       3
       1
       2
       1
       1
       1
       2
       2
       3
       4
       0
       1
       4
       1
       5
       1
       1
       5
       2
       3
       2
       1
       2
       4
       4
       1
       1
       0
       1
       1
       1
       4
       2
       2
       3
       1
       2
       2
       4
       0
       3
       1
       0
       3
       3
       2
       5
       2
       1
       5
       2
       1
       1
       3
       4
       1
       0
       2
       3
       0
       3
       2
       3
       4
       1
       2
       3
       3
       6
       4
       2
       5
       2
       1
       0
       1
       5
       3
       3
       2
       4
       2
       0
       3
       3
       4
       3
       1
       2
       1
       0
       4
       1
       3
       1
       3
       0
       0
       2
       2
       3
       2
       3
       4
       2
       1
       0
       3
       1
       3
       1
       5
       4
       4
       1
       5
       4
       3
       5
       1
       1
       3
       4
       1
       3
       2
       3
       4
       1
       2
       1
       2
       0
       7
       6
       0
       1
       7
       3
       2
       3
       1
       2
       4
       5
       2
       1
       2
       3
       2
       2
       1
       2
       5
       6
       2
       2
       3
       2
       3
       0
       4
       4
       1
       2
       7
       7
       3
       1
       3
       4
       7
       2
       0
       5
       4
       2
       4
       2
       2
       6
       1
       1
       5
       4
       4
       4
       2
       4
       1
       4
       3
       3
       3
       2
       3
       3
       6
       3
       4
       2
       5
       3
       7
       8
       5
       6
       6
       1
       4
       1
       4
       7
       7
       6
       1
       3
       7
       3
       4
       4
       1
       5
       3
       1
       5
       3
       7
       1
       4
       0
       5
       6
       3
       2
       5
       7
       6
       5
       3
       2
       5
       6
       1
       4
       6
       7
       6
       5
       5
       5
       5
       5
       4
       7
       7
       8
       6
       5
       4
       6
       4
       4
       7
       7
       6
       8
       4
       6
       9
       2
       6
       8
       7
       6
       9
       8
       7
       7
       9
       7
       3
      11
       5
       7
       6
       7
       4
      11
       9
       4
       9
      11
       9
       9
       6
      11
       8
       7
      10
       3
       7
       6
      13
       8
       9
       9
       8
       8
       8
       6
       8
      10
       8
       3
       8
      14
       7
       7
       7
      11
       9
      12
       8
      13
      10
       6
      12
       7
       7
       9
      10
      12
      10
      10
      13
      15
      13
      16
       9
      24
      14
      15
      13
      17
      14
       7
      17
       7
      12
      15
      12
      14
      10
      15
       9
      12
      11
      14
      15
      12
      12
      14
      14
      12
      18
      22
      13
      13
      18
      15
      13
      18
      23
      15
      19
      24
      22
      29
      10
      22
      23
      26
      22
      11
      16
      20
      19
      12
      20
      22
      17
      33
      20
      22
      24
      29
      23
      22
      20
      26
      31
      27
      27
      28
      33
      25
      31
      28
      42
      23
      37
      41
      38
      25
      31
      39
      47
      36
      41
      38
      33
      43
      36
      56
      53
      43
      40
      50
      56
      59
      49
      47
      49
      57
      62
      47
      51
      58
      45
      49
      56
      77
      67
      60
      60
      70
      78
      72
      63
      64
      82
      74
      79
      92
      80
      93
      85
      70
      89
      83
      94
      88
      99
      98
     115
     106
     101
      92
     121
     125
     145
     120
     115
     120
     105
     105
     150
     131
     157
     128
     137
     124
     141
     141
     142
     150
     175
     154
     164
     137
     174
     163
     168
     151
     173
     185
     183
     152
     183
     182
     174
     208
     222
     209
     204
     198
     206
     212
     243
     213
     259
     231
     233
     244
     235
     221
     237
     272
     251
     252
     265
     248
     264
     271
     235
     255
     271
     223
     267
     285
     294
     290
     257
     265
     292
     266
     300
     317
     284
     325
     286
     341
     301
     322
     305
     281
     306
     313
     294
     296
     340
     314
     300
     298
     305
     307
     294
     281
     348
     304
     269
     297
     279
     292
     284
     277
     273
     301
     257
     310
     309
     272
     264
     306
     252
     261
     261
     239
     255
     239
     241
     221
     251
     210
     220
     232
     221
     234
     212
     215
     226
     201
     221
     201
     193
     182
     185
     174
     200
     153
     165
     171
     162
     141
     177
     162
     172
     159
     149
     137
     113
     148
     132
     133
     122
      99
     119
     117
     120
     115
      92
     104
      89
      67
      90
      77
      73
      78
      85
      73
      84
      59
      66
      64
      59
      74
      53
      66
      48
      45
      49
      40
      51
      40
      48
      32
      32
      36
      35
      31
      33
      25
      18
      43
      23
      22
      27
      21
      20
      20
      17
      18
      15
      16
      24
      10
      12
      12
      17
       7
      20
      14
      16
      10
       7
       3
       7
       5
      15
      10
       7
       8
       7
       7
       6
       6
       8
       7
       5
       1
       7
       1
       4
       5
       3
       3
       2
       4
       3
       3
       1
       0
       3
       2
       1
       0
       0
       0
       0
       4
       1
       1
       0
       0
       3
       0
       0
       0
       1
       0
       1
       0
       0
       1
       0
       0
       0
       1
       1
       0
       0
       0
       0
       0
       0
       0
       0
       0
       0
       0
       0
       0
       0
       0
       0
       0
       0
       0
       0
       1
       1
       0
       0
       0
       0
       0
       0
       0
       0
       0
       0
       0
       0
       0
       0
       0
       0
       0
       0
       0
       0
       0
       0
       0
       0
       0
       0
       0
       0
       0
       0
       0
       0
       0
       0
       0
       0
       0
       0
       0
       0
       0
       0
       0
       0
       0
       0
       0
       0
       0
       0
       0
       0
       0
       0
       0
       0
       0
       0
       0
       0
       0
       0
       0
       0
       0
       0
       0
       0
       0
       0
       0
       0
       0
       0
       0
       0
       0
       0
       0
       0
       0
       0
       0
       0
       0
       0
       0
       0
       0
       0
       0
       0
       0
       0
       0
       0
       0
       0
       0
       0
       0
       0
       0
       0
       2
       0
       0
       0
       0
       0
       0
       0
       0
       0
       0
       0
       0
       0
       0
       0
       0
       1
       0
       0
       0
       0
       0
       0
       0
       0
       0
       0
       0
       0
       0
       0
       1
       0
       0
       0
       0
       0
       0
       0
       0
       0
       0
       0
       0
       0
       0
       0
       0
       0
       0
       0
       0
       0
       0
       0
       0
       0
       0
       0
       0
       0
       0
       0
       0
       0
       0
       1
       0
       0
       0
       0
       0
       0
       0
       0
       0
       0
       0
       0
       0
       0
       0
       1
       0
       0
       0
       0
       0
       0
       0
       0
       0
       0
       0
       0
       0
       0
       0
       1
       0
       0
       0
       0
       0
       0
       0
       0
       0
       0
       0
       0
       0
       0
       0
       0
       0
       0
       0
       0
       0
       0
       0
       0
       0
       0
       0
       0
       0
       0
       0
       0
       0
       0
       0
       0
       0
       0
       0
       0
       0
       0
       0
       0
       1
       0
       0
       0
       0
       0
       0
       0
       0
       0
       0
       0
       0
       0
       0
       0
       0
       0
       0
       0
       0
       0
       0
       0
       0
       1
       0
       0
       0
       0
       0
       0
       0
       0
       0
       0
       0
       0
       0
       0
       0
       0
       0
       0
       0
       0
       0
       0
       0
       0
       0
       0
       0
       0
       0
       0
       0
       0
       0
       0
       0
       1
       0
       0
       0
       0
       0
       0
       0
       0
       0
       0
       0
       0
       0
       0
       0
       0
       0
       0
       0
       0
       0
       0
       0
       2
       1
       0
       0
       0
       0
       0
       0
       0
       0
       0
       0
       0
       0
       0
       0
       0
       0
       0
       0
       0
       0
       0
       0
       0
       0
       0
       0
       0
       0
       0
       0
       0
       0
       0
       0
       0
       0
       0
       0
       0
       0
       0
       0
       0
       0
       0
       0
       0
       0
       0
       0
       0
       0
       0
       0
       0
       0
       0
       0
       0
       0
       0
       0
       0
       0
$ROI:
0
$PRESETS:
Live Time
1000000
0
$ENER_FIT:
0.000000 0.002526
$MCA_CAL:
3
0.000000E+000 2.525835E-003 0.000000E+000 keV
$SHAPE_CAL:
3
0.000000E+000 0.000000E+000 0.000000E+000
