SPEC_ID:	'No sample description was entered.'
SPEC_REM:	'DET# 1'
DATE_MEA:	'09/12/2017 09:36:51'
MEAS_TIM:	'1288 1288'
DATA:	'0 2047'
ROI:	'0'
PRESETS:	'Live Time'
ENER_FIT:	'0.000000 0.002526'
MCA_CAL:	'3'
SHAPE_CAL:	'3'

Channel	Counts
0	0
1	0
2	0
3	0
4	0
5	0
6	0
7	0
8	0
9	0
10	0
11	0
12	0
13	0
14	0
15	0
16	0
17	0
18	0
19	0
20	0
21	0
22	0
23	0
24	0
25	0
26	0
27	0
28	0
29	0
30	0
31	0
32	0
33	0
34	0
35	0
36	0
37	0
38	0
39	0
40	0
41	0
42	0
43	0
44	0
45	0
46	0
47	0
48	0
49	0
50	0
51	0
52	0
53	0
54	0
55	0
56	0
57	0
58	0
59	0
60	0
61	0
62	0
63	0
64	0
65	0
66	0
67	0
68	0
69	0
70	0
71	0
72	0
73	0
74	0
75	0
76	0
77	0
78	0
79	0
80	0
81	0
82	0
83	0
84	0
85	0
86	0
87	0
88	0
89	0
90	0
91	0
92	0
93	0
94	0
95	0
96	0
97	0
98	0
99	0
100	0
101	0
102	0
103	0
104	0
105	0
106	0
107	0
108	0
109	0
110	0
111	0
112	0
113	0
114	0
115	0
116	0
117	0
118	0
119	0
120	0
121	0
122	0
123	0
124	0
125	0
126	0
127	0
128	0
129	0
130	0
131	0
132	0
133	0
134	0
135	0
136	0
137	0
138	0
139	0
140	0
141	0
142	0
143	0
144	0
145	0
146	0
147	0
148	0
149	0
150	0
151	0
152	0
153	0
154	0
155	0
156	0
157	0
158	0
159	0
160	0
161	0
162	0
163	0
164	0
165	0
166	0
167	0
168	0
169	0
170	0
171	0
172	0
173	0
174	0
175	0
176	0
177	0
178	0
179	0
180	0
181	0
182	0
183	0
184	0
185	0
186	0
187	0
188	0
189	0
190	0
191	0
192	0
193	0
194	0
195	0
196	0
197	1
198	4
199	7
200	7
201	1
202	4
203	4
204	4
205	2
206	2
207	0
208	3
209	1
210	4
211	3
212	1
213	4
214	0
215	9
216	3
217	2
218	2
219	4
220	2
221	0
222	5
223	3
224	5
225	5
226	2
227	1
228	1
229	3
230	0
231	0
232	2
233	4
234	2
235	1
236	0
237	0
238	1
239	2
240	4
241	1
242	0
243	1
244	1
245	1
246	2
247	2
248	0
249	3
250	0
251	3
252	4
253	1
254	0
255	2
256	3
257	1
258	2
259	0
260	2
261	1
262	5
263	2
264	2
265	2
266	1
267	2
268	1
269	4
270	1
271	2
272	2
273	6
274	2
275	1
276	2
277	0
278	2
279	2
280	3
281	0
282	0
283	2
284	3
285	1
286	1
287	4
288	1
289	1
290	3
291	1
292	3
293	0
294	3
295	0
296	0
297	0
298	2
299	2
300	0
301	3
302	1
303	1
304	2
305	1
306	4
307	0
308	0
309	2
310	2
311	1
312	4
313	2
314	1
315	1
316	1
317	3
318	1
319	3
320	2
321	1
322	3
323	0
324	2
325	1
326	3
327	1
328	2
329	0
330	4
331	1
332	0
333	3
334	0
335	1
336	0
337	1
338	0
339	2
340	2
341	0
342	2
343	3
344	1
345	0
346	2
347	1
348	3
349	3
350	2
351	2
352	3
353	1
354	1
355	0
356	1
357	3
358	3
359	2
360	1
361	1
362	0
363	1
364	0
365	0
366	0
367	1
368	1
369	2
370	1
371	0
372	2
373	1
374	2
375	4
376	3
377	0
378	2
379	2
380	2
381	0
382	0
383	1
384	1
385	1
386	2
387	1
388	1
389	1
390	0
391	2
392	5
393	1
394	2
395	3
396	1
397	4
398	3
399	2
400	1
401	0
402	0
403	1
404	3
405	2
406	2
407	5
408	2
409	0
410	0
411	0
412	3
413	0
414	1
415	1
416	1
417	1
418	0
419	1
420	0
421	1
422	2
423	0
424	0
425	1
426	0
427	2
428	1
429	1
430	1
431	0
432	2
433	1
434	1
435	1
436	1
437	3
438	1
439	1
440	2
441	0
442	0
443	1
444	1
445	2
446	0
447	2
448	2
449	2
450	0
451	2
452	3
453	1
454	1
455	1
456	2
457	1
458	1
459	0
460	3
461	0
462	1
463	1
464	0
465	0
466	0
467	1
468	3
469	1
470	2
471	1
472	0
473	0
474	0
475	2
476	1
477	2
478	2
479	1
480	0
481	1
482	0
483	2
484	2
485	3
486	4
487	1
488	2
489	0
490	0
491	2
492	3
493	3
494	2
495	2
496	3
497	1
498	2
499	0
500	2
501	3
502	2
503	2
504	2
505	1
506	0
507	3
508	0
509	0
510	1
511	0
512	2
513	2
514	1
515	0
516	1
517	0
518	3
519	1
520	0
521	2
522	3
523	2
524	1
525	0
526	0
527	0
528	0
529	1
530	1
531	5
532	1
533	3
534	0
535	0
536	1
537	0
538	2
539	0
540	0
541	0
542	1
543	2
544	3
545	0
546	2
547	3
548	1
549	2
550	0
551	0
552	1
553	2
554	0
555	0
556	0
557	0
558	1
559	1
560	1
561	0
562	1
563	0
564	1
565	0
566	0
567	2
568	2
569	1
570	1
571	6
572	1
573	1
574	0
575	0
576	2
577	0
578	0
579	0
580	1
581	0
582	2
583	0
584	0
585	1
586	3
587	0
588	1
589	3
590	2
591	0
592	0
593	2
594	1
595	2
596	1
597	1
598	0
599	2
600	1
601	2
602	1
603	1
604	0
605	1
606	2
607	2
608	2
609	0
610	0
611	0
612	2
613	1
614	0
615	0
616	1
617	1
618	0
619	0
620	2
621	1
622	1
623	0
624	1
625	1
626	0
627	0
628	1
629	1
630	1
631	1
632	2
633	2
634	3
635	1
636	1
637	2
638	2
639	0
640	3
641	0
642	2
643	1
644	3
645	0
646	1
647	2
648	1
649	2
650	2
651	0
652	0
653	2
654	1
655	0
656	0
657	2
658	2
659	0
660	1
661	1
662	3
663	2
664	0
665	1
666	1
667	0
668	0
669	2
670	1
671	1
672	0
673	0
674	0
675	6
676	3
677	2
678	1
679	0
680	1
681	1
682	2
683	2
684	2
685	1
686	0
687	2
688	3
689	1
690	2
691	1
692	2
693	1
694	0
695	2
696	0
697	2
698	1
699	2
700	0
701	2
702	1
703	0
704	0
705	1
706	4
707	1
708	0
709	0
710	5
711	0
712	2
713	0
714	1
715	1
716	2
717	0
718	6
719	0
720	2
721	3
722	2
723	0
724	0
725	2
726	3
727	1
728	2
729	2
730	0
731	3
732	3
733	0
734	1
735	1
736	3
737	4
738	0
739	0
740	2
741	2
742	0
743	2
744	1
745	2
746	0
747	0
748	3
749	2
750	1
751	1
752	2
753	1
754	1
755	3
756	0
757	3
758	2
759	2
760	0
761	1
762	1
763	2
764	1
765	1
766	1
767	2
768	2
769	0
770	0
771	2
772	1
773	2
774	2
775	1
776	2
777	1
778	0
779	2
780	2
781	0
782	0
783	0
784	2
785	1
786	3
787	2
788	4
789	3
790	0
791	1
792	1
793	1
794	3
795	1
796	2
797	0
798	1
799	1
800	1
801	0
802	0
803	5
804	0
805	1
806	0
807	2
808	2
809	2
810	1
811	1
812	1
813	3
814	0
815	3
816	0
817	1
818	1
819	1
820	0
821	2
822	1
823	0
824	0
825	0
826	0
827	1
828	2
829	3
830	1
831	2
832	1
833	1
834	1
835	0
836	1
837	2
838	0
839	1
840	1
841	2
842	1
843	0
844	0
845	5
846	1
847	2
848	0
849	3
850	0
851	0
852	1
853	2
854	1
855	2
856	2
857	0
858	2
859	2
860	1
861	1
862	1
863	2
864	3
865	0
866	0
867	2
868	4
869	2
870	3
871	0
872	1
873	2
874	4
875	3
876	1
877	2
878	2
879	2
880	2
881	0
882	4
883	0
884	3
885	1
886	2
887	3
888	1
889	3
890	2
891	2
892	2
893	4
894	4
895	1
896	1
897	1
898	1
899	0
900	1
901	0
902	2
903	2
904	0
905	1
906	2
907	2
908	2
909	1
910	0
911	1
912	0
913	0
914	6
915	0
916	2
917	3
918	2
919	2
920	2
921	1
922	4
923	2
924	3
925	3
926	0
927	2
928	1
929	1
930	1
931	0
932	1
933	4
934	3
935	2
936	1
937	1
938	2
939	2
940	4
941	1
942	0
943	1
944	3
945	1
946	1
947	1
948	2
949	5
950	5
951	1
952	1
953	1
954	0
955	1
956	0
957	3
958	3
959	2
960	1
961	4
962	2
963	0
964	3
965	1
966	4
967	2
968	3
969	2
970	2
971	1
972	4
973	0
974	2
975	0
976	1
977	0
978	4
979	3
980	1
981	1
982	2
983	3
984	0
985	2
986	0
987	3
988	2
989	1
990	1
991	0
992	1
993	2
994	0
995	4
996	1
997	5
998	2
999	2
1000	4
1001	2
1002	4
1003	5
1004	4
1005	3
1006	4
1007	1
1008	3
1009	4
1010	2
1011	3
1012	4
1013	3
1014	3
1015	8
1016	1
1017	1
1018	5
1019	6
1020	6
1021	3
1022	4
1023	3
1024	1
1025	2
1026	5
1027	3
1028	8
1029	4
1030	3
1031	1
1032	4
1033	6
1034	5
1035	7
1036	4
1037	2
1038	4
1039	2
1040	5
1041	4
1042	10
1043	9
1044	9
1045	8
1046	6
1047	8
1048	6
1049	14
1050	9
1051	6
1052	12
1053	10
1054	7
1055	9
1056	13
1057	19
1058	15
1059	26
1060	19
1061	27
1062	24
1063	26
1064	30
1065	39
1066	43
1067	60
1068	48
1069	60
1070	67
1071	68
1072	93
1073	110
1074	101
1075	171
1076	129
1077	175
1078	199
1079	191
1080	198
1081	217
1082	202
1083	219
1084	165
1085	194
1086	168
1087	134
1088	100
1089	74
1090	77
1091	66
1092	49
1093	38
1094	33
1095	26
1096	25
1097	21
1098	13
1099	10
1100	11
1101	10
1102	11
1103	6
1104	12
1105	13
1106	13
1107	14
1108	14
1109	6
1110	6
1111	13
1112	8
1113	19
1114	16
1115	18
1116	19
1117	20
1118	17
1119	20
1120	19
1121	28
1122	25
1123	30
1124	31
1125	37
1126	49
1127	45
1128	56
1129	49
1130	55
1131	59
1132	73
1133	76
1134	74
1135	84
1136	104
1137	111
1138	152
1139	174
1140	188
1141	189
1142	215
1143	280
1144	305
1145	319
1146	311
1147	362
1148	433
1149	396
1150	424
1151	378
1152	384
1153	394
1154	372
1155	324
1156	291
1157	285
1158	227
1159	189
1160	122
1161	130
1162	108
1163	98
1164	77
1165	67
1166	57
1167	55
1168	34
1169	25
1170	29
1171	20
1172	26
1173	13
1174	12
1175	8
1176	4
1177	6
1178	9
1179	7
1180	7
1181	6
1182	2
1183	7
1184	7
1185	1
1186	2
1187	7
1188	2
1189	5
1190	9
1191	2
1192	6
1193	6
1194	2
1195	2
1196	5
1197	3
1198	2
1199	9
1200	6
1201	9
1202	10
1203	9
1204	12
1205	7
1206	5
1207	7
1208	12
1209	9
1210	18
1211	7
1212	12
1213	14
1214	10
1215	7
1216	18
1217	26
1218	12
1219	11
1220	8
1221	11
1222	11
1223	10
1224	12
1225	8
1226	12
1227	9
1228	10
1229	7
1230	14
1231	13
1232	17
1233	7
1234	16
1235	6
1236	8
1237	8
1238	5
1239	9
1240	6
1241	7
1242	10
1243	6
1244	11
1245	8
1246	6
1247	3
1248	5
1249	6
1250	6
1251	4
1252	2
1253	8
1254	6
1255	6
1256	5
1257	6
1258	8
1259	1
1260	7
1261	7
1262	4
1263	7
1264	10
1265	8
1266	11
1267	9
1268	5
1269	11
1270	12
1271	9
1272	6
1273	11
1274	12
1275	9
1276	4
1277	7
1278	7
1279	8
1280	11
1281	3
1282	8
1283	7
1284	5
1285	9
1286	7
1287	6
1288	5
1289	9
1290	9
1291	10
1292	8
1293	12
1294	17
1295	11
1296	10
1297	13
1298	9
1299	10
1300	15
1301	13
1302	15
1303	13
1304	10
1305	10
1306	16
1307	11
1308	16
1309	16
1310	10
1311	13
1312	11
1313	12
1314	20
1315	18
1316	21
1317	13
1318	14
1319	17
1320	12
1321	17
1322	25
1323	19
1324	15
1325	21
1326	23
1327	27
1328	23
1329	17
1330	20
1331	24
1332	19
1333	25
1334	20
1335	25
1336	32
1337	32
1338	21
1339	20
1340	32
1341	28
1342	37
1343	32
1344	41
1345	35
1346	35
1347	34
1348	37
1349	48
1350	34
1351	50
1352	44
1353	57
1354	38
1355	60
1356	61
1357	70
1358	61
1359	77
1360	71
1361	80
1362	96
1363	117
1364	108
1365	118
1366	124
1367	135
1368	142
1369	164
1370	180
1371	182
1372	230
1373	229
1374	267
1375	284
1376	322
1377	315
1378	402
1379	444
1380	509
1381	527
1382	587
1383	662
1384	719
1385	894
1386	928
1387	983
1388	1174
1389	1357
1390	1407
1391	1622
1392	1752
1393	1822
1394	1982
1395	2230
1396	2319
1397	2396
1398	2458
1399	2433
1400	2339
1401	2354
1402	2190
1403	1946
1404	1787
1405	1529
1406	1371
1407	1195
1408	1045
1409	810
1410	754
1411	544
1412	486
1413	427
1414	321
1415	213
1416	220
1417	144
1418	116
1419	91
1420	67
1421	69
1422	41
1423	40
1424	37
1425	27
1426	24
1427	27
1428	16
1429	7
1430	8
1431	8
1432	5
1433	5
1434	3
1435	6
1436	7
1437	2
1438	0
1439	2
1440	3
1441	2
1442	1
1443	1
1444	0
1445	2
1446	1
1447	2
1448	5
1449	0
1450	0
1451	2
1452	1
1453	1
1454	1
1455	1
1456	0
1457	1
1458	1
1459	1
1460	3
1461	1
1462	1
1463	1
1464	2
1465	2
1466	2
1467	2
1468	8
1469	4
1470	1
1471	5
1472	2
1473	2
1474	4
1475	1
1476	3
1477	5
1478	3
1479	6
1480	1
1481	3
1482	3
1483	2
1484	3
1485	6
1486	2
1487	3
1488	0
1489	1
1490	1
1491	3
1492	1
1493	0
1494	1
1495	2
1496	1
1497	1
1498	4
1499	1
1500	5
1501	0
1502	1
1503	6
1504	2
1505	5
1506	5
1507	2
1508	2
1509	1
1510	0
1511	4
1512	7
1513	8
1514	9
1515	2
1516	5
1517	6
1518	1
1519	2
1520	10
1521	4
1522	10
1523	10
1524	11
1525	6
1526	11
1527	12
1528	6
1529	10
1530	6
1531	6
1532	10
1533	11
1534	10
1535	12
1536	19
1537	13
1538	15
1539	21
1540	17
1541	21
1542	24
1543	31
1544	37
1545	37
1546	30
1547	46
1548	56
1549	42
1550	55
1551	38
1552	51
1553	47
1554	43
1555	50
1556	30
1557	34
1558	34
1559	34
1560	21
1561	22
1562	15
1563	9
1564	14
1565	13
1566	11
1567	10
1568	7
1569	6
1570	5
1571	4
1572	4
1573	2
1574	2
1575	1
1576	2
1577	3
1578	4
1579	3
1580	2
1581	3
1582	1
1583	1
1584	2
1585	2
1586	1
1587	1
1588	0
1589	0
1590	2
1591	0
1592	2
1593	4
1594	0
1595	0
1596	1
1597	1
1598	3
1599	2
1600	1
1601	1
1602	2
1603	2
1604	3
1605	1
1606	2
1607	5
1608	2
1609	2
1610	5
1611	3
1612	3
1613	2
1614	2
1615	0
1616	4
1617	3
1618	1
1619	1
1620	1
1621	3
1622	0
1623	2
1624	2
1625	0
1626	2
1627	0
1628	0
1629	0
1630	2
1631	0
1632	1
1633	1
1634	2
1635	0
1636	1
1637	2
1638	0
1639	0
1640	2
1641	1
1642	3
1643	2
1644	4
1645	1
1646	1
1647	0
1648	1
1649	0
1650	1
1651	1
1652	0
1653	2
1654	1
1655	0
1656	0
1657	1
1658	0
1659	4
1660	2
1661	1
1662	0
1663	2
1664	0
1665	0
1666	3
1667	1
1668	1
1669	1
1670	0
1671	4
1672	2
1673	1
1674	2
1675	0
1676	3
1677	0
1678	2
1679	3
1680	2
1681	1
1682	0
1683	2
1684	3
1685	4
1686	3
1687	3
1688	1
1689	1
1690	0
1691	2
1692	2
1693	2
1694	1
1695	4
1696	3
1697	2
1698	1
1699	7
1700	4
1701	3
1702	2
1703	0
1704	1
1705	1
1706	0
1707	2
1708	1
1709	0
1710	1
1711	1
1712	2
1713	0
1714	0
1715	2
1716	1
1717	1
1718	2
1719	4
1720	4
1721	0
1722	0
1723	1
1724	5
1725	0
1726	1
1727	4
1728	6
1729	1
1730	2
1731	3
1732	1
1733	3
1734	0
1735	2
1736	3
1737	5
1738	1
1739	1
1740	4
1741	4
1742	2
1743	5
1744	2
1745	4
1746	1
1747	4
1748	0
1749	3
1750	1
1751	3
1752	3
1753	5
1754	1
1755	2
1756	1
1757	1
1758	4
1759	3
1760	4
1761	4
1762	4
1763	3
1764	5
1765	1
1766	4
1767	5
1768	3
1769	1
1770	4
1771	8
1772	3
1773	1
1774	4
1775	5
1776	8
1777	6
1778	4
1779	5
1780	4
1781	4
1782	5
1783	8
1784	7
1785	5
1786	8
1787	8
1788	6
1789	9
1790	5
1791	9
1792	7
1793	8
1794	3
1795	6
1796	6
1797	3
1798	11
1799	6
1800	9
1801	17
1802	15
1803	10
1804	14
1805	19
1806	15
1807	13
1808	17
1809	19
1810	12
1811	15
1812	16
1813	18
1814	21
1815	22
1816	24
1817	31
1818	25
1819	32
1820	32
1821	27
1822	34
1823	31
1824	34
1825	55
1826	49
1827	68
1828	72
1829	86
1830	69
1831	80
1832	96
1833	101
1834	112
1835	138
1836	153
1837	151
1838	168
1839	168
1840	180
1841	244
1842	232
1843	235
1844	226
1845	267
1846	272
1847	263
1848	288
1849	251
1850	220
1851	225
1852	245
1853	199
1854	201
1855	154
1856	135
1857	123
1858	85
1859	107
1860	69
1861	59
1862	63
1863	33
1864	32
1865	31
1866	22
1867	21
1868	16
1869	7
1870	10
1871	7
1872	6
1873	3
1874	2
1875	3
1876	2
1877	4
1878	2
1879	0
1880	0
1881	0
1882	0
1883	0
1884	1
1885	1
1886	0
1887	0
1888	0
1889	0
1890	0
1891	0
1892	0
1893	0
1894	0
1895	0
1896	0
1897	0
1898	0
1899	0
1900	0
1901	0
1902	0
1903	0
1904	0
1905	0
1906	0
1907	0
1908	0
1909	0
1910	0
1911	0
1912	0
1913	0
1914	0
1915	0
1916	0
1917	0
1918	0
1919	0
1920	0
1921	0
1922	0
1923	0
1924	0
1925	0
1926	0
1927	0
1928	0
1929	0
1930	0
1931	0
1932	0
1933	0
1934	0
1935	0
1936	0
1937	0
1938	0
1939	0
1940	0
1941	0
1942	0
1943	0
1944	0
1945	0
1946	0
1947	0
1948	0
1949	0
1950	0
1951	0
1952	0
1953	0
1954	0
1955	0
1956	0
1957	0
1958	0
1959	0
1960	0
1961	0
1962	0
1963	0
1964	0
1965	0
1966	0
1967	0
1968	0
1969	0
1970	0
1971	0
1972	0
1973	0
1974	0
1975	0
1976	0
1977	0
1978	0
1979	0
1980	0
1981	0
1982	0
1983	0
1984	0
1985	0
1986	0
1987	0
1988	0
1989	0
1990	0
1991	0
1992	0
1993	0
1994	0
1995	0
1996	0
1997	0
1998	1
1999	0
2000	0
2001	0
2002	0
2003	0
2004	1
2005	0
2006	0
2007	0
2008	0
2009	0
2010	0
2011	0
2012	0
2013	0
2014	0
2015	0
2016	0
2017	0
2018	0
2019	0
2020	0
2021	0
2022	0
2023	0
2024	0
2025	0
2026	0
2027	0
2028	0
2029	0
2030	0
2031	0
2032	0
2033	0
2034	0
2035	0
2036	0
2037	0
2038	0
2039	0
2040	0
2041	0
2042	0
2043	0
2044	0
2045	0
2046	0
2047	0
