SPEC_ID:	'No sample description was entered.'
SPEC_REM:	'DET# 1'
DATE_MEA:	'09/14/2017 10:10:05'
MEAS_TIM:	'59 60'
DATA:	'0 2047'
ROI:	'1'
PRESETS:	'Live Time'
ENER_FIT:	'0.000000 0.002526'
MCA_CAL:	'3'
SHAPE_CAL:	'3'

Channel	Counts
0	0
1	0
2	0
3	0
4	0
5	0
6	0
7	0
8	0
9	0
10	0
11	0
12	0
13	0
14	0
15	0
16	0
17	0
18	0
19	0
20	0
21	0
22	0
23	0
24	0
25	0
26	0
27	0
28	0
29	0
30	0
31	0
32	0
33	0
34	0
35	0
36	0
37	0
38	0
39	0
40	0
41	0
42	0
43	0
44	0
45	0
46	0
47	0
48	0
49	0
50	0
51	0
52	0
53	0
54	0
55	0
56	0
57	0
58	0
59	0
60	0
61	0
62	0
63	0
64	0
65	0
66	0
67	0
68	0
69	0
70	0
71	0
72	0
73	0
74	0
75	0
76	0
77	0
78	0
79	0
80	0
81	0
82	0
83	0
84	0
85	0
86	0
87	0
88	0
89	0
90	0
91	0
92	0
93	0
94	0
95	0
96	0
97	0
98	0
99	0
100	0
101	0
102	0
103	0
104	0
105	0
106	0
107	0
108	0
109	0
110	0
111	0
112	0
113	0
114	0
115	0
116	0
117	0
118	0
119	0
120	0
121	0
122	0
123	0
124	0
125	0
126	0
127	0
128	0
129	0
130	0
131	0
132	0
133	0
134	0
135	0
136	0
137	0
138	0
139	0
140	0
141	0
142	0
143	0
144	0
145	0
146	0
147	0
148	0
149	0
150	0
151	0
152	0
153	0
154	0
155	0
156	0
157	0
158	0
159	0
160	0
161	0
162	0
163	0
164	0
165	0
166	0
167	0
168	0
169	0
170	0
171	0
172	0
173	0
174	0
175	0
176	0
177	0
178	0
179	0
180	0
181	0
182	0
183	0
184	0
185	0
186	0
187	0
188	0
189	0
190	0
191	0
192	0
193	0
194	0
195	0
196	0
197	0
198	2
199	1
200	1
201	0
202	0
203	2
204	2
205	0
206	1
207	0
208	0
209	0
210	2
211	0
212	0
213	0
214	0
215	1
216	0
217	0
218	1
219	1
220	0
221	1
222	2
223	0
224	0
225	0
226	0
227	0
228	0
229	0
230	0
231	2
232	0
233	0
234	0
235	0
236	1
237	0
238	0
239	2
240	0
241	1
242	2
243	0
244	1
245	0
246	1
247	0
248	2
249	2
250	0
251	0
252	2
253	0
254	1
255	0
256	1
257	2
258	2
259	2
260	0
261	1
262	1
263	2
264	1
265	0
266	0
267	1
268	3
269	0
270	1
271	1
272	1
273	1
274	0
275	1
276	2
277	1
278	0
279	0
280	0
281	2
282	1
283	0
284	0
285	1
286	1
287	0
288	1
289	2
290	0
291	0
292	2
293	1
294	0
295	2
296	1
297	0
298	0
299	0
300	0
301	0
302	3
303	0
304	0
305	1
306	1
307	0
308	0
309	1
310	0
311	0
312	1
313	1
314	1
315	0
316	1
317	1
318	2
319	2
320	1
321	0
322	0
323	1
324	2
325	1
326	0
327	1
328	2
329	0
330	0
331	0
332	0
333	3
334	2
335	1
336	1
337	0
338	1
339	0
340	0
341	0
342	2
343	0
344	0
345	2
346	1
347	0
348	0
349	0
350	0
351	1
352	1
353	0
354	1
355	0
356	2
357	0
358	1
359	1
360	1
361	0
362	1
363	2
364	1
365	0
366	1
367	1
368	0
369	1
370	0
371	0
372	1
373	1
374	2
375	0
376	0
377	0
378	0
379	0
380	0
381	1
382	1
383	1
384	1
385	0
386	2
387	0
388	0
389	2
390	0
391	1
392	0
393	1
394	1
395	0
396	0
397	0
398	1
399	1
400	1
401	2
402	2
403	0
404	0
405	0
406	1
407	0
408	1
409	1
410	0
411	1
412	1
413	1
414	0
415	0
416	0
417	3
418	4
419	3
420	0
421	1
422	1
423	2
424	0
425	1
426	0
427	0
428	2
429	2
430	0
431	1
432	0
433	0
434	1
435	0
436	2
437	0
438	0
439	0
440	0
441	0
442	1
443	0
444	1
445	0
446	1
447	0
448	0
449	1
450	1
451	0
452	1
453	0
454	0
455	0
456	0
457	2
458	2
459	2
460	1
461	0
462	1
463	0
464	0
465	2
466	0
467	1
468	2
469	0
470	0
471	0
472	2
473	1
474	0
475	0
476	1
477	0
478	0
479	1
480	0
481	0
482	1
483	0
484	4
485	1
486	1
487	0
488	1
489	2
490	1
491	2
492	1
493	2
494	0
495	1
496	0
497	0
498	1
499	0
500	1
501	0
502	1
503	0
504	0
505	1
506	1
507	0
508	0
509	0
510	1
511	5
512	0
513	0
514	1
515	1
516	0
517	0
518	2
519	2
520	0
521	1
522	0
523	1
524	1
525	2
526	0
527	0
528	1
529	0
530	0
531	4
532	0
533	1
534	2
535	2
536	1
537	0
538	0
539	1
540	0
541	1
542	1
543	1
544	2
545	3
546	1
547	1
548	1
549	2
550	1
551	0
552	0
553	0
554	1
555	1
556	1
557	0
558	1
559	5
560	0
561	1
562	0
563	3
564	0
565	0
566	1
567	1
568	0
569	0
570	2
571	1
572	1
573	1
574	0
575	2
576	0
577	0
578	2
579	0
580	2
581	1
582	1
583	0
584	2
585	2
586	0
587	1
588	1
589	0
590	0
591	0
592	1
593	0
594	0
595	1
596	1
597	0
598	1
599	1
600	0
601	0
602	2
603	0
604	1
605	2
606	1
607	1
608	0
609	0
610	0
611	3
612	2
613	2
614	0
615	0
616	3
617	1
618	0
619	0
620	0
621	2
622	3
623	0
624	3
625	5
626	0
627	1
628	0
629	0
630	0
631	2
632	0
633	0
634	1
635	1
636	0
637	0
638	2
639	0
640	0
641	0
642	1
643	0
644	2
645	0
646	0
647	2
648	0
649	1
650	1
651	0
652	1
653	0
654	0
655	0
656	0
657	1
658	0
659	0
660	0
661	0
662	0
663	0
664	0
665	1
666	1
667	0
668	1
669	0
670	1
671	1
672	0
673	0
674	1
675	0
676	0
677	0
678	0
679	0
680	0
681	1
682	1
683	1
684	1
685	1
686	1
687	0
688	0
689	1
690	0
691	0
692	1
693	2
694	0
695	0
696	0
697	0
698	0
699	0
700	0
701	0
702	0
703	2
704	0
705	0
706	0
707	0
708	1
709	0
710	1
711	1
712	2
713	0
714	3
715	0
716	1
717	1
718	2
719	0
720	0
721	0
722	1
723	0
724	0
725	0
726	0
727	1
728	0
729	0
730	2
731	1
732	0
733	0
734	0
735	0
736	1
737	0
738	0
739	1
740	0
741	0
742	2
743	3
744	0
745	0
746	0
747	0
748	0
749	0
750	1
751	0
752	1
753	1
754	0
755	0
756	0
757	0
758	0
759	0
760	0
761	1
762	2
763	0
764	0
765	2
766	0
767	0
768	0
769	1
770	0
771	0
772	0
773	2
774	0
775	1
776	0
777	1
778	0
779	0
780	1
781	0
782	0
783	0
784	0
785	1
786	0
787	0
788	0
789	0
790	0
791	1
792	0
793	1
794	1
795	1
796	3
797	0
798	0
799	1
800	0
801	0
802	0
803	0
804	1
805	1
806	0
807	0
808	0
809	0
810	2
811	1
812	1
813	2
814	2
815	0
816	1
817	2
818	0
819	0
820	3
821	1
822	0
823	2
824	1
825	1
826	1
827	1
828	1
829	1
830	0
831	1
832	0
833	0
834	1
835	3
836	0
837	0
838	0
839	1
840	2
841	0
842	0
843	0
844	0
845	1
846	1
847	1
848	1
849	0
850	1
851	0
852	1
853	0
854	0
855	0
856	0
857	0
858	1
859	0
860	1
861	0
862	1
863	1
864	1
865	2
866	1
867	0
868	0
869	0
870	1
871	1
872	0
873	2
874	0
875	0
876	0
877	1
878	0
879	0
880	2
881	0
882	0
883	1
884	2
885	0
886	1
887	2
888	0
889	0
890	1
891	0
892	0
893	0
894	2
895	2
896	3
897	0
898	0
899	2
900	1
901	1
902	0
903	0
904	0
905	0
906	0
907	0
908	0
909	1
910	0
911	2
912	0
913	1
914	1
915	1
916	0
917	0
918	0
919	1
920	1
921	0
922	0
923	0
924	0
925	0
926	0
927	0
928	0
929	1
930	1
931	1
932	1
933	0
934	0
935	1
936	1
937	0
938	0
939	1
940	1
941	0
942	1
943	0
944	2
945	0
946	0
947	1
948	1
949	1
950	0
951	0
952	0
953	0
954	2
955	2
956	2
957	1
958	0
959	0
960	0
961	1
962	3
963	1
964	0
965	0
966	0
967	1
968	0
969	2
970	1
971	1
972	2
973	0
974	1
975	0
976	2
977	2
978	0
979	0
980	0
981	0
982	2
983	0
984	0
985	0
986	0
987	1
988	0
989	0
990	0
991	0
992	1
993	0
994	2
995	2
996	0
997	1
998	1
999	0
1000	0
1001	1
1002	0
1003	1
1004	2
1005	1
1006	0
1007	0
1008	1
1009	0
1010	1
1011	0
1012	0
1013	2
1014	1
1015	1
1016	0
1017	0
1018	0
1019	0
1020	1
1021	1
1022	0
1023	0
1024	0
1025	0
1026	0
1027	0
1028	0
1029	0
1030	2
1031	2
1032	1
1033	0
1034	0
1035	3
1036	1
1037	0
1038	0
1039	0
1040	0
1041	1
1042	0
1043	1
1044	0
1045	1
1046	0
1047	1
1048	0
1049	0
1050	1
1051	1
1052	0
1053	0
1054	1
1055	0
1056	1
1057	0
1058	0
1059	1
1060	1
1061	1
1062	2
1063	0
1064	0
1065	0
1066	0
1067	0
1068	0
1069	1
1070	0
1071	0
1072	1
1073	0
1074	1
1075	1
1076	2
1077	1
1078	0
1079	0
1080	2
1081	1
1082	1
1083	1
1084	1
1085	0
1086	0
1087	0
1088	0
1089	1
1090	1
1091	0
1092	2
1093	0
1094	0
1095	0
1096	1
1097	0
1098	2
1099	0
1100	0
1101	2
1102	2
1103	2
1104	0
1105	0
1106	1
1107	0
1108	0
1109	0
1110	2
1111	0
1112	1
1113	0
1114	0
1115	4
1116	0
1117	0
1118	1
1119	0
1120	1
1121	2
1122	1
1123	0
1124	1
1125	0
1126	0
1127	1
1128	1
1129	1
1130	1
1131	0
1132	2
1133	0
1134	1
1135	1
1136	0
1137	0
1138	0
1139	0
1140	2
1141	1
1142	0
1143	0
1144	1
1145	0
1146	0
1147	1
1148	1
1149	0
1150	1
1151	2
1152	1
1153	1
1154	1
1155	2
1156	1
1157	0
1158	0
1159	1
1160	0
1161	0
1162	0
1163	0
1164	1
1165	3
1166	0
1167	1
1168	1
1169	0
1170	1
1171	0
1172	0
1173	0
1174	0
1175	3
1176	1
1177	0
1178	1
1179	1
1180	0
1181	0
1182	0
1183	1
1184	0
1185	0
1186	0
1187	0
1188	1
1189	1
1190	0
1191	0
1192	0
1193	1
1194	0
1195	2
1196	1
1197	1
1198	1
1199	0
1200	0
1201	0
1202	1
1203	1
1204	1
1205	1
1206	0
1207	1
1208	1
1209	0
1210	1
1211	0
1212	2
1213	0
1214	0
1215	1
1216	0
1217	0
1218	0
1219	0
1220	1
1221	0
1222	0
1223	1
1224	1
1225	0
1226	1
1227	1
1228	1
1229	0
1230	0
1231	0
1232	0
1233	0
1234	1
1235	1
1236	0
1237	1
1238	2
1239	0
1240	3
1241	0
1242	0
1243	0
1244	1
1245	1
1246	1
1247	0
1248	2
1249	0
1250	2
1251	0
1252	0
1253	0
1254	1
1255	0
1256	0
1257	1
1258	0
1259	2
1260	1
1261	1
1262	1
1263	0
1264	1
1265	2
1266	0
1267	0
1268	0
1269	1
1270	0
1271	2
1272	0
1273	1
1274	1
1275	3
1276	3
1277	3
1278	1
1279	0
1280	2
1281	1
1282	3
1283	1
1284	1
1285	1
1286	3
1287	2
1288	2
1289	0
1290	0
1291	0
1292	0
1293	1
1294	1
1295	1
1296	0
1297	0
1298	3
1299	0
1300	1
1301	2
1302	2
1303	0
1304	2
1305	1
1306	0
1307	2
1308	1
1309	1
1310	1
1311	2
1312	2
1313	0
1314	3
1315	2
1316	2
1317	0
1318	2
1319	2
1320	2
1321	1
1322	0
1323	0
1324	1
1325	2
1326	1
1327	1
1328	0
1329	0
1330	1
1331	1
1332	1
1333	0
1334	1
1335	3
1336	3
1337	3
1338	0
1339	3
1340	0
1341	0
1342	2
1343	2
1344	2
1345	0
1346	2
1347	2
1348	2
1349	0
1350	0
1351	0
1352	2
1353	0
1354	0
1355	3
1356	2
1357	0
1358	1
1359	1
1360	1
1361	3
1362	1
1363	0
1364	0
1365	4
1366	1
1367	3
1368	2
1369	2
1370	0
1371	1
1372	0
1373	2
1374	2
1375	0
1376	2
1377	1
1378	0
1379	2
1380	1
1381	0
1382	1
1383	2
1384	2
1385	0
1386	1
1387	0
1388	1
1389	0
1390	1
1391	1
1392	3
1393	2
1394	0
1395	0
1396	0
1397	1
1398	0
1399	1
1400	0
1401	0
1402	0
1403	0
1404	2
1405	3
1406	1
1407	0
1408	2
1409	1
1410	2
1411	4
1412	2
1413	0
1414	2
1415	1
1416	0
1417	4
1418	2
1419	4
1420	3
1421	4
1422	1
1423	3
1424	2
1425	1
1426	5
1427	6
1428	3
1429	6
1430	6
1431	1
1432	1
1433	1
1434	5
1435	0
1436	4
1437	3
1438	2
1439	3
1440	5
1441	2
1442	3
1443	5
1444	3
1445	5
1446	3
1447	5
1448	4
1449	7
1450	3
1451	1
1452	5
1453	7
1454	8
1455	5
1456	2
1457	4
1458	4
1459	9
1460	8
1461	7
1462	11
1463	5
1464	5
1465	13
1466	13
1467	6
1468	12
1469	4
1470	8
1471	8
1472	13
1473	13
1474	13
1475	5
1476	14
1477	14
1478	15
1479	8
1480	16
1481	15
1482	21
1483	15
1484	20
1485	19
1486	20
1487	21
1488	18
1489	19
1490	20
1491	29
1492	14
1493	34
1494	26
1495	25
1496	23
1497	28
1498	23
1499	24
1500	26
1501	33
1502	45
1503	34
1504	33
1505	42
1506	46
1507	31
1508	40
1509	50
1510	49
1511	46
1512	45
1513	49
1514	56
1515	41
1516	51
1517	45
1518	59
1519	66
1520	54
1521	56
1522	61
1523	51
1524	48
1525	50
1526	61
1527	63
1528	62
1529	71
1530	58
1531	74
1532	72
1533	70
1534	82
1535	82
1536	97
1537	72
1538	83
1539	85
1540	81
1541	90
1542	96
1543	102
1544	101
1545	80
1546	94
1547	127
1548	81
1549	100
1550	80
1551	106
1552	89
1553	101
1554	107
1555	92
1556	97
1557	83
1558	89
1559	94
1560	91
1561	109
1562	80
1563	94
1564	97
1565	104
1566	93
1567	106
1568	91
1569	81
1570	88
1571	96
1572	92
1573	78
1574	89
1575	90
1576	85
1577	97
1578	82
1579	88
1580	83
1581	86
1582	80
1583	86
1584	67
1585	81
1586	76
1587	74
1588	90
1589	62
1590	68
1591	76
1592	75
1593	65
1594	59
1595	62
1596	57
1597	63
1598	76
1599	78
1600	55
1601	43
1602	51
1603	50
1604	45
1605	64
1606	48
1607	50
1608	56
1609	49
1610	40
1611	48
1612	36
1613	41
1614	36
1615	45
1616	29
1617	39
1618	36
1619	36
1620	27
1621	27
1622	26
1623	33
1624	26
1625	27
1626	31
1627	25
1628	28
1629	16
1630	15
1631	27
1632	18
1633	17
1634	24
1635	24
1636	16
1637	27
1638	24
1639	10
1640	12
1641	18
1642	10
1643	18
1644	11
1645	15
1646	19
1647	16
1648	8
1649	12
1650	9
1651	10
1652	5
1653	8
1654	8
1655	14
1656	11
1657	8
1658	8
1659	10
1660	3
1661	4
1662	2
1663	5
1664	5
1665	6
1666	4
1667	5
1668	6
1669	9
1670	1
1671	2
1672	4
1673	4
1674	1
1675	3
1676	2
1677	5
1678	3
1679	0
1680	2
1681	4
1682	1
1683	0
1684	1
1685	2
1686	1
1687	1
1688	1
1689	1
1690	2
1691	0
1692	1
1693	0
1694	1
1695	1
1696	0
1697	0
1698	1
1699	0
1700	0
1701	0
1702	0
1703	0
1704	0
1705	0
1706	0
1707	0
1708	0
1709	0
1710	1
1711	0
1712	0
1713	0
1714	0
1715	0
1716	0
1717	0
1718	0
1719	0
1720	0
1721	0
1722	0
1723	0
1724	0
1725	0
1726	0
1727	0
1728	0
1729	0
1730	0
1731	0
1732	0
1733	0
1734	0
1735	0
1736	0
1737	0
1738	0
1739	0
1740	0
1741	0
1742	0
1743	0
1744	0
1745	0
1746	0
1747	0
1748	0
1749	0
1750	0
1751	0
1752	0
1753	0
1754	0
1755	0
1756	0
1757	0
1758	0
1759	0
1760	0
1761	0
1762	0
1763	0
1764	0
1765	0
1766	0
1767	0
1768	0
1769	0
1770	0
1771	0
1772	0
1773	0
1774	0
1775	0
1776	0
1777	0
1778	0
1779	0
1780	0
1781	0
1782	0
1783	0
1784	0
1785	0
1786	0
1787	0
1788	0
1789	0
1790	0
1791	0
1792	0
1793	0
1794	0
1795	0
1796	0
1797	0
1798	0
1799	0
1800	0
1801	0
1802	0
1803	0
1804	0
1805	0
1806	0
1807	0
1808	0
1809	0
1810	0
1811	0
1812	0
1813	0
1814	0
1815	0
1816	0
1817	0
1818	0
1819	0
1820	0
1821	0
1822	0
1823	0
1824	0
1825	0
1826	0
1827	0
1828	0
1829	0
1830	0
1831	0
1832	0
1833	0
1834	0
1835	0
1836	0
1837	0
1838	0
1839	0
1840	0
1841	0
1842	0
1843	0
1844	0
1845	0
1846	0
1847	0
1848	0
1849	0
1850	0
1851	0
1852	1
1853	0
1854	0
1855	0
1856	0
1857	0
1858	0
1859	0
1860	0
1861	0
1862	0
1863	0
1864	0
1865	0
1866	0
1867	0
1868	0
1869	0
1870	0
1871	0
1872	0
1873	0
1874	0
1875	0
1876	0
1877	0
1878	0
1879	0
1880	0
1881	0
1882	0
1883	0
1884	0
1885	0
1886	0
1887	0
1888	0
1889	0
1890	0
1891	0
1892	0
1893	0
1894	0
1895	0
1896	0
1897	0
1898	0
1899	0
1900	0
1901	0
1902	0
1903	0
1904	0
1905	0
1906	0
1907	0
1908	0
1909	0
1910	0
1911	0
1912	0
1913	0
1914	0
1915	0
1916	0
1917	0
1918	0
1919	0
1920	0
1921	0
1922	0
1923	0
1924	0
1925	0
1926	0
1927	0
1928	0
1929	0
1930	0
1931	0
1932	0
1933	0
1934	0
1935	0
1936	0
1937	0
1938	0
1939	0
1940	0
1941	0
1942	0
1943	0
1944	0
1945	0
1946	0
1947	0
1948	0
1949	0
1950	0
1951	0
1952	0
1953	0
1954	0
1955	0
1956	0
1957	0
1958	0
1959	0
1960	0
1961	0
1962	0
1963	0
1964	0
1965	0
1966	0
1967	0
1968	0
1969	0
1970	0
1971	0
1972	0
1973	0
1974	0
1975	0
1976	0
1977	0
1978	0
1979	0
1980	0
1981	0
1982	0
1983	0
1984	0
1985	0
1986	0
1987	0
1988	0
1989	0
1990	0
1991	0
1992	0
1993	0
1994	0
1995	0
1996	0
1997	0
1998	0
1999	0
2000	0
2001	0
2002	0
2003	0
2004	0
2005	0
2006	0
2007	0
2008	0
2009	0
2010	0
2011	0
2012	0
2013	0
2014	0
2015	0
2016	0
2017	0
2018	0
2019	0
2020	0
2021	0
2022	0
2023	0
2024	0
2025	0
2026	0
2027	0
2028	0
2029	0
2030	0
2031	0
2032	0
2033	0
2034	0
2035	0
2036	0
2037	0
2038	0
2039	0
2040	0
2041	0
2042	0
2043	0
2044	0
2045	0
2046	0
2047	0
