SPEC_ID:	'No sample description was entered.'
SPEC_REM:	'DET# 1'
DATE_MEA:	'09/19/2017 10:06:36'
MEAS_TIM:	'120 120'
DATA:	'0 2047'
ROI:	'0'
PRESETS:	'Live Time'
ENER_FIT:	'0.000000 0.002526'
MCA_CAL:	'3'
SHAPE_CAL:	'3'

Channel	Counts
0	0
1	0
2	0
3	0
4	0
5	0
6	0
7	0
8	0
9	0
10	0
11	0
12	0
13	0
14	0
15	0
16	0
17	0
18	0
19	0
20	0
21	0
22	0
23	0
24	0
25	0
26	0
27	0
28	0
29	0
30	0
31	0
32	0
33	0
34	0
35	0
36	0
37	0
38	0
39	0
40	0
41	0
42	0
43	0
44	0
45	0
46	0
47	0
48	0
49	0
50	0
51	0
52	0
53	0
54	0
55	0
56	0
57	0
58	0
59	0
60	0
61	0
62	0
63	0
64	0
65	0
66	0
67	0
68	0
69	0
70	0
71	0
72	0
73	0
74	0
75	0
76	0
77	0
78	0
79	0
80	0
81	0
82	0
83	0
84	0
85	0
86	0
87	0
88	0
89	0
90	0
91	0
92	0
93	0
94	0
95	0
96	0
97	0
98	0
99	0
100	0
101	0
102	0
103	0
104	0
105	0
106	0
107	0
108	0
109	0
110	0
111	0
112	0
113	0
114	0
115	0
116	0
117	0
118	0
119	0
120	0
121	0
122	0
123	0
124	0
125	0
126	0
127	0
128	0
129	0
130	0
131	0
132	0
133	0
134	0
135	0
136	0
137	0
138	0
139	0
140	0
141	0
142	0
143	0
144	0
145	0
146	0
147	0
148	0
149	0
150	0
151	0
152	0
153	0
154	0
155	0
156	0
157	0
158	0
159	0
160	0
161	0
162	0
163	0
164	0
165	0
166	0
167	0
168	0
169	0
170	0
171	0
172	0
173	0
174	0
175	0
176	0
177	0
178	0
179	0
180	0
181	0
182	0
183	0
184	0
185	0
186	0
187	0
188	0
189	0
190	0
191	0
192	0
193	0
194	0
195	0
196	0
197	0
198	3
199	1
200	2
201	2
202	1
203	1
204	0
205	1
206	2
207	1
208	2
209	2
210	1
211	2
212	0
213	2
214	3
215	3
216	1
217	1
218	4
219	1
220	2
221	2
222	1
223	3
224	1
225	4
226	2
227	5
228	2
229	4
230	0
231	2
232	0
233	4
234	0
235	2
236	2
237	4
238	2
239	4
240	1
241	0
242	1
243	1
244	1
245	4
246	1
247	5
248	1
249	3
250	0
251	0
252	1
253	2
254	1
255	0
256	3
257	3
258	2
259	3
260	5
261	2
262	2
263	1
264	1
265	0
266	1
267	1
268	2
269	5
270	0
271	1
272	2
273	0
274	2
275	0
276	2
277	0
278	0
279	3
280	3
281	2
282	3
283	4
284	2
285	2
286	1
287	2
288	5
289	4
290	2
291	0
292	1
293	3
294	3
295	4
296	1
297	2
298	1
299	0
300	1
301	2
302	4
303	2
304	2
305	3
306	0
307	3
308	2
309	5
310	3
311	4
312	1
313	2
314	0
315	2
316	1
317	2
318	2
319	0
320	0
321	1
322	0
323	2
324	2
325	2
326	2
327	1
328	5
329	1
330	1
331	0
332	0
333	1
334	3
335	2
336	3
337	1
338	1
339	4
340	2
341	0
342	1
343	1
344	2
345	5
346	2
347	0
348	3
349	0
350	0
351	1
352	2
353	1
354	1
355	0
356	1
357	2
358	2
359	3
360	3
361	2
362	1
363	2
364	2
365	5
366	1
367	1
368	1
369	0
370	3
371	0
372	1
373	3
374	0
375	3
376	1
377	1
378	2
379	1
380	3
381	1
382	3
383	3
384	4
385	3
386	4
387	1
388	1
389	1
390	1
391	0
392	0
393	2
394	2
395	3
396	3
397	6
398	2
399	3
400	0
401	3
402	1
403	5
404	1
405	1
406	3
407	5
408	4
409	2
410	2
411	1
412	0
413	1
414	3
415	3
416	7
417	1
418	0
419	0
420	0
421	0
422	4
423	1
424	1
425	3
426	1
427	2
428	1
429	2
430	3
431	1
432	1
433	0
434	2
435	0
436	4
437	2
438	0
439	1
440	3
441	4
442	0
443	1
444	0
445	0
446	3
447	2
448	2
449	4
450	1
451	1
452	1
453	0
454	4
455	1
456	4
457	1
458	6
459	2
460	2
461	0
462	3
463	1
464	1
465	3
466	2
467	2
468	0
469	3
470	1
471	2
472	2
473	3
474	2
475	2
476	5
477	3
478	1
479	2
480	0
481	4
482	1
483	3
484	2
485	0
486	1
487	3
488	1
489	2
490	1
491	1
492	2
493	1
494	4
495	1
496	2
497	2
498	2
499	1
500	4
501	3
502	5
503	2
504	0
505	3
506	1
507	1
508	0
509	4
510	0
511	1
512	3
513	2
514	1
515	1
516	1
517	5
518	3
519	2
520	0
521	5
522	4
523	3
524	2
525	2
526	0
527	3
528	3
529	0
530	2
531	1
532	2
533	0
534	2
535	4
536	1
537	0
538	1
539	2
540	3
541	0
542	4
543	2
544	2
545	3
546	4
547	3
548	3
549	1
550	4
551	5
552	1
553	5
554	3
555	1
556	2
557	2
558	3
559	1
560	2
561	1
562	1
563	2
564	2
565	3
566	1
567	6
568	5
569	3
570	0
571	3
572	5
573	5
574	3
575	1
576	1
577	4
578	4
579	6
580	3
581	3
582	5
583	1
584	0
585	2
586	1
587	2
588	4
589	1
590	3
591	1
592	2
593	4
594	2
595	0
596	7
597	3
598	2
599	2
600	3
601	1
602	3
603	2
604	3
605	2
606	3
607	4
608	4
609	0
610	5
611	0
612	5
613	2
614	2
615	1
616	4
617	1
618	2
619	2
620	2
621	4
622	5
623	3
624	4
625	4
626	1
627	1
628	2
629	0
630	3
631	1
632	1
633	0
634	5
635	3
636	5
637	0
638	1
639	2
640	3
641	4
642	1
643	2
644	4
645	1
646	4
647	6
648	1
649	1
650	1
651	4
652	3
653	2
654	4
655	4
656	3
657	2
658	3
659	1
660	2
661	1
662	3
663	2
664	4
665	2
666	4
667	2
668	1
669	1
670	3
671	1
672	0
673	3
674	1
675	2
676	2
677	2
678	4
679	1
680	3
681	1
682	2
683	1
684	4
685	3
686	2
687	2
688	2
689	2
690	3
691	2
692	4
693	1
694	4
695	2
696	6
697	5
698	1
699	0
700	0
701	2
702	3
703	1
704	3
705	1
706	1
707	1
708	5
709	1
710	3
711	3
712	1
713	3
714	8
715	2
716	2
717	3
718	3
719	4
720	2
721	1
722	1
723	4
724	4
725	4
726	1
727	7
728	2
729	3
730	5
731	8
732	5
733	2
734	1
735	0
736	2
737	3
738	5
739	3
740	1
741	4
742	0
743	4
744	2
745	2
746	2
747	4
748	2
749	4
750	4
751	2
752	3
753	3
754	0
755	1
756	5
757	4
758	2
759	7
760	1
761	5
762	7
763	2
764	3
765	2
766	3
767	3
768	0
769	3
770	5
771	5
772	3
773	2
774	4
775	4
776	2
777	0
778	4
779	6
780	3
781	4
782	1
783	4
784	1
785	4
786	4
787	2
788	4
789	2
790	3
791	3
792	1
793	0
794	4
795	6
796	4
797	1
798	0
799	4
800	3
801	5
802	1
803	5
804	4
805	3
806	1
807	4
808	4
809	3
810	3
811	3
812	0
813	2
814	2
815	3
816	3
817	2
818	0
819	3
820	0
821	2
822	3
823	2
824	3
825	4
826	3
827	2
828	5
829	2
830	3
831	3
832	3
833	3
834	2
835	4
836	1
837	4
838	3
839	5
840	0
841	1
842	4
843	2
844	1
845	2
846	4
847	4
848	4
849	2
850	3
851	4
852	3
853	3
854	0
855	3
856	4
857	2
858	5
859	1
860	4
861	3
862	0
863	5
864	5
865	8
866	2
867	1
868	6
869	3
870	2
871	0
872	2
873	2
874	2
875	2
876	5
877	3
878	0
879	4
880	5
881	1
882	5
883	3
884	0
885	3
886	1
887	1
888	5
889	2
890	3
891	3
892	2
893	5
894	6
895	1
896	3
897	2
898	5
899	2
900	1
901	1
902	3
903	3
904	5
905	3
906	3
907	7
908	2
909	2
910	3
911	5
912	2
913	0
914	5
915	1
916	2
917	1
918	1
919	0
920	2
921	2
922	5
923	3
924	1
925	2
926	1
927	1
928	0
929	4
930	3
931	0
932	3
933	3
934	1
935	2
936	3
937	3
938	4
939	4
940	5
941	3
942	2
943	3
944	5
945	2
946	3
947	3
948	2
949	5
950	4
951	2
952	5
953	2
954	3
955	3
956	4
957	1
958	4
959	2
960	2
961	7
962	3
963	1
964	4
965	5
966	2
967	6
968	2
969	4
970	2
971	1
972	3
973	6
974	1
975	2
976	3
977	2
978	0
979	1
980	4
981	3
982	0
983	1
984	5
985	5
986	5
987	1
988	0
989	5
990	3
991	5
992	0
993	4
994	3
995	2
996	1
997	2
998	2
999	2
1000	3
1001	3
1002	5
1003	4
1004	3
1005	2
1006	1
1007	1
1008	2
1009	1
1010	1
1011	3
1012	2
1013	2
1014	2
1015	3
1016	2
1017	3
1018	1
1019	4
1020	4
1021	1
1022	1
1023	1
1024	3
1025	3
1026	1
1027	1
1028	2
1029	1
1030	4
1031	2
1032	2
1033	0
1034	1
1035	2
1036	1
1037	4
1038	1
1039	4
1040	3
1041	3
1042	1
1043	3
1044	5
1045	0
1046	1
1047	2
1048	5
1049	4
1050	0
1051	4
1052	1
1053	3
1054	3
1055	3
1056	1
1057	2
1058	4
1059	2
1060	7
1061	2
1062	3
1063	4
1064	4
1065	3
1066	2
1067	6
1068	4
1069	5
1070	5
1071	3
1072	2
1073	0
1074	5
1075	1
1076	3
1077	4
1078	6
1079	1
1080	2
1081	2
1082	2
1083	2
1084	1
1085	1
1086	1
1087	3
1088	2
1089	5
1090	1
1091	3
1092	4
1093	3
1094	6
1095	2
1096	2
1097	4
1098	1
1099	3
1100	3
1101	4
1102	3
1103	5
1104	4
1105	4
1106	3
1107	2
1108	2
1109	4
1110	2
1111	3
1112	0
1113	3
1114	2
1115	2
1116	3
1117	2
1118	2
1119	3
1120	3
1121	2
1122	5
1123	3
1124	3
1125	2
1126	7
1127	1
1128	2
1129	3
1130	4
1131	3
1132	3
1133	1
1134	2
1135	1
1136	8
1137	2
1138	2
1139	5
1140	3
1141	6
1142	2
1143	1
1144	1
1145	0
1146	2
1147	1
1148	1
1149	4
1150	2
1151	2
1152	2
1153	3
1154	1
1155	2
1156	4
1157	5
1158	5
1159	3
1160	3
1161	4
1162	1
1163	4
1164	3
1165	2
1166	5
1167	2
1168	3
1169	2
1170	2
1171	3
1172	2
1173	6
1174	6
1175	0
1176	3
1177	3
1178	4
1179	1
1180	1
1181	2
1182	3
1183	2
1184	0
1185	4
1186	3
1187	3
1188	1
1189	2
1190	5
1191	1
1192	0
1193	2
1194	4
1195	4
1196	4
1197	3
1198	3
1199	1
1200	6
1201	6
1202	1
1203	7
1204	2
1205	2
1206	4
1207	3
1208	4
1209	3
1210	2
1211	5
1212	1
1213	3
1214	1
1215	2
1216	4
1217	5
1218	5
1219	8
1220	5
1221	3
1222	5
1223	2
1224	7
1225	3
1226	2
1227	3
1228	1
1229	3
1230	2
1231	3
1232	4
1233	3
1234	4
1235	7
1236	4
1237	6
1238	7
1239	2
1240	4
1241	6
1242	4
1243	1
1244	5
1245	6
1246	5
1247	3
1248	3
1249	6
1250	4
1251	5
1252	7
1253	5
1254	4
1255	3
1256	7
1257	6
1258	5
1259	3
1260	5
1261	8
1262	3
1263	4
1264	6
1265	2
1266	6
1267	2
1268	4
1269	5
1270	3
1271	7
1272	3
1273	3
1274	4
1275	9
1276	3
1277	5
1278	11
1279	3
1280	5
1281	3
1282	4
1283	9
1284	10
1285	6
1286	3
1287	5
1288	7
1289	8
1290	6
1291	6
1292	5
1293	6
1294	7
1295	0
1296	4
1297	3
1298	8
1299	5
1300	7
1301	5
1302	7
1303	7
1304	10
1305	3
1306	2
1307	4
1308	9
1309	11
1310	3
1311	7
1312	5
1313	3
1314	4
1315	4
1316	8
1317	8
1318	4
1319	5
1320	6
1321	12
1322	4
1323	6
1324	5
1325	5
1326	10
1327	6
1328	10
1329	5
1330	9
1331	6
1332	8
1333	7
1334	8
1335	5
1336	8
1337	5
1338	8
1339	11
1340	6
1341	7
1342	12
1343	8
1344	10
1345	8
1346	4
1347	8
1348	5
1349	5
1350	5
1351	6
1352	4
1353	10
1354	6
1355	2
1356	6
1357	2
1358	10
1359	6
1360	3
1361	8
1362	6
1363	7
1364	9
1365	13
1366	4
1367	7
1368	7
1369	1
1370	11
1371	7
1372	2
1373	3
1374	5
1375	8
1376	8
1377	7
1378	3
1379	8
1380	6
1381	5
1382	5
1383	5
1384	5
1385	2
1386	11
1387	5
1388	3
1389	7
1390	11
1391	9
1392	6
1393	6
1394	8
1395	4
1396	12
1397	7
1398	9
1399	9
1400	3
1401	14
1402	5
1403	7
1404	5
1405	9
1406	13
1407	10
1408	13
1409	8
1410	10
1411	12
1412	8
1413	6
1414	12
1415	10
1416	4
1417	7
1418	7
1419	7
1420	10
1421	12
1422	14
1423	15
1424	8
1425	11
1426	13
1427	12
1428	12
1429	15
1430	16
1431	17
1432	20
1433	15
1434	15
1435	14
1436	20
1437	14
1438	25
1439	16
1440	19
1441	18
1442	14
1443	23
1444	22
1445	23
1446	22
1447	21
1448	25
1449	34
1450	33
1451	28
1452	33
1453	37
1454	14
1455	35
1456	30
1457	23
1458	38
1459	43
1460	35
1461	50
1462	43
1463	43
1464	46
1465	59
1466	56
1467	60
1468	54
1469	48
1470	53
1471	63
1472	61
1473	51
1474	74
1475	78
1476	62
1477	91
1478	64
1479	75
1480	86
1481	90
1482	102
1483	111
1484	107
1485	97
1486	106
1487	101
1488	119
1489	108
1490	136
1491	134
1492	109
1493	126
1494	145
1495	131
1496	148
1497	166
1498	166
1499	150
1500	178
1501	185
1502	184
1503	194
1504	195
1505	170
1506	199
1507	239
1508	217
1509	216
1510	250
1511	203
1512	232
1513	232
1514	262
1515	235
1516	268
1517	294
1518	265
1519	267
1520	291
1521	347
1522	297
1523	318
1524	331
1525	326
1526	335
1527	304
1528	341
1529	340
1530	361
1531	365
1532	386
1533	423
1534	342
1535	406
1536	419
1537	399
1538	403
1539	433
1540	425
1541	400
1542	436
1543	439
1544	451
1545	452
1546	509
1547	469
1548	479
1549	494
1550	503
1551	490
1552	447
1553	493
1554	490
1555	527
1556	487
1557	498
1558	497
1559	484
1560	501
1561	457
1562	489
1563	473
1564	516
1565	489
1566	502
1567	501
1568	503
1569	446
1570	475
1571	542
1572	437
1573	497
1574	483
1575	473
1576	474
1577	508
1578	437
1579	492
1580	453
1581	425
1582	443
1583	462
1584	441
1585	459
1586	414
1587	423
1588	375
1589	380
1590	376
1591	400
1592	365
1593	371
1594	329
1595	338
1596	339
1597	334
1598	336
1599	334
1600	352
1601	275
1602	306
1603	267
1604	270
1605	312
1606	287
1607	238
1608	277
1609	265
1610	230
1611	260
1612	247
1613	225
1614	207
1615	214
1616	198
1617	207
1618	185
1619	199
1620	172
1621	168
1622	161
1623	167
1624	165
1625	146
1626	138
1627	132
1628	129
1629	133
1630	137
1631	123
1632	120
1633	116
1634	99
1635	102
1636	98
1637	102
1638	102
1639	92
1640	85
1641	104
1642	92
1643	77
1644	80
1645	74
1646	85
1647	54
1648	56
1649	63
1650	68
1651	48
1652	49
1653	48
1654	44
1655	38
1656	48
1657	40
1658	24
1659	30
1660	29
1661	20
1662	19
1663	16
1664	14
1665	22
1666	15
1667	19
1668	22
1669	16
1670	20
1671	21
1672	15
1673	14
1674	16
1675	6
1676	12
1677	10
1678	4
1679	9
1680	10
1681	5
1682	6
1683	10
1684	5
1685	6
1686	4
1687	4
1688	2
1689	1
1690	3
1691	2
1692	2
1693	2
1694	5
1695	1
1696	2
1697	1
1698	2
1699	1
1700	1
1701	0
1702	1
1703	3
1704	0
1705	0
1706	0
1707	1
1708	1
1709	1
1710	0
1711	0
1712	2
1713	0
1714	1
1715	0
1716	0
1717	0
1718	0
1719	2
1720	0
1721	0
1722	0
1723	0
1724	1
1725	0
1726	0
1727	1
1728	0
1729	0
1730	0
1731	0
1732	0
1733	0
1734	0
1735	0
1736	0
1737	0
1738	0
1739	0
1740	0
1741	0
1742	0
1743	0
1744	1
1745	0
1746	0
1747	0
1748	0
1749	0
1750	0
1751	0
1752	0
1753	0
1754	0
1755	0
1756	0
1757	0
1758	0
1759	0
1760	0
1761	0
1762	0
1763	0
1764	0
1765	0
1766	0
1767	0
1768	0
1769	0
1770	0
1771	0
1772	0
1773	0
1774	0
1775	0
1776	0
1777	0
1778	0
1779	0
1780	0
1781	0
1782	0
1783	0
1784	0
1785	0
1786	0
1787	0
1788	0
1789	0
1790	0
1791	0
1792	0
1793	0
1794	0
1795	0
1796	0
1797	0
1798	0
1799	0
1800	0
1801	0
1802	0
1803	0
1804	1
1805	0
1806	0
1807	0
1808	0
1809	0
1810	0
1811	0
1812	0
1813	0
1814	0
1815	0
1816	0
1817	0
1818	0
1819	0
1820	0
1821	1
1822	0
1823	0
1824	0
1825	0
1826	0
1827	0
1828	0
1829	0
1830	0
1831	0
1832	0
1833	0
1834	0
1835	0
1836	0
1837	0
1838	0
1839	0
1840	0
1841	0
1842	0
1843	0
1844	0
1845	0
1846	0
1847	0
1848	0
1849	0
1850	0
1851	0
1852	0
1853	0
1854	0
1855	0
1856	0
1857	0
1858	0
1859	0
1860	0
1861	0
1862	0
1863	0
1864	0
1865	0
1866	0
1867	0
1868	0
1869	0
1870	0
1871	0
1872	0
1873	0
1874	0
1875	1
1876	0
1877	0
1878	0
1879	0
1880	0
1881	0
1882	0
1883	0
1884	0
1885	0
1886	0
1887	0
1888	0
1889	0
1890	0
1891	0
1892	0
1893	0
1894	0
1895	0
1896	0
1897	0
1898	0
1899	0
1900	0
1901	0
1902	0
1903	0
1904	0
1905	0
1906	0
1907	0
1908	0
1909	0
1910	0
1911	0
1912	0
1913	0
1914	0
1915	0
1916	0
1917	0
1918	0
1919	0
1920	0
1921	0
1922	0
1923	0
1924	0
1925	0
1926	0
1927	0
1928	0
1929	0
1930	0
1931	0
1932	0
1933	0
1934	0
1935	0
1936	0
1937	1
1938	0
1939	0
1940	0
1941	0
1942	0
1943	0
1944	0
1945	0
1946	0
1947	0
1948	0
1949	0
1950	0
1951	0
1952	0
1953	0
1954	0
1955	0
1956	0
1957	0
1958	0
1959	0
1960	0
1961	0
1962	0
1963	0
1964	0
1965	0
1966	0
1967	0
1968	0
1969	1
1970	0
1971	0
1972	0
1973	0
1974	0
1975	0
1976	0
1977	0
1978	0
1979	0
1980	1
1981	0
1982	0
1983	0
1984	0
1985	0
1986	0
1987	0
1988	0
1989	0
1990	0
1991	1
1992	0
1993	0
1994	0
1995	0
1996	0
1997	0
1998	1
1999	0
2000	0
2001	0
2002	1
2003	0
2004	0
2005	0
2006	0
2007	0
2008	0
2009	0
2010	0
2011	0
2012	0
2013	0
2014	0
2015	0
2016	0
2017	0
2018	0
2019	0
2020	0
2021	0
2022	0
2023	0
2024	0
2025	0
2026	0
2027	0
2028	0
2029	0
2030	0
2031	0
2032	0
2033	0
2034	0
2035	0
2036	0
2037	0
2038	0
2039	0
2040	0
2041	0
2042	0
2043	0
2044	0
2045	0
2046	0
2047	0
