$SPEC_ID:
No sample description was entered.
$SPEC_REM:
DET# 1
DETDESC# 
AP# Maestro Version 6.08
$DATE_MEA:
09/19/2017 09:50:31
$MEAS_TIM:
120 120
$DATA:
0 2047
       0
       0
       0
       0
       0
       0
       0
       0
       0
       0
       0
       0
       0
       0
       0
       0
       0
       0
       0
       0
       0
       0
       0
       0
       0
       0
       0
       0
       0
       0
       0
       0
       0
       0
       0
       0
       0
       0
       0
       0
       0
       0
       0
       0
       0
       0
       0
       0
       0
       0
       0
       0
       0
       0
       0
       0
       0
       0
       0
       0
       0
       0
       0
       0
       0
       0
       0
       0
       0
       0
       0
       0
       0
       0
       0
       0
       0
       0
       0
       0
       0
       0
       0
       0
       0
       0
       0
       0
       0
       0
       0
       0
       0
       0
       0
       0
       0
       0
       0
       0
       0
       0
       0
       0
       0
       0
       0
       0
       0
       0
       0
       0
       0
       0
       0
       0
       0
       0
       0
       0
       0
       0
       0
       0
       0
       0
       0
       0
       0
       0
       0
       0
       0
       0
       0
       0
       0
       0
       0
       0
       0
       0
       0
       0
       0
       0
       0
       0
       0
       0
       0
       0
       0
       0
       0
       0
       0
       0
       0
       0
       0
       0
       0
       0
       0
       0
       0
       0
       0
       0
       0
       0
       0
       0
       0
       0
       0
       0
       0
       0
       0
       0
       0
       0
       0
       0
       0
       0
       0
       0
       0
       0
       0
       0
       0
       0
       0
       0
       5
       0
       2
       1
       4
       4
       1
       2
       0
       7
       3
       2
       5
       1
       0
       2
       1
       2
       0
       3
       2
       3
       0
       1
       1
       2
       4
       3
       3
       1
       1
       1
       0
       4
       2
       1
       0
       2
       0
       1
       1
       3
       1
       1
       2
       0
       1
       3
       0
       2
       0
       5
       0
       0
       2
       4
       1
       1
       0
       3
       4
       1
       1
       1
       1
       2
       1
       1
       3
       1
       2
       2
       2
       1
       0
       2
       2
       2
       4
       1
       3
       2
       2
       2
       3
       4
       4
       4
       0
       2
       2
       2
       2
       1
       2
       2
       3
       0
       0
       1
       0
       1
       2
       1
       3
       1
       1
       2
       1
       1
       1
       1
       3
       2
       0
       3
       2
       3
       0
       4
       3
       3
       2
       1
       1
       1
       2
       1
       1
       0
       0
       2
       4
       2
       5
       4
       3
       2
       0
       1
       2
       0
       2
       2
       0
       2
       1
       1
       3
       7
       1
       2
       2
       4
       0
       1
       3
       1
       3
       0
       2
       3
       4
       3
       0
       2
       3
       1
       3
       2
       3
       2
       1
       0
       1
       1
       3
       0
       2
       2
       1
       2
       1
       3
       5
       2
       4
       1
       5
       0
       3
       4
       2
       1
       2
       3
       4
       1
       1
       2
       2
       2
       1
       2
       2
       1
       3
       2
       3
       1
       0
       0
       2
       3
       1
       0
       0
       1
       4
       1
       0
       5
       2
       4
       3
       0
       1
       4
       2
       1
       0
       2
       2
       2
       1
       1
       3
       5
       0
       0
       2
       2
       1
       2
       2
       1
       1
       3
       0
       3
       3
       2
       1
       0
       1
       1
       3
       4
       1
       2
       0
       3
       2
       1
       2
       3
       4
       1
       2
       0
       1
       1
       4
       1
       2
       0
       3
       3
       0
       2
       3
       2
       3
       0
       4
       1
       3
       4
       2
       1
       1
       1
       2
       4
       2
       1
       1
       4
       2
       4
       1
       2
       3
       2
       2
       1
       1
       2
       2
       0
       2
       5
       2
       1
       4
       0
       4
       1
       6
       2
       3
       1
       1
       3
       4
       3
       2
       4
       1
       2
       1
       2
       2
       2
       3
       3
       1
       3
       2
       3
       4
       1
       3
       1
       4
       1
       0
       1
       1
       0
       3
       0
       3
       2
       0
       3
       4
       3
       1
       3
       1
       1
       5
       4
       0
       3
       0
       3
       2
       1
       1
       2
       2
       0
       6
       2
       5
       3
       3
       2
       2
       2
       4
       1
       0
       3
       1
       3
       3
       3
       4
       1
       3
       3
       3
       3
       2
       3
       3
       0
       3
       1
       1
       2
       3
       3
       4
       2
       1
       2
       1
       4
       2
       2
       0
       8
       1
       3
       2
       2
       2
       3
       2
       6
       1
       0
       5
       4
       2
       2
       4
       2
       3
       4
       1
       2
       5
       0
       1
       1
       3
       1
       0
       4
       3
       3
       2
       2
       2
       1
       1
       2
       6
       4
       2
       4
       1
       2
       1
       3
       1
       2
       2
       2
       2
       6
       0
       2
       2
       1
       1
       5
       2
       5
       3
       3
       2
       1
       2
       1
       2
       4
       4
       0
       1
       6
       2
       4
       0
       2
       7
       1
       3
       2
       2
       3
       0
       2
       5
       1
       3
       4
       2
       2
       4
       1
       4
       3
       0
       2
       1
       2
       4
       5
       8
       1
       1
       6
       2
       4
       2
       3
       3
       5
       3
       4
       2
       3
       2
       3
       1
       4
       0
       5
       1
       1
       3
       3
       2
       2
       4
       0
       3
       1
       1
       1
       4
       6
       5
       1
       2
       5
       3
       3
       1
       1
       3
       4
       3
       1
       2
       1
       4
       2
       1
       0
       1
       6
       3
       3
       1
       2
       3
       3
       2
       1
       5
       4
       5
       1
       2
       4
       4
       2
       5
       2
       0
       4
       3
       1
       1
       5
       2
       1
       3
       6
       0
       3
       1
       3
       3
       6
       6
       3
       3
       4
       2
       2
       1
       2
       3
       3
       3
       6
       3
       1
       4
       2
       1
       4
       1
       4
       2
       1
       1
       2
       1
       4
       2
       1
       7
       2
       1
       1
       0
       1
       3
       4
       0
       2
       3
       3
       5
       1
       2
       3
       5
       1
       1
       5
       3
       0
       5
       3
       0
       3
       0
       0
       1
       3
       1
       3
       4
       2
       1
       0
       2
       1
       2
       4
       4
       2
       3
       0
       5
       2
       2
       3
       3
       3
       6
       3
       1
       2
       4
       2
       2
       3
       3
       5
       3
       0
       1
       2
       1
       1
       1
       2
       2
       1
       4
       1
       1
       4
       0
       2
       6
       1
       4
       1
       0
       6
       2
       9
       2
       3
       2
       4
       2
       1
       5
       1
       2
       4
       2
       3
       1
       7
       4
       2
       6
       2
       2
       1
       3
       3
       2
       1
       2
       4
       4
       3
       2
       5
       4
       2
       5
       4
       3
       1
       3
       1
       1
       6
       1
       3
       2
       4
       3
       2
       2
       2
       2
       1
       2
       3
       6
       2
       2
       0
       1
       6
       0
       0
       1
       1
       2
       2
       1
       5
       2
       4
       2
       1
       4
       2
       3
       3
       3
       1
       6
       0
       5
       1
       4
       4
       2
       3
       1
       2
       2
       3
       2
       0
       4
       2
       5
       4
       3
       4
       2
       3
       4
       3
       3
       2
       3
       2
       4
       5
       8
       2
       0
       1
       3
       2
       1
       2
       2
       2
       0
       1
       4
       3
       0
       1
       1
       4
       1
       2
       2
       2
       3
       5
       4
       0
       3
       4
       4
       5
       3
       5
       2
       4
       4
       3
       1
       4
       5
       0
       3
       3
       6
       0
       2
       2
       3
       3
       1
       3
       6
       3
       1
       2
       1
       1
       2
       5
       3
       2
       2
       5
       1
       3
       2
       4
       6
       1
       0
       0
       6
       2
       5
       0
       3
       5
       3
       0
       3
       4
       2
       4
       2
       3
       0
       2
       3
       1
       3
       2
       3
       1
       4
       5
       4
       4
       5
       2
       3
       1
       2
       0
       2
       5
       2
       4
       5
       1
       3
       4
       3
       1
       2
       0
       3
       3
       1
       3
       3
       1
       2
       3
       1
       1
       2
       1
       4
       0
       3
       5
       1
       2
       5
       4
       1
       3
       5
       1
       1
       5
       2
       6
       2
       3
       2
       1
       5
       2
       2
       4
       4
       3
       3
       3
       6
       0
       2
       2
       1
       0
       5
       3
       2
       3
       1
       2
       4
       3
       2
       5
       2
       1
       4
       2
       3
       6
      10
       1
       2
       2
       2
       3
       2
       3
       4
       4
       6
       2
       2
       2
       4
       4
       1
       3
       3
       2
       2
       2
       2
       3
       2
       3
       3
       6
       6
       5
       2
       6
       3
       1
       0
       2
       3
       0
       6
       2
       4
       3
       4
       3
       4
       2
       1
       2
       6
       4
       5
       3
       9
       6
       6
       4
       1
       5
       4
      10
       9
       5
       6
       6
       6
       3
       2
       7
       4
       4
       3
       7
       3
       5
       7
       2
       6
       6
       7
       2
       4
       2
       3
       6
       5
      12
       5
       8
       5
       9
       2
       8
       4
       5
       9
       2
       8
       2
       6
       8
       9
       4
       9
       9
       7
       8
      11
       5
       5
       4
       5
       5
       5
       9
       8
       4
       9
       8
       7
      12
       3
      10
       7
       7
       6
       3
       9
       8
       6
       6
       3
       6
       9
       4
       7
       4
       6
       5
       5
       4
       7
       5
       4
      13
       8
       7
       8
      10
       3
       8
       7
       7
       4
       3
       5
       6
       4
       5
      10
       7
       6
       1
       5
       7
       3
       4
       6
       2
       6
       2
       4
       3
       7
       6
       3
      13
       5
       6
       7
      13
       3
       8
       9
       6
       2
       7
       7
       5
       4
       9
       4
       4
       5
      10
       7
       7
       9
       8
       5
       6
       8
       9
       6
       6
       5
       3
       3
       8
       4
      12
       4
      12
      11
       7
       6
       9
      10
       7
       7
       6
      10
       7
      11
       9
      10
      12
       6
      10
      10
      13
      17
      16
       9
      13
      13
      15
      19
      10
      10
      12
      13
      12
      11
      13
      22
      25
      20
      19
      23
      34
      26
      21
      22
      24
      31
      31
      25
      18
      30
      25
      34
      34
      24
      31
      31
      25
      33
      39
      26
      39
      47
      52
      40
      55
      39
      61
      75
      51
      57
      65
      67
      71
      71
      84
      87
      74
      91
      94
      90
      94
      83
      79
     100
      91
     126
     114
     123
     130
     104
     133
     139
     139
     163
     135
     167
     156
     155
     160
     163
     179
     166
     197
     219
     233
     226
     190
     234
     237
     211
     247
     231
     223
     279
     259
     272
     292
     319
     324
     266
     311
     345
     355
     330
     343
     350
     356
     376
     366
     373
     392
     346
     385
     415
     416
     391
     419
     439
     429
     395
     427
     445
     470
     466
     445
     470
     443
     473
     437
     489
     493
     511
     470
     464
     503
     492
     519
     476
     458
     520
     521
     475
     510
     504
     522
     481
     454
     488
     451
     504
     474
     444
     470
     449
     444
     469
     454
     458
     432
     442
     418
     459
     428
     393
     440
     384
     368
     381
     408
     375
     386
     356
     348
     345
     340
     332
     312
     296
     323
     299
     273
     291
     262
     290
     253
     289
     260
     282
     261
     239
     248
     211
     226
     199
     175
     202
     176
     178
     183
     177
     168
     147
     145
     132
     139
     134
     124
     108
     114
     124
     135
     113
      96
     119
      98
     122
      78
      94
      66
      72
      70
      92
      72
      58
      44
      58
      64
      55
      53
      44
      54
      51
      38
      47
      49
      30
      29
      27
      35
      27
      22
      24
      20
      27
      27
      15
      18
      15
      19
      18
      12
      12
      14
       9
      11
      11
      14
       3
      11
       6
       3
       8
       8
       4
       5
       3
       5
       2
       4
       4
       1
       3
       2
       0
       2
       0
       1
       2
       1
       2
       0
       0
       1
       2
       0
       0
       0
       1
       1
       1
       1
       0
       0
       0
       0
       1
       0
       0
       1
       1
       0
       0
       1
       0
       0
       1
       0
       0
       0
       0
       0
       1
       0
       0
       0
       0
       0
       0
       0
       0
       0
       0
       0
       0
       0
       0
       0
       0
       0
       0
       0
       1
       0
       0
       0
       0
       0
       0
       0
       0
       0
       0
       0
       0
       0
       0
       0
       0
       1
       0
       1
       0
       0
       0
       0
       0
       0
       0
       0
       0
       0
       0
       0
       0
       0
       0
       0
       0
       0
       0
       0
       0
       0
       0
       0
       0
       0
       0
       0
       0
       0
       0
       0
       0
       0
       0
       0
       0
       0
       0
       0
       0
       0
       0
       0
       1
       0
       0
       0
       0
       0
       0
       0
       0
       0
       0
       0
       0
       0
       0
       0
       0
       0
       0
       0
       0
       0
       0
       0
       0
       0
       0
       0
       0
       0
       0
       0
       0
       0
       0
       0
       0
       0
       0
       0
       0
       0
       0
       0
       0
       0
       0
       0
       0
       0
       0
       0
       0
       0
       0
       0
       0
       0
       0
       0
       0
       0
       0
       0
       0
       0
       0
       0
       1
       0
       0
       0
       0
       0
       0
       0
       0
       0
       0
       0
       0
       0
       0
       0
       0
       0
       0
       0
       0
       0
       0
       0
       0
       0
       0
       0
       0
       0
       0
       0
       0
       0
       0
       0
       0
       0
       0
       0
       0
       0
       0
       0
       0
       0
       0
       0
       0
       0
       0
       0
       0
       0
       0
       0
       0
       0
       0
       0
       0
       0
       0
       0
       0
       0
       0
       0
       0
       0
       0
       0
       0
       0
       0
       0
       0
       0
       0
       1
       1
       0
       0
       0
       0
       0
       0
       0
       0
       0
       0
       0
       0
       0
       0
       0
       0
       0
       2
       0
       0
       0
       0
       0
       0
       0
       0
       0
       0
       0
       0
       0
       0
       0
       0
       0
       0
       0
       0
       0
       0
       0
       0
       0
       0
       0
       0
       0
       0
       0
       0
       0
       0
       0
       0
       0
       0
       0
       0
       0
       0
       0
       0
       0
       0
       0
       0
       0
       0
       0
       0
       0
       0
       0
       0
       0
       0
       0
       0
       0
       0
       0
$ROI:
0
$PRESETS:
Live Time
120
0
$ENER_FIT:
0.000000 0.002526
$MCA_CAL:
3
0.000000E+000 2.525835E-003 0.000000E+000 keV
$SHAPE_CAL:
3
0.000000E+000 0.000000E+000 0.000000E+000
