$SPEC_ID:
No sample description was entered.
$SPEC_REM:
DET# 1
DETDESC# 
AP# Maestro Version 6.08
$DATE_MEA:
09/19/2017 10:00:34
$MEAS_TIM:
120 120
$DATA:
0 2047
       0
       0
       0
       0
       0
       0
       0
       0
       0
       0
       0
       0
       0
       0
       0
       0
       0
       0
       0
       0
       0
       0
       0
       0
       0
       0
       0
       0
       0
       0
       0
       0
       0
       0
       0
       0
       0
       0
       0
       0
       0
       0
       0
       0
       0
       0
       0
       0
       0
       0
       0
       0
       0
       0
       0
       0
       0
       0
       0
       0
       0
       0
       0
       0
       0
       0
       0
       0
       0
       0
       0
       0
       0
       0
       0
       0
       0
       0
       0
       0
       0
       0
       0
       0
       0
       0
       0
       0
       0
       0
       0
       0
       0
       0
       0
       0
       0
       0
       0
       0
       0
       0
       0
       0
       0
       0
       0
       0
       0
       0
       0
       0
       0
       0
       0
       0
       0
       0
       0
       0
       0
       0
       0
       0
       0
       0
       0
       0
       0
       0
       0
       0
       0
       0
       0
       0
       0
       0
       0
       0
       0
       0
       0
       0
       0
       0
       0
       0
       0
       0
       0
       0
       0
       0
       0
       0
       0
       0
       0
       0
       0
       0
       0
       0
       0
       0
       0
       0
       0
       0
       0
       0
       0
       0
       0
       0
       0
       0
       0
       0
       0
       0
       0
       0
       0
       0
       0
       0
       0
       0
       0
       0
       0
       0
       0
       0
       0
       0
       0
       1
       0
       2
       0
       1
       5
       1
       1
       4
       2
       1
       2
       1
       0
       1
       1
       7
       0
       1
       0
       2
       3
       2
       3
       3
       1
       2
       0
       2
       4
       0
       2
       2
       2
       2
       3
       1
       0
       3
       0
       2
       1
       0
       1
       2
       0
       3
       2
       2
       2
       1
       1
       1
       1
       1
       2
       3
       2
       0
       1
       2
       0
       4
       1
       2
       1
       0
       1
       1
       2
       2
       3
       1
       2
       2
       6
       1
       1
       0
       1
       4
       2
       2
       2
       3
       0
       1
       4
       3
       1
       2
       2
       1
       3
       2
       3
       3
       1
       2
       1
       3
       4
       1
       2
       2
       3
       1
       1
       3
       1
       2
       2
       2
       3
       0
       2
       1
       0
       0
       2
       0
       1
       2
       3
       3
       0
       2
       1
       1
       3
       3
       2
       1
       4
       0
       2
       0
       1
       1
       2
       4
       2
       0
       3
       0
       2
       5
       1
       2
       2
       1
       2
       2
       0
       1
       0
       0
       2
       3
       3
       1
       1
       4
       4
       1
       1
       2
       0
       1
       1
       3
       3
       2
       1
       2
       2
       2
       2
       1
       1
       1
       3
       1
       2
       2
       2
       0
       2
       3
       0
       3
       1
       0
       2
       2
       1
       3
       3
       1
       2
       1
       1
       4
       3
       5
       0
       1
       1
       0
       3
       1
       1
       1
       0
       0
       2
       2
       1
       2
       2
       3
       2
       5
       4
       2
       3
       1
       1
       2
       3
       1
       1
       0
       2
       2
       1
       5
       1
       5
       3
       0
       2
       5
       3
       4
       3
       2
       3
       2
       0
       3
       3
       2
       5
       2
       2
       3
       3
       5
       2
       2
       0
       1
       0
       2
       2
       1
       0
       3
       0
       1
       3
       4
       4
       3
       2
       2
       0
       5
       5
       2
       3
       4
       3
       2
       5
       1
       1
       2
       2
       1
       3
       1
       1
       2
       2
       1
       2
       4
       2
       5
       2
       3
       2
       5
       2
       2
       1
       2
       0
       4
       3
       2
       4
       2
       2
       3
       4
       2
       3
       1
       4
       3
       1
       1
       6
       2
       1
       1
       3
       2
       4
       4
       2
       1
       0
       3
       2
       3
       5
       1
       1
       3
       1
       0
       1
       0
       3
       2
       1
       3
       3
       2
       4
       2
       0
       1
       1
       2
       3
       0
       0
       1
       3
       4
       1
       4
       2
       1
       1
       1
       1
       1
       5
       0
       4
       3
       2
       2
       0
       2
       2
       2
       3
       1
       1
       3
       5
       2
       2
       1
       1
       5
       0
       3
       2
       2
       1
       2
       0
       2
       5
       3
       5
       1
       2
       0
       2
       1
       2
       3
       2
       0
       1
       1
       1
       0
       3
       3
       5
       3
       3
       3
       1
       1
       6
       5
       0
       4
       1
       4
       1
       1
       3
       3
       2
       2
       1
       0
       1
       0
       1
       3
       2
       3
       0
       1
       4
       2
       0
       3
       0
       3
       0
       1
       0
       2
       0
       2
       3
       0
       3
       3
       1
       3
       2
       4
       2
       0
       2
       2
       4
       5
       3
       2
       2
       1
       3
       2
       6
       1
       5
       4
       3
       8
       2
       2
       2
       2
       2
       2
       4
       4
       2
       2
       0
       4
       2
       3
       3
       1
       2
       2
       4
       1
       1
       2
       2
       3
       6
       1
       2
       2
       2
       0
       2
       3
       0
       2
       3
       4
       2
       3
       2
       3
       6
       4
       0
       2
       2
       1
       5
       3
       2
       0
       0
       1
       5
       2
       3
       2
       3
       2
       3
       1
       2
       6
       2
       1
       1
       2
       4
       2
       4
       4
       5
       5
       3
       2
       5
       2
       2
       2
       5
       2
       1
       1
       2
       3
       1
       2
       1
       5
       4
       2
       3
       0
       2
       3
       2
       2
       4
       5
       3
       5
       3
       3
       1
       4
       2
       2
       1
       3
       2
       3
       0
       3
       2
       3
       2
       2
       1
       3
       2
       4
       4
       3
       1
       6
       4
       4
       3
       2
       2
       4
       1
       2
       4
       1
       3
       5
       3
       0
       2
       1
       2
       2
       2
       1
       1
       4
       4
       4
       6
       5
       2
       0
       1
       0
       1
       8
       3
       2
       3
       2
       1
       5
       1
       1
       4
       3
       1
       1
       1
       4
       0
       1
       3
       4
       1
       4
       1
       2
       3
       1
       2
       3
       2
       3
       0
       3
       3
       3
       2
       1
       2
       3
       2
       3
       4
       2
       1
       3
       2
       0
       1
      10
       2
       1
       1
       1
       1
       5
       5
       1
       1
       0
       3
       2
       4
       4
       2
       2
       6
       2
       1
       0
       0
       4
       5
       3
       4
       4
       4
       3
       1
       4
       4
       1
       4
       4
       3
       5
       1
       1
       1
       2
       0
       2
       1
       2
       1
       2
       0
       2
       1
       3
       4
       6
       2
       2
       7
       4
       2
       3
       3
       3
       2
       2
       2
       4
       3
       0
       4
       2
       2
       1
       0
       5
       6
       4
       3
       2
       1
       1
       0
       2
       1
       1
       1
       4
       0
       1
       4
       1
       2
       1
       3
       6
       1
       3
       3
       2
       5
       6
       3
       3
       2
       3
       3
       2
       0
       3
       3
       3
       1
       5
       1
       2
       3
       1
       0
       1
       2
       1
       8
       4
       2
       5
       1
       4
       2
       6
       1
       2
       4
       5
       3
       2
       3
       1
       1
       5
       2
       2
       4
       3
       4
       4
       2
       2
       4
       4
       4
       5
       5
       3
       2
       6
       5
       0
       4
       2
       3
       3
       1
       3
       5
       1
       1
       2
       1
       1
       1
       4
       3
       4
       3
       0
       1
       4
       3
       4
       4
       1
       3
       3
       3
       2
       5
       3
       1
       1
       1
       2
       2
       4
       1
       4
       4
       5
       3
       2
       1
       3
       1
       1
       3
       5
       2
       3
       4
       1
       3
       3
       2
       3
       4
       2
       3
       2
       4
       3
       3
       5
       1
       1
       2
       3
       3
       5
       2
       0
       5
       3
       1
       1
       4
       5
       4
       2
       4
       2
       2
       4
       7
       6
       5
       5
       1
       3
       6
       4
       2
       3
       3
       4
       4
       2
       3
       1
       2
       2
       2
       2
       4
       5
       4
       4
       1
       3
       2
       6
       4
       3
       4
       2
       2
       4
       3
       3
       4
       3
       3
       4
       2
       5
       2
       6
       1
       2
       4
       2
       0
       1
       1
       6
       3
       0
       2
       1
       0
       4
       0
       2
       0
       6
       1
       2
       2
       3
       0
       1
       1
       0
       2
       2
       4
       2
       6
       5
       4
       4
       2
       3
       4
       3
       3
       3
       5
       1
       3
       2
       4
       4
       3
       4
       1
       4
       4
       1
       5
       4
       7
       2
       5
       2
       2
       2
       1
       5
       1
       3
       3
       4
       6
       1
       2
       4
      10
       7
      10
       5
       5
       5
       0
       3
       8
       7
       1
       5
       3
       6
       1
       5
       1
       7
       9
       5
       8
       7
       4
       4
       5
      11
       6
       1
       5
       5
       2
       6
       5
       6
       2
       2
       5
       5
       3
       5
       7
       5
       7
       6
       8
       4
       5
       7
       7
       3
       5
       7
       5
       3
       2
       2
       3
       6
       7
       7
       6
       8
       5
       7
       3
       2
       4
       1
       4
       7
       8
       8
       9
       9
       5
      12
       6
      11
       8
       6
       6
       5
       7
       6
       8
       5
       5
      11
       7
       8
       3
       4
       9
       6
       8
       8
       7
       7
       4
      11
       8
       7
       6
       5
       8
       6
       8
       7
       5
      10
       6
      14
       6
       7
      10
       7
       5
       3
       4
       7
       1
       3
       7
       6
       4
       5
      11
       5
       4
       3
       8
       6
       6
       5
      10
       7
       8
      10
       8
       4
       8
       2
       6
      10
       4
       3
       7
      10
       6
       6
       5
       7
       9
       5
      10
       9
       8
       5
       6
       4
       8
       3
       8
       6
       3
       7
      11
       8
       5
      10
       5
      10
      10
       7
       4
       9
       9
      21
      14
       7
      17
       9
      15
      10
      14
       5
      14
      16
       9
      12
      13
       7
      14
      10
      14
      12
      16
      13
      15
      18
      24
      18
      17
      17
      23
      16
      15
      18
      18
      25
      35
      21
      32
      35
      31
      26
      23
      38
      36
      42
      32
      43
      35
      32
      40
      44
      47
      37
      56
      51
      52
      43
      62
      73
      57
      54
      62
      70
      75
      77
      62
      73
      81
      91
      94
      97
     108
      92
      96
     120
     117
     112
     121
     118
     118
     123
     153
     164
     149
     144
     158
     149
     173
     157
     185
     209
     192
     202
     192
     215
     204
     222
     191
     255
     231
     254
     246
     250
     229
     296
     274
     298
     293
     295
     302
     303
     297
     355
     328
     326
     371
     365
     378
     387
     387
     363
     371
     391
     416
     401
     376
     442
     400
     417
     421
     431
     445
     486
     471
     468
     484
     458
     473
     492
     450
     490
     461
     482
     521
     458
     552
     473
     462
     526
     498
     471
     501
     491
     492
     483
     464
     456
     466
     455
     481
     503
     510
     456
     482
     508
     415
     456
     445
     440
     428
     463
     376
     389
     418
     395
     387
     375
     384
     396
     364
     349
     346
     341
     329
     350
     303
     292
     313
     293
     324
     307
     292
     282
     299
     277
     246
     190
     242
     230
     262
     233
     213
     239
     216
     199
     217
     198
     202
     184
     161
     158
     142
     166
     162
     144
     129
     135
     135
     138
     109
     125
     102
     103
     121
     111
     100
     104
      76
      93
      70
      90
      62
      72
      67
      61
      56
      56
      59
      44
      41
      38
      36
      40
      37
      35
      40
      31
      32
      21
      36
      27
      30
      22
      28
      28
      17
      17
      22
      22
      17
      16
       9
      12
      10
      10
      14
      15
       4
       6
       8
       8
       5
       7
       6
       5
       3
       5
       8
       5
       2
       5
       5
       0
       5
       0
       0
       1
       2
       1
       1
       1
       0
       0
       0
       2
       3
       1
       0
       1
       0
       0
       0
       1
       0
       0
       0
       0
       0
       1
       0
       1
       0
       1
       0
       1
       1
       0
       0
       0
       0
       0
       1
       0
       0
       0
       1
       0
       0
       0
       0
       0
       0
       0
       0
       0
       0
       0
       0
       0
       0
       0
       0
       0
       0
       0
       0
       0
       0
       0
       0
       0
       0
       0
       0
       0
       0
       0
       0
       0
       0
       0
       0
       0
       0
       0
       0
       0
       0
       0
       0
       0
       0
       0
       0
       0
       0
       0
       0
       0
       0
       0
       0
       0
       0
       1
       0
       0
       0
       0
       0
       0
       0
       0
       0
       0
       0
       0
       0
       0
       1
       0
       0
       0
       0
       0
       0
       0
       0
       0
       0
       0
       0
       0
       0
       0
       0
       0
       0
       0
       0
       0
       0
       0
       0
       0
       0
       0
       0
       0
       0
       0
       0
       0
       0
       0
       1
       0
       0
       0
       0
       0
       0
       0
       0
       0
       0
       0
       0
       0
       0
       0
       0
       0
       0
       0
       0
       0
       0
       0
       0
       0
       0
       0
       0
       0
       0
       0
       0
       0
       0
       0
       0
       0
       0
       1
       0
       0
       0
       0
       0
       0
       0
       0
       0
       0
       0
       0
       0
       0
       0
       0
       0
       0
       0
       0
       0
       0
       0
       1
       0
       0
       0
       0
       0
       0
       0
       0
       0
       0
       0
       0
       0
       0
       0
       0
       0
       0
       0
       0
       1
       0
       0
       0
       0
       0
       0
       0
       0
       0
       0
       0
       0
       0
       0
       0
       0
       0
       0
       0
       0
       0
       0
       0
       0
       0
       0
       0
       0
       0
       0
       0
       1
       0
       0
       0
       0
       0
       0
       0
       0
       0
       0
       0
       0
       0
       0
       0
       0
       0
       0
       0
       0
       0
       0
       0
       0
       0
       0
       0
       0
       0
       0
       0
       0
       0
       0
       0
       0
       0
       0
       0
       0
       0
       0
       0
       0
       0
       0
       0
       0
       0
       0
       0
       0
       0
       0
       0
       0
       0
       0
       0
       0
       0
       0
       0
       0
       0
       0
       0
       0
       0
       0
       0
       0
       0
       0
       0
       0
       0
       0
       0
       0
       0
       0
       0
$ROI:
0
$PRESETS:
Live Time
120
0
$ENER_FIT:
0.000000 0.002526
$MCA_CAL:
3
0.000000E+000 2.525835E-003 0.000000E+000 keV
$SHAPE_CAL:
3
0.000000E+000 0.000000E+000 0.000000E+000
