SPEC_ID:	'No sample description was entered.'
SPEC_REM:	'DET# 1'
DATE_MEA:	'09/19/2017 09:48:30'
MEAS_TIM:	'120 120'
DATA:	'0 2047'
ROI:	'0'
PRESETS:	'Live Time'
ENER_FIT:	'0.000000 0.002526'
MCA_CAL:	'3'
SHAPE_CAL:	'3'

Channel	Counts
0	0
1	0
2	0
3	0
4	0
5	0
6	0
7	0
8	0
9	0
10	0
11	0
12	0
13	0
14	0
15	0
16	0
17	0
18	0
19	0
20	0
21	0
22	0
23	0
24	0
25	0
26	0
27	0
28	0
29	0
30	0
31	0
32	0
33	0
34	0
35	0
36	0
37	0
38	0
39	0
40	0
41	0
42	0
43	0
44	0
45	0
46	0
47	0
48	0
49	0
50	0
51	0
52	0
53	0
54	0
55	0
56	0
57	0
58	0
59	0
60	0
61	0
62	0
63	0
64	0
65	0
66	0
67	0
68	0
69	0
70	0
71	0
72	0
73	0
74	0
75	0
76	0
77	0
78	0
79	0
80	0
81	0
82	0
83	0
84	0
85	0
86	0
87	0
88	0
89	0
90	0
91	0
92	0
93	0
94	0
95	0
96	0
97	0
98	0
99	0
100	0
101	0
102	0
103	0
104	0
105	0
106	0
107	0
108	0
109	0
110	0
111	0
112	0
113	0
114	0
115	0
116	0
117	0
118	0
119	0
120	0
121	0
122	0
123	0
124	0
125	0
126	0
127	0
128	0
129	0
130	0
131	0
132	0
133	0
134	0
135	0
136	0
137	0
138	0
139	0
140	0
141	0
142	0
143	0
144	0
145	0
146	0
147	0
148	0
149	0
150	0
151	0
152	0
153	0
154	0
155	0
156	0
157	0
158	0
159	0
160	0
161	0
162	0
163	0
164	0
165	0
166	0
167	0
168	0
169	0
170	0
171	0
172	0
173	0
174	0
175	0
176	0
177	0
178	0
179	0
180	0
181	0
182	0
183	0
184	0
185	0
186	0
187	0
188	0
189	0
190	0
191	0
192	0
193	0
194	0
195	0
196	0
197	0
198	3
199	1
200	5
201	2
202	1
203	0
204	1
205	1
206	1
207	4
208	4
209	3
210	2
211	0
212	2
213	2
214	1
215	3
216	2
217	0
218	3
219	1
220	3
221	1
222	3
223	2
224	1
225	0
226	1
227	0
228	1
229	1
230	1
231	3
232	2
233	1
234	2
235	2
236	0
237	0
238	1
239	3
240	2
241	0
242	3
243	1
244	2
245	1
246	0
247	2
248	0
249	2
250	5
251	1
252	0
253	2
254	3
255	1
256	4
257	2
258	1
259	3
260	2
261	0
262	5
263	2
264	0
265	1
266	0
267	4
268	3
269	1
270	1
271	2
272	3
273	3
274	1
275	5
276	3
277	4
278	1
279	2
280	1
281	2
282	0
283	1
284	1
285	1
286	3
287	1
288	1
289	1
290	0
291	1
292	0
293	1
294	3
295	1
296	0
297	2
298	3
299	1
300	0
301	2
302	3
303	3
304	1
305	3
306	3
307	2
308	3
309	1
310	2
311	0
312	2
313	2
314	1
315	1
316	2
317	1
318	2
319	3
320	1
321	1
322	3
323	1
324	0
325	2
326	2
327	0
328	0
329	3
330	1
331	2
332	5
333	1
334	3
335	2
336	3
337	1
338	1
339	2
340	1
341	2
342	7
343	1
344	6
345	1
346	1
347	0
348	2
349	2
350	2
351	4
352	2
353	2
354	2
355	2
356	1
357	1
358	1
359	2
360	2
361	1
362	2
363	0
364	2
365	2
366	2
367	1
368	2
369	3
370	4
371	4
372	4
373	0
374	4
375	3
376	6
377	3
378	1
379	1
380	2
381	5
382	0
383	0
384	7
385	6
386	1
387	2
388	1
389	1
390	0
391	0
392	0
393	3
394	2
395	1
396	0
397	1
398	3
399	0
400	0
401	3
402	3
403	1
404	0
405	4
406	1
407	0
408	6
409	2
410	2
411	5
412	0
413	3
414	3
415	1
416	2
417	1
418	1
419	4
420	2
421	1
422	2
423	0
424	1
425	2
426	2
427	4
428	2
429	2
430	2
431	3
432	0
433	1
434	1
435	2
436	0
437	1
438	1
439	2
440	3
441	1
442	0
443	1
444	2
445	0
446	3
447	1
448	2
449	2
450	2
451	2
452	1
453	4
454	1
455	3
456	2
457	2
458	4
459	1
460	4
461	5
462	2
463	1
464	0
465	1
466	3
467	1
468	2
469	3
470	1
471	2
472	3
473	4
474	1
475	1
476	3
477	0
478	0
479	0
480	2
481	1
482	2
483	3
484	3
485	3
486	1
487	2
488	0
489	2
490	2
491	1
492	3
493	0
494	1
495	1
496	2
497	4
498	4
499	2
500	3
501	5
502	0
503	4
504	4
505	0
506	0
507	2
508	1
509	1
510	1
511	2
512	4
513	3
514	1
515	4
516	0
517	1
518	2
519	0
520	4
521	2
522	4
523	3
524	2
525	0
526	4
527	1
528	2
529	1
530	1
531	1
532	5
533	0
534	1
535	2
536	1
537	3
538	2
539	5
540	0
541	2
542	2
543	2
544	2
545	0
546	2
547	2
548	2
549	3
550	4
551	3
552	2
553	1
554	2
555	1
556	2
557	1
558	2
559	2
560	2
561	3
562	3
563	3
564	0
565	1
566	2
567	1
568	3
569	1
570	1
571	2
572	4
573	1
574	0
575	2
576	2
577	1
578	3
579	1
580	0
581	3
582	0
583	1
584	3
585	3
586	0
587	0
588	4
589	1
590	5
591	4
592	3
593	3
594	5
595	0
596	0
597	3
598	3
599	1
600	2
601	1
602	3
603	1
604	1
605	2
606	3
607	1
608	5
609	3
610	2
611	3
612	3
613	2
614	3
615	5
616	4
617	5
618	2
619	3
620	1
621	2
622	2
623	4
624	2
625	0
626	3
627	5
628	3
629	3
630	2
631	3
632	1
633	2
634	1
635	5
636	2
637	2
638	2
639	3
640	1
641	2
642	0
643	1
644	1
645	1
646	2
647	1
648	1
649	0
650	1
651	2
652	1
653	2
654	1
655	4
656	3
657	3
658	1
659	0
660	2
661	4
662	4
663	3
664	4
665	2
666	2
667	7
668	1
669	1
670	2
671	1
672	2
673	0
674	3
675	2
676	2
677	4
678	1
679	4
680	2
681	3
682	3
683	1
684	1
685	3
686	3
687	3
688	4
689	1
690	2
691	3
692	2
693	1
694	0
695	3
696	1
697	2
698	5
699	8
700	3
701	0
702	1
703	3
704	3
705	2
706	3
707	1
708	0
709	2
710	3
711	2
712	4
713	1
714	4
715	2
716	6
717	1
718	3
719	1
720	1
721	1
722	2
723	3
724	2
725	4
726	2
727	2
728	3
729	1
730	1
731	5
732	1
733	2
734	3
735	3
736	6
737	1
738	3
739	6
740	5
741	1
742	0
743	2
744	1
745	4
746	1
747	3
748	3
749	3
750	2
751	2
752	2
753	1
754	2
755	2
756	4
757	3
758	1
759	2
760	2
761	3
762	4
763	3
764	1
765	0
766	1
767	4
768	3
769	6
770	1
771	3
772	2
773	0
774	3
775	0
776	2
777	2
778	2
779	3
780	5
781	1
782	1
783	5
784	4
785	4
786	2
787	3
788	1
789	2
790	5
791	1
792	5
793	5
794	3
795	1
796	0
797	2
798	5
799	1
800	3
801	0
802	0
803	2
804	5
805	6
806	2
807	1
808	4
809	1
810	2
811	5
812	2
813	2
814	1
815	2
816	2
817	4
818	3
819	2
820	6
821	5
822	1
823	4
824	0
825	1
826	6
827	1
828	3
829	2
830	1
831	0
832	0
833	2
834	2
835	3
836	3
837	2
838	0
839	2
840	2
841	2
842	2
843	1
844	2
845	6
846	4
847	2
848	3
849	1
850	3
851	1
852	3
853	9
854	2
855	3
856	1
857	0
858	7
859	0
860	4
861	3
862	0
863	1
864	3
865	0
866	3
867	3
868	4
869	3
870	2
871	2
872	2
873	4
874	3
875	3
876	4
877	1
878	4
879	4
880	1
881	6
882	2
883	2
884	5
885	2
886	3
887	4
888	5
889	3
890	1
891	5
892	2
893	4
894	4
895	2
896	5
897	3
898	3
899	2
900	4
901	1
902	2
903	3
904	4
905	2
906	3
907	6
908	2
909	3
910	1
911	1
912	4
913	3
914	1
915	2
916	4
917	3
918	0
919	1
920	2
921	2
922	2
923	1
924	2
925	2
926	2
927	2
928	1
929	1
930	1
931	4
932	3
933	2
934	3
935	3
936	4
937	2
938	3
939	2
940	3
941	1
942	3
943	1
944	5
945	1
946	0
947	2
948	6
949	1
950	2
951	2
952	0
953	0
954	3
955	3
956	2
957	4
958	1
959	2
960	2
961	2
962	3
963	4
964	5
965	2
966	2
967	1
968	2
969	1
970	4
971	6
972	1
973	5
974	3
975	0
976	4
977	4
978	5
979	0
980	3
981	3
982	1
983	2
984	2
985	2
986	1
987	2
988	5
989	0
990	3
991	2
992	3
993	5
994	4
995	1
996	5
997	1
998	5
999	5
1000	2
1001	3
1002	3
1003	6
1004	4
1005	3
1006	5
1007	1
1008	1
1009	2
1010	3
1011	1
1012	1
1013	1
1014	3
1015	2
1016	2
1017	2
1018	3
1019	1
1020	7
1021	4
1022	4
1023	4
1024	0
1025	0
1026	1
1027	4
1028	4
1029	3
1030	1
1031	9
1032	1
1033	1
1034	4
1035	2
1036	4
1037	1
1038	3
1039	3
1040	1
1041	3
1042	1
1043	2
1044	2
1045	5
1046	5
1047	4
1048	4
1049	4
1050	1
1051	2
1052	1
1053	2
1054	1
1055	4
1056	3
1057	0
1058	2
1059	2
1060	1
1061	2
1062	2
1063	2
1064	0
1065	4
1066	2
1067	4
1068	1
1069	6
1070	2
1071	7
1072	2
1073	5
1074	2
1075	3
1076	2
1077	1
1078	5
1079	5
1080	3
1081	1
1082	3
1083	4
1084	2
1085	3
1086	1
1087	2
1088	2
1089	1
1090	2
1091	1
1092	4
1093	2
1094	4
1095	3
1096	3
1097	4
1098	1
1099	4
1100	1
1101	1
1102	4
1103	1
1104	5
1105	3
1106	5
1107	0
1108	3
1109	1
1110	7
1111	2
1112	4
1113	3
1114	2
1115	2
1116	1
1117	2
1118	3
1119	2
1120	2
1121	0
1122	1
1123	6
1124	2
1125	2
1126	3
1127	2
1128	2
1129	2
1130	1
1131	3
1132	3
1133	2
1134	2
1135	1
1136	3
1137	3
1138	2
1139	1
1140	2
1141	2
1142	5
1143	2
1144	5
1145	3
1146	1
1147	3
1148	2
1149	4
1150	7
1151	2
1152	2
1153	5
1154	4
1155	4
1156	2
1157	5
1158	0
1159	2
1160	2
1161	1
1162	1
1163	3
1164	3
1165	1
1166	3
1167	4
1168	3
1169	3
1170	4
1171	4
1172	4
1173	3
1174	3
1175	3
1176	3
1177	1
1178	3
1179	3
1180	3
1181	3
1182	2
1183	2
1184	3
1185	2
1186	0
1187	2
1188	4
1189	2
1190	7
1191	2
1192	4
1193	1
1194	3
1195	4
1196	3
1197	3
1198	5
1199	4
1200	3
1201	7
1202	1
1203	3
1204	0
1205	1
1206	1
1207	5
1208	1
1209	1
1210	2
1211	3
1212	5
1213	2
1214	2
1215	3
1216	2
1217	1
1218	3
1219	2
1220	1
1221	6
1222	2
1223	5
1224	2
1225	1
1226	4
1227	5
1228	4
1229	3
1230	2
1231	6
1232	1
1233	3
1234	2
1235	5
1236	4
1237	2
1238	7
1239	6
1240	3
1241	3
1242	3
1243	3
1244	6
1245	3
1246	2
1247	1
1248	7
1249	4
1250	7
1251	5
1252	5
1253	2
1254	5
1255	2
1256	2
1257	6
1258	1
1259	5
1260	3
1261	5
1262	3
1263	2
1264	4
1265	6
1266	3
1267	2
1268	9
1269	6
1270	2
1271	7
1272	2
1273	9
1274	9
1275	8
1276	8
1277	8
1278	8
1279	4
1280	2
1281	8
1282	5
1283	2
1284	3
1285	11
1286	4
1287	5
1288	5
1289	9
1290	13
1291	7
1292	5
1293	4
1294	2
1295	7
1296	12
1297	8
1298	7
1299	8
1300	6
1301	8
1302	5
1303	5
1304	4
1305	9
1306	5
1307	9
1308	2
1309	6
1310	7
1311	10
1312	10
1313	3
1314	6
1315	6
1316	8
1317	4
1318	5
1319	8
1320	0
1321	10
1322	10
1323	8
1324	8
1325	10
1326	3
1327	6
1328	9
1329	7
1330	8
1331	10
1332	4
1333	5
1334	3
1335	15
1336	8
1337	9
1338	8
1339	2
1340	8
1341	8
1342	10
1343	6
1344	8
1345	8
1346	4
1347	6
1348	5
1349	6
1350	2
1351	5
1352	7
1353	7
1354	7
1355	5
1356	5
1357	9
1358	7
1359	6
1360	7
1361	7
1362	5
1363	2
1364	6
1365	6
1366	8
1367	9
1368	4
1369	9
1370	8
1371	5
1372	9
1373	6
1374	6
1375	3
1376	8
1377	5
1378	7
1379	4
1380	4
1381	7
1382	7
1383	4
1384	3
1385	6
1386	1
1387	5
1388	5
1389	8
1390	9
1391	6
1392	10
1393	3
1394	9
1395	7
1396	3
1397	4
1398	6
1399	8
1400	5
1401	6
1402	5
1403	8
1404	11
1405	6
1406	7
1407	11
1408	10
1409	9
1410	7
1411	8
1412	9
1413	16
1414	14
1415	9
1416	12
1417	11
1418	9
1419	15
1420	12
1421	5
1422	10
1423	6
1424	16
1425	7
1426	9
1427	11
1428	16
1429	12
1430	9
1431	9
1432	7
1433	16
1434	13
1435	11
1436	11
1437	17
1438	22
1439	15
1440	16
1441	26
1442	18
1443	22
1444	27
1445	18
1446	22
1447	32
1448	30
1449	19
1450	22
1451	26
1452	30
1453	49
1454	35
1455	36
1456	24
1457	32
1458	39
1459	41
1460	40
1461	40
1462	46
1463	38
1464	43
1465	49
1466	56
1467	62
1468	61
1469	53
1470	70
1471	57
1472	59
1473	64
1474	71
1475	78
1476	79
1477	66
1478	75
1479	94
1480	81
1481	70
1482	97
1483	78
1484	99
1485	105
1486	83
1487	101
1488	119
1489	113
1490	105
1491	106
1492	138
1493	127
1494	124
1495	130
1496	143
1497	149
1498	157
1499	158
1500	163
1501	169
1502	152
1503	202
1504	191
1505	217
1506	195
1507	208
1508	208
1509	223
1510	226
1511	254
1512	242
1513	218
1514	248
1515	229
1516	274
1517	264
1518	292
1519	274
1520	281
1521	294
1522	307
1523	314
1524	305
1525	323
1526	341
1527	325
1528	340
1529	341
1530	387
1531	356
1532	422
1533	370
1534	412
1535	373
1536	400
1537	376
1538	410
1539	411
1540	384
1541	460
1542	409
1543	478
1544	415
1545	425
1546	470
1547	445
1548	469
1549	468
1550	448
1551	472
1552	465
1553	505
1554	463
1555	454
1556	464
1557	487
1558	513
1559	465
1560	471
1561	495
1562	472
1563	520
1564	509
1565	464
1566	484
1567	500
1568	518
1569	505
1570	492
1571	489
1572	448
1573	460
1574	491
1575	457
1576	462
1577	441
1578	453
1579	501
1580	484
1581	426
1582	445
1583	431
1584	425
1585	406
1586	456
1587	366
1588	408
1589	378
1590	380
1591	368
1592	404
1593	377
1594	368
1595	400
1596	347
1597	364
1598	359
1599	373
1600	335
1601	317
1602	276
1603	313
1604	279
1605	276
1606	293
1607	279
1608	246
1609	268
1610	248
1611	217
1612	258
1613	218
1614	239
1615	209
1616	203
1617	199
1618	163
1619	205
1620	213
1621	175
1622	177
1623	158
1624	151
1625	178
1626	136
1627	135
1628	125
1629	121
1630	144
1631	121
1632	122
1633	118
1634	106
1635	98
1636	102
1637	96
1638	114
1639	96
1640	70
1641	80
1642	90
1643	70
1644	77
1645	83
1646	45
1647	58
1648	60
1649	60
1650	56
1651	58
1652	57
1653	44
1654	40
1655	37
1656	43
1657	48
1658	32
1659	30
1660	29
1661	28
1662	20
1663	29
1664	28
1665	20
1666	20
1667	24
1668	23
1669	20
1670	11
1671	10
1672	15
1673	14
1674	12
1675	11
1676	12
1677	15
1678	10
1679	10
1680	6
1681	9
1682	14
1683	8
1684	8
1685	3
1686	7
1687	2
1688	6
1689	6
1690	7
1691	5
1692	6
1693	5
1694	2
1695	2
1696	2
1697	3
1698	2
1699	0
1700	2
1701	5
1702	2
1703	0
1704	1
1705	1
1706	0
1707	0
1708	2
1709	2
1710	0
1711	1
1712	0
1713	1
1714	1
1715	0
1716	0
1717	0
1718	0
1719	0
1720	0
1721	0
1722	0
1723	0
1724	0
1725	0
1726	0
1727	0
1728	0
1729	0
1730	0
1731	0
1732	0
1733	0
1734	0
1735	0
1736	0
1737	0
1738	0
1739	0
1740	0
1741	0
1742	0
1743	0
1744	0
1745	0
1746	0
1747	0
1748	0
1749	0
1750	0
1751	0
1752	0
1753	0
1754	0
1755	0
1756	0
1757	0
1758	0
1759	0
1760	0
1761	0
1762	0
1763	0
1764	0
1765	0
1766	0
1767	0
1768	0
1769	0
1770	0
1771	0
1772	0
1773	0
1774	0
1775	0
1776	0
1777	0
1778	0
1779	0
1780	0
1781	0
1782	0
1783	0
1784	0
1785	0
1786	0
1787	0
1788	0
1789	0
1790	0
1791	0
1792	0
1793	0
1794	0
1795	0
1796	0
1797	0
1798	0
1799	0
1800	0
1801	0
1802	0
1803	0
1804	0
1805	0
1806	0
1807	0
1808	0
1809	0
1810	0
1811	1
1812	0
1813	1
1814	0
1815	0
1816	0
1817	0
1818	0
1819	0
1820	0
1821	0
1822	0
1823	0
1824	0
1825	0
1826	0
1827	0
1828	0
1829	0
1830	0
1831	0
1832	0
1833	0
1834	0
1835	0
1836	1
1837	0
1838	0
1839	0
1840	0
1841	0
1842	0
1843	0
1844	0
1845	0
1846	0
1847	0
1848	0
1849	0
1850	0
1851	1
1852	0
1853	0
1854	0
1855	0
1856	0
1857	0
1858	0
1859	0
1860	0
1861	0
1862	0
1863	0
1864	0
1865	0
1866	0
1867	0
1868	0
1869	0
1870	0
1871	0
1872	0
1873	0
1874	0
1875	0
1876	0
1877	0
1878	0
1879	0
1880	0
1881	0
1882	0
1883	0
1884	0
1885	0
1886	1
1887	0
1888	0
1889	0
1890	0
1891	0
1892	0
1893	0
1894	0
1895	0
1896	0
1897	0
1898	0
1899	0
1900	0
1901	0
1902	0
1903	0
1904	0
1905	0
1906	0
1907	1
1908	0
1909	0
1910	0
1911	0
1912	0
1913	0
1914	0
1915	0
1916	0
1917	0
1918	0
1919	0
1920	0
1921	0
1922	0
1923	0
1924	0
1925	0
1926	0
1927	0
1928	0
1929	0
1930	0
1931	0
1932	0
1933	0
1934	0
1935	0
1936	0
1937	0
1938	0
1939	0
1940	0
1941	0
1942	0
1943	0
1944	0
1945	0
1946	0
1947	0
1948	0
1949	0
1950	0
1951	0
1952	0
1953	0
1954	0
1955	0
1956	0
1957	0
1958	0
1959	0
1960	0
1961	0
1962	0
1963	0
1964	0
1965	0
1966	0
1967	0
1968	0
1969	0
1970	0
1971	0
1972	0
1973	0
1974	0
1975	0
1976	0
1977	0
1978	0
1979	0
1980	0
1981	0
1982	0
1983	0
1984	0
1985	0
1986	0
1987	0
1988	0
1989	0
1990	0
1991	0
1992	0
1993	0
1994	0
1995	0
1996	0
1997	0
1998	0
1999	0
2000	0
2001	0
2002	0
2003	0
2004	0
2005	0
2006	0
2007	1
2008	0
2009	0
2010	0
2011	0
2012	0
2013	0
2014	0
2015	0
2016	0
2017	0
2018	0
2019	0
2020	0
2021	0
2022	0
2023	0
2024	0
2025	0
2026	0
2027	0
2028	0
2029	0
2030	0
2031	0
2032	0
2033	0
2034	0
2035	0
2036	0
2037	0
2038	0
2039	0
2040	0
2041	0
2042	0
2043	0
2044	0
2045	0
2046	0
2047	0
