$SPEC_ID:
No sample description was entered.
$SPEC_REM:
DET# 1
DETDESC# 
AP# Maestro Version 6.08
$DATE_MEA:
09/19/2017 10:06:36
$MEAS_TIM:
120 120
$DATA:
0 2047
       0
       0
       0
       0
       0
       0
       0
       0
       0
       0
       0
       0
       0
       0
       0
       0
       0
       0
       0
       0
       0
       0
       0
       0
       0
       0
       0
       0
       0
       0
       0
       0
       0
       0
       0
       0
       0
       0
       0
       0
       0
       0
       0
       0
       0
       0
       0
       0
       0
       0
       0
       0
       0
       0
       0
       0
       0
       0
       0
       0
       0
       0
       0
       0
       0
       0
       0
       0
       0
       0
       0
       0
       0
       0
       0
       0
       0
       0
       0
       0
       0
       0
       0
       0
       0
       0
       0
       0
       0
       0
       0
       0
       0
       0
       0
       0
       0
       0
       0
       0
       0
       0
       0
       0
       0
       0
       0
       0
       0
       0
       0
       0
       0
       0
       0
       0
       0
       0
       0
       0
       0
       0
       0
       0
       0
       0
       0
       0
       0
       0
       0
       0
       0
       0
       0
       0
       0
       0
       0
       0
       0
       0
       0
       0
       0
       0
       0
       0
       0
       0
       0
       0
       0
       0
       0
       0
       0
       0
       0
       0
       0
       0
       0
       0
       0
       0
       0
       0
       0
       0
       0
       0
       0
       0
       0
       0
       0
       0
       0
       0
       0
       0
       0
       0
       0
       0
       0
       0
       0
       0
       0
       0
       0
       0
       0
       0
       0
       0
       3
       1
       2
       2
       1
       1
       0
       1
       2
       1
       2
       2
       1
       2
       0
       2
       3
       3
       1
       1
       4
       1
       2
       2
       1
       3
       1
       4
       2
       5
       2
       4
       0
       2
       0
       4
       0
       2
       2
       4
       2
       4
       1
       0
       1
       1
       1
       4
       1
       5
       1
       3
       0
       0
       1
       2
       1
       0
       3
       3
       2
       3
       5
       2
       2
       1
       1
       0
       1
       1
       2
       5
       0
       1
       2
       0
       2
       0
       2
       0
       0
       3
       3
       2
       3
       4
       2
       2
       1
       2
       5
       4
       2
       0
       1
       3
       3
       4
       1
       2
       1
       0
       1
       2
       4
       2
       2
       3
       0
       3
       2
       5
       3
       4
       1
       2
       0
       2
       1
       2
       2
       0
       0
       1
       0
       2
       2
       2
       2
       1
       5
       1
       1
       0
       0
       1
       3
       2
       3
       1
       1
       4
       2
       0
       1
       1
       2
       5
       2
       0
       3
       0
       0
       1
       2
       1
       1
       0
       1
       2
       2
       3
       3
       2
       1
       2
       2
       5
       1
       1
       1
       0
       3
       0
       1
       3
       0
       3
       1
       1
       2
       1
       3
       1
       3
       3
       4
       3
       4
       1
       1
       1
       1
       0
       0
       2
       2
       3
       3
       6
       2
       3
       0
       3
       1
       5
       1
       1
       3
       5
       4
       2
       2
       1
       0
       1
       3
       3
       7
       1
       0
       0
       0
       0
       4
       1
       1
       3
       1
       2
       1
       2
       3
       1
       1
       0
       2
       0
       4
       2
       0
       1
       3
       4
       0
       1
       0
       0
       3
       2
       2
       4
       1
       1
       1
       0
       4
       1
       4
       1
       6
       2
       2
       0
       3
       1
       1
       3
       2
       2
       0
       3
       1
       2
       2
       3
       2
       2
       5
       3
       1
       2
       0
       4
       1
       3
       2
       0
       1
       3
       1
       2
       1
       1
       2
       1
       4
       1
       2
       2
       2
       1
       4
       3
       5
       2
       0
       3
       1
       1
       0
       4
       0
       1
       3
       2
       1
       1
       1
       5
       3
       2
       0
       5
       4
       3
       2
       2
       0
       3
       3
       0
       2
       1
       2
       0
       2
       4
       1
       0
       1
       2
       3
       0
       4
       2
       2
       3
       4
       3
       3
       1
       4
       5
       1
       5
       3
       1
       2
       2
       3
       1
       2
       1
       1
       2
       2
       3
       1
       6
       5
       3
       0
       3
       5
       5
       3
       1
       1
       4
       4
       6
       3
       3
       5
       1
       0
       2
       1
       2
       4
       1
       3
       1
       2
       4
       2
       0
       7
       3
       2
       2
       3
       1
       3
       2
       3
       2
       3
       4
       4
       0
       5
       0
       5
       2
       2
       1
       4
       1
       2
       2
       2
       4
       5
       3
       4
       4
       1
       1
       2
       0
       3
       1
       1
       0
       5
       3
       5
       0
       1
       2
       3
       4
       1
       2
       4
       1
       4
       6
       1
       1
       1
       4
       3
       2
       4
       4
       3
       2
       3
       1
       2
       1
       3
       2
       4
       2
       4
       2
       1
       1
       3
       1
       0
       3
       1
       2
       2
       2
       4
       1
       3
       1
       2
       1
       4
       3
       2
       2
       2
       2
       3
       2
       4
       1
       4
       2
       6
       5
       1
       0
       0
       2
       3
       1
       3
       1
       1
       1
       5
       1
       3
       3
       1
       3
       8
       2
       2
       3
       3
       4
       2
       1
       1
       4
       4
       4
       1
       7
       2
       3
       5
       8
       5
       2
       1
       0
       2
       3
       5
       3
       1
       4
       0
       4
       2
       2
       2
       4
       2
       4
       4
       2
       3
       3
       0
       1
       5
       4
       2
       7
       1
       5
       7
       2
       3
       2
       3
       3
       0
       3
       5
       5
       3
       2
       4
       4
       2
       0
       4
       6
       3
       4
       1
       4
       1
       4
       4
       2
       4
       2
       3
       3
       1
       0
       4
       6
       4
       1
       0
       4
       3
       5
       1
       5
       4
       3
       1
       4
       4
       3
       3
       3
       0
       2
       2
       3
       3
       2
       0
       3
       0
       2
       3
       2
       3
       4
       3
       2
       5
       2
       3
       3
       3
       3
       2
       4
       1
       4
       3
       5
       0
       1
       4
       2
       1
       2
       4
       4
       4
       2
       3
       4
       3
       3
       0
       3
       4
       2
       5
       1
       4
       3
       0
       5
       5
       8
       2
       1
       6
       3
       2
       0
       2
       2
       2
       2
       5
       3
       0
       4
       5
       1
       5
       3
       0
       3
       1
       1
       5
       2
       3
       3
       2
       5
       6
       1
       3
       2
       5
       2
       1
       1
       3
       3
       5
       3
       3
       7
       2
       2
       3
       5
       2
       0
       5
       1
       2
       1
       1
       0
       2
       2
       5
       3
       1
       2
       1
       1
       0
       4
       3
       0
       3
       3
       1
       2
       3
       3
       4
       4
       5
       3
       2
       3
       5
       2
       3
       3
       2
       5
       4
       2
       5
       2
       3
       3
       4
       1
       4
       2
       2
       7
       3
       1
       4
       5
       2
       6
       2
       4
       2
       1
       3
       6
       1
       2
       3
       2
       0
       1
       4
       3
       0
       1
       5
       5
       5
       1
       0
       5
       3
       5
       0
       4
       3
       2
       1
       2
       2
       2
       3
       3
       5
       4
       3
       2
       1
       1
       2
       1
       1
       3
       2
       2
       2
       3
       2
       3
       1
       4
       4
       1
       1
       1
       3
       3
       1
       1
       2
       1
       4
       2
       2
       0
       1
       2
       1
       4
       1
       4
       3
       3
       1
       3
       5
       0
       1
       2
       5
       4
       0
       4
       1
       3
       3
       3
       1
       2
       4
       2
       7
       2
       3
       4
       4
       3
       2
       6
       4
       5
       5
       3
       2
       0
       5
       1
       3
       4
       6
       1
       2
       2
       2
       2
       1
       1
       1
       3
       2
       5
       1
       3
       4
       3
       6
       2
       2
       4
       1
       3
       3
       4
       3
       5
       4
       4
       3
       2
       2
       4
       2
       3
       0
       3
       2
       2
       3
       2
       2
       3
       3
       2
       5
       3
       3
       2
       7
       1
       2
       3
       4
       3
       3
       1
       2
       1
       8
       2
       2
       5
       3
       6
       2
       1
       1
       0
       2
       1
       1
       4
       2
       2
       2
       3
       1
       2
       4
       5
       5
       3
       3
       4
       1
       4
       3
       2
       5
       2
       3
       2
       2
       3
       2
       6
       6
       0
       3
       3
       4
       1
       1
       2
       3
       2
       0
       4
       3
       3
       1
       2
       5
       1
       0
       2
       4
       4
       4
       3
       3
       1
       6
       6
       1
       7
       2
       2
       4
       3
       4
       3
       2
       5
       1
       3
       1
       2
       4
       5
       5
       8
       5
       3
       5
       2
       7
       3
       2
       3
       1
       3
       2
       3
       4
       3
       4
       7
       4
       6
       7
       2
       4
       6
       4
       1
       5
       6
       5
       3
       3
       6
       4
       5
       7
       5
       4
       3
       7
       6
       5
       3
       5
       8
       3
       4
       6
       2
       6
       2
       4
       5
       3
       7
       3
       3
       4
       9
       3
       5
      11
       3
       5
       3
       4
       9
      10
       6
       3
       5
       7
       8
       6
       6
       5
       6
       7
       0
       4
       3
       8
       5
       7
       5
       7
       7
      10
       3
       2
       4
       9
      11
       3
       7
       5
       3
       4
       4
       8
       8
       4
       5
       6
      12
       4
       6
       5
       5
      10
       6
      10
       5
       9
       6
       8
       7
       8
       5
       8
       5
       8
      11
       6
       7
      12
       8
      10
       8
       4
       8
       5
       5
       5
       6
       4
      10
       6
       2
       6
       2
      10
       6
       3
       8
       6
       7
       9
      13
       4
       7
       7
       1
      11
       7
       2
       3
       5
       8
       8
       7
       3
       8
       6
       5
       5
       5
       5
       2
      11
       5
       3
       7
      11
       9
       6
       6
       8
       4
      12
       7
       9
       9
       3
      14
       5
       7
       5
       9
      13
      10
      13
       8
      10
      12
       8
       6
      12
      10
       4
       7
       7
       7
      10
      12
      14
      15
       8
      11
      13
      12
      12
      15
      16
      17
      20
      15
      15
      14
      20
      14
      25
      16
      19
      18
      14
      23
      22
      23
      22
      21
      25
      34
      33
      28
      33
      37
      14
      35
      30
      23
      38
      43
      35
      50
      43
      43
      46
      59
      56
      60
      54
      48
      53
      63
      61
      51
      74
      78
      62
      91
      64
      75
      86
      90
     102
     111
     107
      97
     106
     101
     119
     108
     136
     134
     109
     126
     145
     131
     148
     166
     166
     150
     178
     185
     184
     194
     195
     170
     199
     239
     217
     216
     250
     203
     232
     232
     262
     235
     268
     294
     265
     267
     291
     347
     297
     318
     331
     326
     335
     304
     341
     340
     361
     365
     386
     423
     342
     406
     419
     399
     403
     433
     425
     400
     436
     439
     451
     452
     509
     469
     479
     494
     503
     490
     447
     493
     490
     527
     487
     498
     497
     484
     501
     457
     489
     473
     516
     489
     502
     501
     503
     446
     475
     542
     437
     497
     483
     473
     474
     508
     437
     492
     453
     425
     443
     462
     441
     459
     414
     423
     375
     380
     376
     400
     365
     371
     329
     338
     339
     334
     336
     334
     352
     275
     306
     267
     270
     312
     287
     238
     277
     265
     230
     260
     247
     225
     207
     214
     198
     207
     185
     199
     172
     168
     161
     167
     165
     146
     138
     132
     129
     133
     137
     123
     120
     116
      99
     102
      98
     102
     102
      92
      85
     104
      92
      77
      80
      74
      85
      54
      56
      63
      68
      48
      49
      48
      44
      38
      48
      40
      24
      30
      29
      20
      19
      16
      14
      22
      15
      19
      22
      16
      20
      21
      15
      14
      16
       6
      12
      10
       4
       9
      10
       5
       6
      10
       5
       6
       4
       4
       2
       1
       3
       2
       2
       2
       5
       1
       2
       1
       2
       1
       1
       0
       1
       3
       0
       0
       0
       1
       1
       1
       0
       0
       2
       0
       1
       0
       0
       0
       0
       2
       0
       0
       0
       0
       1
       0
       0
       1
       0
       0
       0
       0
       0
       0
       0
       0
       0
       0
       0
       0
       0
       0
       0
       0
       1
       0
       0
       0
       0
       0
       0
       0
       0
       0
       0
       0
       0
       0
       0
       0
       0
       0
       0
       0
       0
       0
       0
       0
       0
       0
       0
       0
       0
       0
       0
       0
       0
       0
       0
       0
       0
       0
       0
       0
       0
       0
       0
       0
       0
       0
       0
       0
       0
       0
       0
       0
       0
       0
       0
       0
       0
       0
       0
       0
       1
       0
       0
       0
       0
       0
       0
       0
       0
       0
       0
       0
       0
       0
       0
       0
       0
       1
       0
       0
       0
       0
       0
       0
       0
       0
       0
       0
       0
       0
       0
       0
       0
       0
       0
       0
       0
       0
       0
       0
       0
       0
       0
       0
       0
       0
       0
       0
       0
       0
       0
       0
       0
       0
       0
       0
       0
       0
       0
       0
       0
       0
       0
       0
       0
       0
       0
       0
       0
       0
       0
       1
       0
       0
       0
       0
       0
       0
       0
       0
       0
       0
       0
       0
       0
       0
       0
       0
       0
       0
       0
       0
       0
       0
       0
       0
       0
       0
       0
       0
       0
       0
       0
       0
       0
       0
       0
       0
       0
       0
       0
       0
       0
       0
       0
       0
       0
       0
       0
       0
       0
       0
       0
       0
       0
       0
       0
       0
       0
       0
       0
       0
       0
       1
       0
       0
       0
       0
       0
       0
       0
       0
       0
       0
       0
       0
       0
       0
       0
       0
       0
       0
       0
       0
       0
       0
       0
       0
       0
       0
       0
       0
       0
       0
       0
       1
       0
       0
       0
       0
       0
       0
       0
       0
       0
       0
       1
       0
       0
       0
       0
       0
       0
       0
       0
       0
       0
       1
       0
       0
       0
       0
       0
       0
       1
       0
       0
       0
       1
       0
       0
       0
       0
       0
       0
       0
       0
       0
       0
       0
       0
       0
       0
       0
       0
       0
       0
       0
       0
       0
       0
       0
       0
       0
       0
       0
       0
       0
       0
       0
       0
       0
       0
       0
       0
       0
       0
       0
       0
       0
       0
       0
       0
       0
$ROI:
0
$PRESETS:
Live Time
120
0
$ENER_FIT:
0.000000 0.002526
$MCA_CAL:
3
0.000000E+000 2.525835E-003 0.000000E+000 keV
$SHAPE_CAL:
3
0.000000E+000 0.000000E+000 0.000000E+000
