$SPEC_ID:
No sample description was entered.
$SPEC_REM:
DET# 1
DETDESC# 
AP# Maestro Version 6.08
$DATE_MEA:
09/19/2017 10:02:35
$MEAS_TIM:
120 120
$DATA:
0 2047
       0
       0
       0
       0
       0
       0
       0
       0
       0
       0
       0
       0
       0
       0
       0
       0
       0
       0
       0
       0
       0
       0
       0
       0
       0
       0
       0
       0
       0
       0
       0
       0
       0
       0
       0
       0
       0
       0
       0
       0
       0
       0
       0
       0
       0
       0
       0
       0
       0
       0
       0
       0
       0
       0
       0
       0
       0
       0
       0
       0
       0
       0
       0
       0
       0
       0
       0
       0
       0
       0
       0
       0
       0
       0
       0
       0
       0
       0
       0
       0
       0
       0
       0
       0
       0
       0
       0
       0
       0
       0
       0
       0
       0
       0
       0
       0
       0
       0
       0
       0
       0
       0
       0
       0
       0
       0
       0
       0
       0
       0
       0
       0
       0
       0
       0
       0
       0
       0
       0
       0
       0
       0
       0
       0
       0
       0
       0
       0
       0
       0
       0
       0
       0
       0
       0
       0
       0
       0
       0
       0
       0
       0
       0
       0
       0
       0
       0
       0
       0
       0
       0
       0
       0
       0
       0
       0
       0
       0
       0
       0
       0
       0
       0
       0
       0
       0
       0
       0
       0
       0
       0
       0
       0
       0
       0
       0
       0
       0
       0
       0
       0
       0
       0
       0
       0
       0
       0
       0
       0
       0
       0
       0
       0
       0
       0
       0
       0
       0
       2
       4
       2
       2
       2
       0
       4
       6
       2
       1
       2
       1
       2
       1
       1
       1
       0
       1
       3
       2
       2
       1
       3
       1
       0
       1
       5
       0
       1
       1
       2
       0
       4
       3
       3
       3
       1
       3
       1
       3
       3
       3
       2
       0
       2
       1
       1
       1
       1
       2
       1
       3
       0
       0
       5
       2
       4
       1
       1
       4
       1
       1
       1
       3
       1
       3
       0
       1
       1
       0
       2
       1
       0
       2
       1
       0
       2
       1
       3
       1
       2
       2
       1
       4
       0
       3
       3
       3
       1
       2
       0
       3
       1
       0
       2
       1
       1
       1
       2
       2
       3
       1
       2
       0
       0
       1
       2
       0
       1
       2
       0
       0
       0
       1
       6
       2
       3
       1
       1
       3
       1
       3
       2
       3
       2
       1
       1
       1
       1
       3
       0
       2
       1
       1
       2
       0
       4
       1
       7
       3
       0
       2
       1
       2
       4
       2
       6
       2
       0
       2
       3
       2
       2
       4
       1
       1
       2
       2
       2
       1
       1
       1
       0
       2
       3
       0
       0
       2
       1
       4
       3
       0
       5
       2
       2
       2
       1
       0
       5
       1
       0
       1
       3
       2
       6
       2
       3
       2
       2
       1
       1
       1
       2
       3
       5
       3
       1
       3
       3
       1
       1
       1
       0
       0
       1
       0
       0
       1
       3
       1
       0
       4
       5
       2
       1
       0
       1
       1
       4
       2
       2
       2
       1
       4
       1
       3
       3
       2
       0
       2
       3
       3
       3
       2
       0
       1
       3
       1
       2
       1
       1
       5
       2
       1
       1
       2
       0
       1
       2
       1
       0
       0
       2
       0
       3
       1
       2
       1
       1
       0
       1
       6
       1
       4
       0
       1
       1
       2
       3
       1
       0
       2
       1
       4
       2
       1
       2
       4
       3
       1
       4
       4
       6
       5
       2
       3
       5
       1
       1
       2
       1
       0
       3
       2
       1
       2
       0
       1
       3
       2
       0
       4
       1
       6
       0
       0
       1
       2
       2
       1
       0
       2
       1
       1
       6
       1
       3
       4
       1
       0
       1
       1
       3
       4
       2
       1
       1
       0
       2
       1
       1
       1
       1
       1
       3
       1
       2
       1
       3
       2
       3
       2
       4
       5
       7
       4
       3
       4
       2
       3
       1
       3
       3
       3
       2
       0
       4
       4
       6
       7
       2
       1
       2
       3
       2
       0
       1
       2
       0
       0
       3
       4
       2
       1
       0
       0
       2
       0
       2
       2
       5
       2
       1
       2
       2
       1
       1
       2
       0
       3
       4
       1
       3
       3
       1
       5
       5
       5
       0
       1
       4
       2
       2
       3
       4
       0
       3
       1
       2
       0
       2
       0
       0
       6
       1
       2
       0
       0
       5
       3
       2
       1
       3
       0
       2
       5
       0
       2
       1
       1
       1
       1
       0
       6
       0
       0
       6
       0
       1
       2
       1
       2
       2
       3
       1
       2
       1
       3
       4
       1
       4
       2
       0
       0
       5
       1
       0
       4
       3
       1
       4
       0
       2
       1
       1
       1
       2
       2
       3
       0
       2
       1
       1
       4
       2
       0
       1
       3
       5
       1
       3
       1
       2
       0
       4
       3
       1
       6
       7
       2
       2
       0
       5
       2
       4
       2
       5
       1
       2
       0
       5
       1
       2
       4
       0
       9
       5
       2
       1
       2
       1
       2
       3
       2
       2
       5
       2
       2
       2
       2
       6
       2
       2
       1
       1
       0
       1
       2
       4
       4
       3
       3
       5
       1
       2
       4
       5
       0
       2
       3
       1
       3
       0
       2
       2
       3
       2
       1
       3
       3
       2
       2
       4
       5
       5
       0
       1
       2
       1
       2
       2
       6
       9
       3
       2
       2
       2
       1
       6
       4
       2
       6
       5
       1
       3
       6
       1
       1
       4
       1
       7
       6
       2
       2
       3
       5
       4
       4
       2
       3
       1
       6
       2
       2
       1
       1
       3
       2
       3
       4
       4
       0
       1
       2
       3
       4
       2
       2
       2
       5
       4
       1
       2
       0
       4
       1
       3
       3
       4
       2
       2
       6
       1
       2
       1
       0
       1
       2
       3
       2
       2
       5
       0
       3
       3
       4
       2
       3
       4
       5
       4
       8
       4
       4
       2
       2
       4
       2
       1
       1
       1
       6
       3
       3
       2
       2
       4
       2
       4
       4
       2
       5
       2
       2
       4
       2
       3
       5
       0
       7
       3
       3
       3
       2
       2
       3
       2
       1
       3
       2
       1
       3
       3
       2
       4
       1
       4
       4
       5
       5
       2
       2
       5
       2
       0
       3
       3
       1
       2
       1
       2
       3
       2
       4
       1
       4
       3
       2
       2
       4
       4
       3
       4
       3
       1
       6
       2
       5
       1
       4
       5
       6
       2
       3
       3
       1
       3
       2
       5
       3
       5
       3
       2
       4
       4
       6
       3
       3
       2
       4
       2
       2
       6
       4
       1
       0
       5
       1
       3
       1
       3
       1
       2
       6
       2
       1
       2
       5
       1
       0
       3
       5
       5
       2
       1
       5
       5
       3
       2
       1
       3
       0
       0
       4
       3
       2
       4
       3
       2
       5
       1
       4
       3
       1
       1
       2
       3
       5
       4
       3
       4
       5
       4
       0
       3
       3
       4
       1
       3
       4
       4
       2
       4
       3
       2
       6
       2
       2
       5
       1
       5
       0
       1
       3
       1
       6
       1
       8
       5
       3
       4
       1
       1
       2
       1
       7
       1
       1
       3
       2
       2
       2
       1
       1
       1
       0
       4
       2
       4
       4
       3
       2
       4
       4
       3
       5
       5
       3
       6
       3
       4
       1
       7
       3
       3
       2
       7
       6
       2
       5
       3
       1
       1
       2
       5
       4
       1
       2
       1
       1
       3
       1
       4
       1
       3
       2
       5
       4
       2
       4
       4
       2
       5
       4
       2
       4
       2
       1
       1
       2
       1
       0
       5
       3
       3
       3
       3
       3
       5
       1
       2
       4
       1
       1
       4
       5
       4
       4
       3
       4
       7
       3
       5
       2
       6
       2
       3
       4
       5
       1
       2
       4
       3
       1
       3
       4
       3
       1
       4
       1
       4
       2
       1
       5
       1
       2
       4
       3
       4
       4
       6
       0
       4
       5
       2
       4
       8
       3
       2
       6
       4
       3
       2
       2
       3
       0
       3
       2
       2
       6
       2
       4
       4
       2
       3
       5
       3
       2
       4
       2
       2
       1
       1
       1
       1
       2
       2
       5
       6
       5
       6
       2
       1
       2
       2
       0
       3
       1
       3
       3
       4
       1
       2
       6
       4
       2
       6
       4
       3
       8
       2
       2
       4
       6
       0
       2
       1
       2
       5
       4
       6
       5
       3
       5
       4
       3
       5
       7
       5
       3
       2
       3
       1
       3
       3
       3
       3
       5
       0
       5
       2
       3
       9
       6
       2
       4
       3
       1
       3
       4
       5
       1
       3
       1
       1
       3
       6
       6
       5
       5
       1
       4
       3
       4
       6
       5
       3
       7
       2
       3
       5
       4
       4
       8
       3
       2
       6
       6
       6
       4
       2
       6
       7
       5
       5
      11
       5
       4
       1
       6
       8
       2
       4
       5
       5
       6
       6
       8
       4
       9
       6
       7
       7
       5
       9
       7
       4
       7
       3
      11
       5
       4
       8
       3
       9
       6
       9
       8
       6
       3
       7
      10
       6
      10
       5
       8
       6
       5
       6
       8
      10
      15
      11
       9
      10
       3
       8
       6
       7
       6
      10
       8
       4
       3
       4
       8
       8
       5
       7
       8
       6
       2
       4
       7
       8
       3
       5
       7
       3
       6
       8
       7
       8
       7
       7
       7
       5
       2
       9
       7
       4
       6
       3
       4
       4
       3
       8
      10
       8
       5
       9
       8
       9
       7
      10
       5
       3
       5
      10
       7
       7
       8
       6
       6
       3
       5
       5
      11
       6
       6
       5
       6
       5
       6
      10
       9
      13
      10
       9
       3
       4
       7
       7
       9
       7
       8
       5
       4
       3
       5
       6
       7
      13
       7
       6
      10
      13
       6
       8
       8
      12
       8
       7
      10
       8
      10
      12
      11
      21
      12
      17
      13
      13
       9
      11
      18
       9
      15
      10
      22
      17
      19
      18
      23
      19
      26
      21
      19
      34
      20
      26
      20
      25
      27
      40
      27
      20
      37
      36
      26
      45
      31
      39
      47
      27
      36
      56
      50
      58
      64
      55
      58
      59
      55
      56
      64
      74
      50
      75
      76
      85
      69
      75
     101
     114
      89
     104
      82
     110
     127
     118
     104
     111
     127
     134
     137
     137
     142
     141
     148
     163
     143
     184
     195
     184
     192
     218
     187
     201
     226
     196
     222
     194
     234
     239
     272
     223
     270
     279
     281
     280
     276
     275
     281
     312
     322
     300
     321
     366
     319
     339
     366
     388
     382
     380
     397
     381
     376
     428
     397
     440
     382
     382
     451
     465
     466
     500
     457
     455
     477
     443
     455
     418
     479
     496
     476
     473
     475
     501
     479
     466
     519
     436
     510
     493
     517
     463
     507
     510
     486
     516
     493
     494
     483
     517
     461
     469
     442
     436
     473
     483
     462
     444
     439
     454
     406
     404
     431
     381
     383
     397
     361
     416
     376
     402
     378
     358
     349
     297
     375
     331
     314
     294
     310
     291
     286
     271
     269
     261
     285
     277
     256
     271
     241
     253
     204
     252
     231
     223
     192
     232
     189
     187
     173
     159
     154
     158
     129
     154
     156
     136
     117
     115
     134
     105
     109
     110
     109
     106
     103
      98
      84
      90
      86
      78
     100
      70
      74
      71
      68
      46
      55
      58
      38
      35
      64
      38
      35
      29
      45
      52
      38
      28
      31
      19
      24
      22
      30
      27
      19
      15
      18
      24
      23
      19
      14
      10
      13
      13
      13
      15
      11
       4
       8
      15
       6
       8
       6
       6
       3
       5
       4
       1
       5
       4
       1
       3
       3
       2
       3
       2
       5
       2
       3
       1
       1
       0
       0
       1
       0
       0
       0
       1
       0
       0
       1
       0
       2
       0
       1
       0
       0
       0
       0
       0
       0
       0
       0
       0
       0
       0
       0
       0
       0
       0
       0
       0
       0
       0
       0
       0
       0
       0
       0
       0
       0
       1
       0
       0
       0
       0
       0
       0
       0
       0
       0
       0
       0
       0
       1
       0
       0
       0
       0
       0
       0
       0
       0
       0
       0
       0
       0
       0
       0
       0
       0
       0
       0
       0
       0
       0
       0
       0
       0
       1
       0
       0
       0
       0
       0
       0
       0
       0
       0
       0
       0
       0
       0
       0
       0
       0
       0
       0
       0
       0
       0
       0
       0
       0
       0
       0
       0
       0
       0
       0
       0
       0
       0
       0
       0
       0
       0
       0
       0
       0
       0
       0
       0
       0
       1
       0
       0
       0
       0
       0
       0
       0
       0
       0
       0
       0
       0
       0
       0
       0
       0
       0
       0
       0
       0
       0
       0
       0
       0
       0
       0
       0
       0
       0
       0
       0
       0
       0
       0
       0
       0
       0
       0
       0
       0
       1
       0
       0
       0
       0
       0
       0
       0
       0
       0
       0
       0
       0
       0
       0
       0
       0
       0
       0
       0
       0
       0
       0
       0
       0
       0
       0
       1
       0
       0
       0
       0
       0
       0
       0
       0
       0
       0
       0
       0
       0
       0
       0
       0
       0
       0
       0
       0
       0
       0
       0
       0
       0
       0
       0
       0
       0
       0
       0
       0
       0
       0
       0
       0
       0
       0
       0
       0
       0
       0
       0
       0
       0
       0
       0
       0
       0
       0
       0
       0
       0
       0
       0
       0
       0
       0
       0
       0
       0
       0
       0
       0
       0
       0
       0
       0
       0
       0
       0
       0
       0
       0
       0
       0
       0
       0
       0
       0
       0
       0
       0
       0
       0
       0
       0
       0
       0
       0
       0
       0
       0
       0
       0
       0
       0
       0
       0
       0
       0
       0
       0
       0
       0
       0
       0
       0
       1
       0
       0
       0
       0
       0
       0
       0
       0
       0
       0
       1
       0
       0
       0
       0
       0
       0
       0
       0
       0
       0
       0
       0
       0
       0
       0
       0
       0
       0
       0
       0
       0
       0
       0
       0
       0
       0
       0
       0
       0
       0
       0
       0
$ROI:
0
$PRESETS:
Live Time
120
0
$ENER_FIT:
0.000000 0.002526
$MCA_CAL:
3
0.000000E+000 2.525835E-003 0.000000E+000 keV
$SHAPE_CAL:
3
0.000000E+000 0.000000E+000 0.000000E+000
