$SPEC_ID:
No sample description was entered.
$SPEC_REM:
DET# 1
DETDESC# 
AP# Maestro Version 6.08
$DATE_MEA:
09/19/2017 09:58:33
$MEAS_TIM:
120 120
$DATA:
0 2047
       0
       0
       0
       0
       0
       0
       0
       0
       0
       0
       0
       0
       0
       0
       0
       0
       0
       0
       0
       0
       0
       0
       0
       0
       0
       0
       0
       0
       0
       0
       0
       0
       0
       0
       0
       0
       0
       0
       0
       0
       0
       0
       0
       0
       0
       0
       0
       0
       0
       0
       0
       0
       0
       0
       0
       0
       0
       0
       0
       0
       0
       0
       0
       0
       0
       0
       0
       0
       0
       0
       0
       0
       0
       0
       0
       0
       0
       0
       0
       0
       0
       0
       0
       0
       0
       0
       0
       0
       0
       0
       0
       0
       0
       0
       0
       0
       0
       0
       0
       0
       0
       0
       0
       0
       0
       0
       0
       0
       0
       0
       0
       0
       0
       0
       0
       0
       0
       0
       0
       0
       0
       0
       0
       0
       0
       0
       0
       0
       0
       0
       0
       0
       0
       0
       0
       0
       0
       0
       0
       0
       0
       0
       0
       0
       0
       0
       0
       0
       0
       0
       0
       0
       0
       0
       0
       0
       0
       0
       0
       0
       0
       0
       0
       0
       0
       0
       0
       0
       0
       0
       0
       0
       0
       0
       0
       0
       0
       0
       0
       0
       0
       0
       0
       0
       0
       0
       0
       0
       0
       0
       0
       0
       0
       0
       0
       0
       0
       0
       3
       2
       3
       2
       0
       2
       3
       2
       0
       1
       3
       1
       0
       2
       2
       1
       2
       3
       0
       0
       0
       2
       0
       0
       3
       4
       4
       0
       1
       1
       3
       2
       0
       0
       1
       2
       3
       1
       1
       0
       2
       3
       5
       2
       2
       3
       0
       2
       0
       0
       2
       2
       3
       0
       3
       0
       1
       1
       2
       1
       3
       1
       1
       1
       2
       4
       2
       2
       2
       2
       1
       0
       2
       1
       3
       1
       0
       4
       4
       0
       1
       4
       2
       2
       1
       0
       0
       1
       0
       0
       3
       3
       2
       4
       2
       5
       2
       0
       0
       3
       0
       0
       1
       0
       0
       2
       2
       3
       2
       1
       0
       2
       1
       1
       1
       0
       2
       1
       3
       2
       2
       2
       1
       2
       1
       2
       0
       5
       1
       2
       4
       4
       3
       2
       2
       3
       1
       1
       1
       7
       1
       2
       1
       3
       1
       0
       0
       3
       1
       7
       2
       1
       3
       3
       3
       3
       4
       1
       2
       0
       3
       3
       1
       2
       1
       0
       2
       4
       1
       3
       1
       1
       0
       2
       1
       2
       1
       1
       1
       3
       1
       2
       1
       1
       5
       1
       0
       2
       4
       2
       2
       1
       1
       3
       0
       5
       4
       1
       5
       2
       1
       3
       2
       2
       0
       1
       2
       4
       2
       2
       1
       3
       2
       1
       2
       0
       1
       2
       2
       0
       1
       1
       1
       1
       3
       1
       2
       3
       0
       1
       1
       1
       3
       0
       0
       0
       3
       2
       4
       3
       4
       3
       3
       4
       1
       3
       3
       4
       5
       1
       1
       2
       3
       2
       2
       2
       1
       0
       1
       1
       3
       1
       2
       4
       0
       0
       1
       2
       3
       2
       4
       1
       2
       2
       1
       2
       3
       5
       2
       0
       3
       3
       2
       6
       0
       0
       2
       4
       1
       7
       1
       0
       1
       2
       4
       0
       6
       3
       1
       1
       2
       2
       3
       1
       2
       4
       3
       0
       0
       2
       1
       1
       2
       1
       0
       3
       0
       1
       2
       4
       3
       1
       7
       2
       1
       5
       1
       1
       3
       3
       1
       5
       2
       1
       1
       4
       3
       5
       4
       2
       1
       3
       2
       2
       1
       4
       2
       2
       2
       0
       2
       1
       0
       0
       3
       3
       2
       1
       5
       1
       4
       0
       1
       0
       0
       0
       3
       4
       3
       5
       2
       4
       4
       2
       3
       0
       3
       2
       3
       4
       2
       5
       2
       1
       2
       4
       2
       4
       5
       3
       0
       4
       0
       1
       1
       2
       2
       1
       0
       3
       3
       1
       2
       0
       4
       0
       1
       0
       5
       1
       3
       0
       0
       2
       3
       1
       0
       4
       2
       0
       2
       2
       3
       1
       2
       5
       5
       1
       1
       2
       5
       1
       4
       3
       1
       3
       5
       0
       6
       2
       3
       0
       6
       0
       1
       4
       3
       1
       3
       2
       4
       3
       2
       2
       2
       0
       1
       1
       6
       3
       0
       2
       4
       0
       0
       2
       3
       8
       4
       5
       1
       5
       7
       2
       2
       1
       0
       1
       2
       1
       3
       2
       0
       2
       2
       5
       1
       2
       0
       4
       6
       2
       1
       3
       3
       3
       1
       2
       2
       1
       3
       1
       3
       3
       1
       3
       2
       2
       3
       1
       2
       0
       3
       1
       6
       6
       2
       2
       3
       4
       1
       3
       7
       1
       3
       2
       4
       4
       0
       1
       0
       1
       2
       2
       4
       2
       1
       5
       0
       5
       3
       2
       3
       3
       2
       1
       0
       3
       4
       5
       3
       1
       0
       4
       2
       2
       3
       4
       6
       3
       3
       1
       3
       4
       0
       5
       6
       1
       3
       2
       3
       2
       1
       2
       0
       1
       5
       1
       3
       4
       4
       3
       1
       3
       6
       3
       3
       2
       1
       2
       3
       2
       1
       4
       4
       7
       2
       3
       5
       6
       4
       2
       1
       1
       2
       2
       5
       3
       4
       3
       4
       4
       4
       1
       2
       5
       2
       5
       1
       1
       3
       2
       3
       2
       3
       1
       3
       4
       0
       3
       2
       1
       3
       2
       3
       3
       4
       4
       3
       2
       4
       2
       6
       1
       4
       1
       0
       3
       5
       1
       7
       4
       2
       1
       3
       1
       7
       2
       2
       2
       4
       4
       2
       4
       6
       3
       4
       6
       3
       2
       2
       4
       2
       3
       2
       2
       3
       1
       8
       1
       3
       0
       2
       5
       3
       1
       3
       2
       1
       4
       3
       3
       3
       1
       1
       2
       2
       1
       1
       5
       1
       4
       3
       1
       5
       3
       3
       0
       5
       4
       2
       2
       0
       2
       2
       1
       5
       4
       3
       2
       3
       2
       6
       2
       2
       6
       2
       0
       4
       3
       2
       2
       3
       3
       2
       3
       4
       5
       0
       2
       6
       3
       0
       4
       1
       1
       4
       3
       5
       5
       6
       9
       2
       2
       4
       2
       3
       4
       3
       2
       2
       2
       1
       0
       4
       5
       3
       1
       0
       0
       1
       1
       1
       2
       3
       4
       3
       4
       2
       1
       5
       2
       3
       3
       0
       4
       3
       2
       3
       1
       1
       1
       5
       5
       0
       4
       2
       2
       4
       2
       1
       1
       0
       2
       2
       4
       2
       2
       2
       3
       2
       2
       3
       3
       3
       2
       5
       6
       3
       3
       4
       3
       2
       1
       5
       2
       5
       3
       1
       2
       2
       3
       3
       2
       3
       2
       2
       2
       3
       1
       6
       2
       2
       2
       3
       1
       2
       3
       3
       4
       2
       2
       0
       4
       1
       4
       2
       5
       3
       2
       1
       2
       4
       4
       2
       3
       6
       6
       2
       4
       2
       3
       3
       3
       1
       4
       2
       1
       6
       4
       2
       2
       5
       6
       3
       7
       1
       3
       4
       4
       3
       1
       2
       4
       3
       4
       3
       2
       5
       3
       4
       4
       2
       3
       3
       5
       0
       3
       3
       2
       1
       5
       5
       6
       6
       5
       3
       2
       3
       3
       2
       1
       2
       6
       0
       2
       2
       1
       6
       2
       6
       1
       2
       1
       3
       4
       2
       5
       4
       2
       3
       5
       1
       5
       5
       2
       3
       1
       2
       4
       2
       1
       4
       5
       5
       3
       5
       2
       3
       0
       5
       3
       3
       6
       1
       2
       1
       1
       1
       3
       2
       5
       4
       4
       1
       2
       3
       2
       3
       0
       3
       2
       3
       5
       3
       2
       3
       3
       1
       2
       3
       3
       4
       3
       4
       4
       0
       4
       2
       3
       6
       3
       4
       4
       0
       3
       2
       1
       3
       2
       4
       3
       3
       5
       3
       5
       3
       1
       5
       5
       3
       5
       4
       3
       2
       2
       4
       1
       4
       3
       3
       6
       3
       3
       4
       5
       5
       4
       4
       4
       7
       3
       3
       7
       9
       2
       4
       5
       6
       3
       6
       6
       2
       1
       7
       8
       3
       4
       4
       4
       2
       7
       5
       6
       6
       5
       2
       7
       3
       6
       6
       7
       7
       8
       4
      11
       3
       6
       8
       5
       5
       8
       7
       8
       6
       7
       7
       6
      11
       5
       4
       4
       8
      11
       2
       8
       5
       4
       5
       8
       5
       5
       9
       4
       6
       1
       9
       4
       9
       9
       3
       1
       3
      12
       6
       6
       4
       4
       4
       5
       7
      10
       8
      14
       5
       8
      11
       9
       6
       5
       6
       8
       3
       7
       7
       9
       9
      11
       3
       8
       1
       4
       5
      11
       3
       6
       4
      11
      14
       5
       8
       6
       8
       5
       9
       8
       8
       5
       6
       6
       4
       6
       5
       5
       7
       8
       7
       4
       3
       7
       8
       5
       4
       8
       8
      10
      10
       5
       5
       7
       8
       8
       9
      10
       7
       2
       7
       7
       4
       5
       6
       6
       8
       5
      10
       3
       7
       9
       7
       4
      10
       4
       7
      12
      11
       9
       8
       6
      10
       6
      12
       7
      11
       6
       3
       6
       6
      10
       8
       5
      12
      11
      13
      13
      17
      12
      10
      11
      11
      12
      16
      14
      18
      21
      13
      14
      19
      16
      11
      14
      22
      17
      17
      27
      19
      30
      21
      24
      24
      19
      33
      30
      28
      28
      31
      33
      30
      33
      42
      33
      35
      39
      42
      55
      45
      51
      45
      41
      32
      49
      58
      67
      48
      55
      48
      66
      72
      70
      69
      71
      77
      76
     103
      90
      89
      96
     110
      91
     102
     109
     131
     117
     113
     127
     141
     145
     163
     137
     159
     147
     177
     175
     162
     190
     174
     186
     193
     205
     205
     218
     224
     231
     220
     215
     236
     237
     219
     242
     251
     257
     285
     282
     334
     323
     332
     324
     304
     318
     297
     342
     334
     374
     363
     404
     417
     398
     371
     429
     397
     415
     416
     405
     412
     448
     437
     402
     472
     441
     452
     427
     448
     471
     455
     470
     509
     449
     494
     477
     501
     462
     511
     511
     506
     489
     527
     461
     477
     500
     515
     485
     485
     500
     452
     462
     454
     449
     463
     493
     454
     448
     489
     431
     455
     403
     490
     435
     437
     406
     403
     420
     435
     386
     389
     362
     373
     352
     371
     383
     372
     338
     314
     333
     307
     309
     331
     315
     288
     277
     289
     286
     253
     217
     244
     257
     249
     227
     215
     193
     205
     198
     209
     192
     183
     173
     172
     193
     149
     149
     163
     130
     114
     149
     147
     116
     116
     113
     107
     111
     111
      91
      96
      99
      91
     102
      75
      76
      61
      75
      68
      66
      62
      51
      50
      57
      48
      40
      51
      39
      40
      38
      36
      28
      37
      36
      39
      25
      42
      33
      30
      27
      17
      17
      21
      15
      11
      27
      14
      12
      13
       9
      13
       8
      14
       5
       6
      11
       8
       4
       7
       5
       3
       5
       2
      10
       4
       0
       7
       2
      10
       2
       3
       2
       1
       0
       0
       2
       1
       1
       3
       0
       1
       2
       1
       0
       0
       1
       0
       0
       0
       1
       0
       0
       0
       0
       0
       1
       0
       0
       0
       0
       1
       0
       0
       0
       0
       0
       0
       0
       0
       0
       0
       0
       0
       0
       0
       0
       0
       0
       0
       0
       0
       0
       0
       1
       0
       0
       0
       0
       0
       0
       0
       0
       0
       0
       0
       0
       0
       0
       0
       0
       0
       0
       0
       0
       0
       0
       0
       0
       0
       0
       0
       0
       0
       0
       0
       1
       0
       0
       0
       0
       0
       0
       1
       0
       0
       0
       0
       0
       0
       0
       0
       0
       0
       0
       0
       0
       1
       0
       0
       0
       0
       0
       0
       0
       0
       0
       0
       0
       0
       0
       0
       0
       0
       0
       0
       0
       0
       0
       0
       0
       0
       0
       0
       0
       0
       0
       0
       0
       0
       0
       0
       0
       0
       0
       0
       0
       0
       0
       0
       0
       0
       0
       0
       0
       0
       0
       0
       0
       0
       0
       0
       0
       0
       0
       0
       0
       0
       0
       0
       0
       0
       0
       0
       0
       0
       0
       0
       0
       1
       0
       0
       1
       0
       0
       0
       0
       0
       0
       0
       0
       0
       0
       0
       0
       0
       0
       0
       0
       0
       0
       0
       0
       1
       0
       0
       1
       0
       0
       0
       0
       0
       0
       0
       0
       0
       0
       0
       1
       0
       0
       0
       0
       0
       0
       0
       1
       0
       0
       0
       0
       1
       0
       0
       0
       0
       0
       0
       0
       0
       0
       0
       0
       0
       0
       0
       0
       0
       0
       0
       0
       0
       0
       0
       0
       0
       0
       0
       0
       0
       0
       0
       0
       1
       0
       0
       0
       0
       0
       0
       0
       0
       0
       0
       0
       0
       0
       0
       0
       0
       0
       0
       0
       0
       0
       0
       0
       0
       0
       0
       0
       0
       0
       0
       0
       0
       0
       0
       0
       0
       0
       0
       0
       0
       0
       0
       0
       0
       0
       0
       0
       0
       0
       0
       0
       0
       0
       0
       0
       0
       0
       0
       0
       0
       0
       0
       0
       0
       0
       0
       0
       0
       0
       0
       0
       0
       0
       0
       0
       0
       0
       0
       0
       0
       0
       0
       0
       0
       0
       0
       0
$ROI:
0
$PRESETS:
Live Time
120
0
$ENER_FIT:
0.000000 0.002526
$MCA_CAL:
3
0.000000E+000 2.525835E-003 0.000000E+000 keV
$SHAPE_CAL:
3
0.000000E+000 0.000000E+000 0.000000E+000
