$SPEC_ID:
No sample description was entered.
$SPEC_REM:
DET# 1
DETDESC# 
AP# Maestro Version 6.08
$DATE_MEA:
09/19/2017 09:48:30
$MEAS_TIM:
120 120
$DATA:
0 2047
       0
       0
       0
       0
       0
       0
       0
       0
       0
       0
       0
       0
       0
       0
       0
       0
       0
       0
       0
       0
       0
       0
       0
       0
       0
       0
       0
       0
       0
       0
       0
       0
       0
       0
       0
       0
       0
       0
       0
       0
       0
       0
       0
       0
       0
       0
       0
       0
       0
       0
       0
       0
       0
       0
       0
       0
       0
       0
       0
       0
       0
       0
       0
       0
       0
       0
       0
       0
       0
       0
       0
       0
       0
       0
       0
       0
       0
       0
       0
       0
       0
       0
       0
       0
       0
       0
       0
       0
       0
       0
       0
       0
       0
       0
       0
       0
       0
       0
       0
       0
       0
       0
       0
       0
       0
       0
       0
       0
       0
       0
       0
       0
       0
       0
       0
       0
       0
       0
       0
       0
       0
       0
       0
       0
       0
       0
       0
       0
       0
       0
       0
       0
       0
       0
       0
       0
       0
       0
       0
       0
       0
       0
       0
       0
       0
       0
       0
       0
       0
       0
       0
       0
       0
       0
       0
       0
       0
       0
       0
       0
       0
       0
       0
       0
       0
       0
       0
       0
       0
       0
       0
       0
       0
       0
       0
       0
       0
       0
       0
       0
       0
       0
       0
       0
       0
       0
       0
       0
       0
       0
       0
       0
       0
       0
       0
       0
       0
       0
       3
       1
       5
       2
       1
       0
       1
       1
       1
       4
       4
       3
       2
       0
       2
       2
       1
       3
       2
       0
       3
       1
       3
       1
       3
       2
       1
       0
       1
       0
       1
       1
       1
       3
       2
       1
       2
       2
       0
       0
       1
       3
       2
       0
       3
       1
       2
       1
       0
       2
       0
       2
       5
       1
       0
       2
       3
       1
       4
       2
       1
       3
       2
       0
       5
       2
       0
       1
       0
       4
       3
       1
       1
       2
       3
       3
       1
       5
       3
       4
       1
       2
       1
       2
       0
       1
       1
       1
       3
       1
       1
       1
       0
       1
       0
       1
       3
       1
       0
       2
       3
       1
       0
       2
       3
       3
       1
       3
       3
       2
       3
       1
       2
       0
       2
       2
       1
       1
       2
       1
       2
       3
       1
       1
       3
       1
       0
       2
       2
       0
       0
       3
       1
       2
       5
       1
       3
       2
       3
       1
       1
       2
       1
       2
       7
       1
       6
       1
       1
       0
       2
       2
       2
       4
       2
       2
       2
       2
       1
       1
       1
       2
       2
       1
       2
       0
       2
       2
       2
       1
       2
       3
       4
       4
       4
       0
       4
       3
       6
       3
       1
       1
       2
       5
       0
       0
       7
       6
       1
       2
       1
       1
       0
       0
       0
       3
       2
       1
       0
       1
       3
       0
       0
       3
       3
       1
       0
       4
       1
       0
       6
       2
       2
       5
       0
       3
       3
       1
       2
       1
       1
       4
       2
       1
       2
       0
       1
       2
       2
       4
       2
       2
       2
       3
       0
       1
       1
       2
       0
       1
       1
       2
       3
       1
       0
       1
       2
       0
       3
       1
       2
       2
       2
       2
       1
       4
       1
       3
       2
       2
       4
       1
       4
       5
       2
       1
       0
       1
       3
       1
       2
       3
       1
       2
       3
       4
       1
       1
       3
       0
       0
       0
       2
       1
       2
       3
       3
       3
       1
       2
       0
       2
       2
       1
       3
       0
       1
       1
       2
       4
       4
       2
       3
       5
       0
       4
       4
       0
       0
       2
       1
       1
       1
       2
       4
       3
       1
       4
       0
       1
       2
       0
       4
       2
       4
       3
       2
       0
       4
       1
       2
       1
       1
       1
       5
       0
       1
       2
       1
       3
       2
       5
       0
       2
       2
       2
       2
       0
       2
       2
       2
       3
       4
       3
       2
       1
       2
       1
       2
       1
       2
       2
       2
       3
       3
       3
       0
       1
       2
       1
       3
       1
       1
       2
       4
       1
       0
       2
       2
       1
       3
       1
       0
       3
       0
       1
       3
       3
       0
       0
       4
       1
       5
       4
       3
       3
       5
       0
       0
       3
       3
       1
       2
       1
       3
       1
       1
       2
       3
       1
       5
       3
       2
       3
       3
       2
       3
       5
       4
       5
       2
       3
       1
       2
       2
       4
       2
       0
       3
       5
       3
       3
       2
       3
       1
       2
       1
       5
       2
       2
       2
       3
       1
       2
       0
       1
       1
       1
       2
       1
       1
       0
       1
       2
       1
       2
       1
       4
       3
       3
       1
       0
       2
       4
       4
       3
       4
       2
       2
       7
       1
       1
       2
       1
       2
       0
       3
       2
       2
       4
       1
       4
       2
       3
       3
       1
       1
       3
       3
       3
       4
       1
       2
       3
       2
       1
       0
       3
       1
       2
       5
       8
       3
       0
       1
       3
       3
       2
       3
       1
       0
       2
       3
       2
       4
       1
       4
       2
       6
       1
       3
       1
       1
       1
       2
       3
       2
       4
       2
       2
       3
       1
       1
       5
       1
       2
       3
       3
       6
       1
       3
       6
       5
       1
       0
       2
       1
       4
       1
       3
       3
       3
       2
       2
       2
       1
       2
       2
       4
       3
       1
       2
       2
       3
       4
       3
       1
       0
       1
       4
       3
       6
       1
       3
       2
       0
       3
       0
       2
       2
       2
       3
       5
       1
       1
       5
       4
       4
       2
       3
       1
       2
       5
       1
       5
       5
       3
       1
       0
       2
       5
       1
       3
       0
       0
       2
       5
       6
       2
       1
       4
       1
       2
       5
       2
       2
       1
       2
       2
       4
       3
       2
       6
       5
       1
       4
       0
       1
       6
       1
       3
       2
       1
       0
       0
       2
       2
       3
       3
       2
       0
       2
       2
       2
       2
       1
       2
       6
       4
       2
       3
       1
       3
       1
       3
       9
       2
       3
       1
       0
       7
       0
       4
       3
       0
       1
       3
       0
       3
       3
       4
       3
       2
       2
       2
       4
       3
       3
       4
       1
       4
       4
       1
       6
       2
       2
       5
       2
       3
       4
       5
       3
       1
       5
       2
       4
       4
       2
       5
       3
       3
       2
       4
       1
       2
       3
       4
       2
       3
       6
       2
       3
       1
       1
       4
       3
       1
       2
       4
       3
       0
       1
       2
       2
       2
       1
       2
       2
       2
       2
       1
       1
       1
       4
       3
       2
       3
       3
       4
       2
       3
       2
       3
       1
       3
       1
       5
       1
       0
       2
       6
       1
       2
       2
       0
       0
       3
       3
       2
       4
       1
       2
       2
       2
       3
       4
       5
       2
       2
       1
       2
       1
       4
       6
       1
       5
       3
       0
       4
       4
       5
       0
       3
       3
       1
       2
       2
       2
       1
       2
       5
       0
       3
       2
       3
       5
       4
       1
       5
       1
       5
       5
       2
       3
       3
       6
       4
       3
       5
       1
       1
       2
       3
       1
       1
       1
       3
       2
       2
       2
       3
       1
       7
       4
       4
       4
       0
       0
       1
       4
       4
       3
       1
       9
       1
       1
       4
       2
       4
       1
       3
       3
       1
       3
       1
       2
       2
       5
       5
       4
       4
       4
       1
       2
       1
       2
       1
       4
       3
       0
       2
       2
       1
       2
       2
       2
       0
       4
       2
       4
       1
       6
       2
       7
       2
       5
       2
       3
       2
       1
       5
       5
       3
       1
       3
       4
       2
       3
       1
       2
       2
       1
       2
       1
       4
       2
       4
       3
       3
       4
       1
       4
       1
       1
       4
       1
       5
       3
       5
       0
       3
       1
       7
       2
       4
       3
       2
       2
       1
       2
       3
       2
       2
       0
       1
       6
       2
       2
       3
       2
       2
       2
       1
       3
       3
       2
       2
       1
       3
       3
       2
       1
       2
       2
       5
       2
       5
       3
       1
       3
       2
       4
       7
       2
       2
       5
       4
       4
       2
       5
       0
       2
       2
       1
       1
       3
       3
       1
       3
       4
       3
       3
       4
       4
       4
       3
       3
       3
       3
       1
       3
       3
       3
       3
       2
       2
       3
       2
       0
       2
       4
       2
       7
       2
       4
       1
       3
       4
       3
       3
       5
       4
       3
       7
       1
       3
       0
       1
       1
       5
       1
       1
       2
       3
       5
       2
       2
       3
       2
       1
       3
       2
       1
       6
       2
       5
       2
       1
       4
       5
       4
       3
       2
       6
       1
       3
       2
       5
       4
       2
       7
       6
       3
       3
       3
       3
       6
       3
       2
       1
       7
       4
       7
       5
       5
       2
       5
       2
       2
       6
       1
       5
       3
       5
       3
       2
       4
       6
       3
       2
       9
       6
       2
       7
       2
       9
       9
       8
       8
       8
       8
       4
       2
       8
       5
       2
       3
      11
       4
       5
       5
       9
      13
       7
       5
       4
       2
       7
      12
       8
       7
       8
       6
       8
       5
       5
       4
       9
       5
       9
       2
       6
       7
      10
      10
       3
       6
       6
       8
       4
       5
       8
       0
      10
      10
       8
       8
      10
       3
       6
       9
       7
       8
      10
       4
       5
       3
      15
       8
       9
       8
       2
       8
       8
      10
       6
       8
       8
       4
       6
       5
       6
       2
       5
       7
       7
       7
       5
       5
       9
       7
       6
       7
       7
       5
       2
       6
       6
       8
       9
       4
       9
       8
       5
       9
       6
       6
       3
       8
       5
       7
       4
       4
       7
       7
       4
       3
       6
       1
       5
       5
       8
       9
       6
      10
       3
       9
       7
       3
       4
       6
       8
       5
       6
       5
       8
      11
       6
       7
      11
      10
       9
       7
       8
       9
      16
      14
       9
      12
      11
       9
      15
      12
       5
      10
       6
      16
       7
       9
      11
      16
      12
       9
       9
       7
      16
      13
      11
      11
      17
      22
      15
      16
      26
      18
      22
      27
      18
      22
      32
      30
      19
      22
      26
      30
      49
      35
      36
      24
      32
      39
      41
      40
      40
      46
      38
      43
      49
      56
      62
      61
      53
      70
      57
      59
      64
      71
      78
      79
      66
      75
      94
      81
      70
      97
      78
      99
     105
      83
     101
     119
     113
     105
     106
     138
     127
     124
     130
     143
     149
     157
     158
     163
     169
     152
     202
     191
     217
     195
     208
     208
     223
     226
     254
     242
     218
     248
     229
     274
     264
     292
     274
     281
     294
     307
     314
     305
     323
     341
     325
     340
     341
     387
     356
     422
     370
     412
     373
     400
     376
     410
     411
     384
     460
     409
     478
     415
     425
     470
     445
     469
     468
     448
     472
     465
     505
     463
     454
     464
     487
     513
     465
     471
     495
     472
     520
     509
     464
     484
     500
     518
     505
     492
     489
     448
     460
     491
     457
     462
     441
     453
     501
     484
     426
     445
     431
     425
     406
     456
     366
     408
     378
     380
     368
     404
     377
     368
     400
     347
     364
     359
     373
     335
     317
     276
     313
     279
     276
     293
     279
     246
     268
     248
     217
     258
     218
     239
     209
     203
     199
     163
     205
     213
     175
     177
     158
     151
     178
     136
     135
     125
     121
     144
     121
     122
     118
     106
      98
     102
      96
     114
      96
      70
      80
      90
      70
      77
      83
      45
      58
      60
      60
      56
      58
      57
      44
      40
      37
      43
      48
      32
      30
      29
      28
      20
      29
      28
      20
      20
      24
      23
      20
      11
      10
      15
      14
      12
      11
      12
      15
      10
      10
       6
       9
      14
       8
       8
       3
       7
       2
       6
       6
       7
       5
       6
       5
       2
       2
       2
       3
       2
       0
       2
       5
       2
       0
       1
       1
       0
       0
       2
       2
       0
       1
       0
       1
       1
       0
       0
       0
       0
       0
       0
       0
       0
       0
       0
       0
       0
       0
       0
       0
       0
       0
       0
       0
       0
       0
       0
       0
       0
       0
       0
       0
       0
       0
       0
       0
       0
       0
       0
       0
       0
       0
       0
       0
       0
       0
       0
       0
       0
       0
       0
       0
       0
       0
       0
       0
       0
       0
       0
       0
       0
       0
       0
       0
       0
       0
       0
       0
       0
       0
       0
       0
       0
       0
       0
       0
       0
       0
       0
       0
       0
       0
       0
       0
       0
       0
       0
       0
       0
       0
       0
       0
       0
       0
       0
       0
       0
       0
       0
       0
       0
       1
       0
       1
       0
       0
       0
       0
       0
       0
       0
       0
       0
       0
       0
       0
       0
       0
       0
       0
       0
       0
       0
       0
       0
       0
       1
       0
       0
       0
       0
       0
       0
       0
       0
       0
       0
       0
       0
       0
       0
       1
       0
       0
       0
       0
       0
       0
       0
       0
       0
       0
       0
       0
       0
       0
       0
       0
       0
       0
       0
       0
       0
       0
       0
       0
       0
       0
       0
       0
       0
       0
       0
       0
       0
       0
       1
       0
       0
       0
       0
       0
       0
       0
       0
       0
       0
       0
       0
       0
       0
       0
       0
       0
       0
       0
       0
       1
       0
       0
       0
       0
       0
       0
       0
       0
       0
       0
       0
       0
       0
       0
       0
       0
       0
       0
       0
       0
       0
       0
       0
       0
       0
       0
       0
       0
       0
       0
       0
       0
       0
       0
       0
       0
       0
       0
       0
       0
       0
       0
       0
       0
       0
       0
       0
       0
       0
       0
       0
       0
       0
       0
       0
       0
       0
       0
       0
       0
       0
       0
       0
       0
       0
       0
       0
       0
       0
       0
       0
       0
       0
       0
       0
       0
       0
       0
       0
       0
       0
       0
       0
       0
       0
       0
       0
       0
       0
       0
       0
       0
       0
       0
       0
       0
       0
       0
       0
       1
       0
       0
       0
       0
       0
       0
       0
       0
       0
       0
       0
       0
       0
       0
       0
       0
       0
       0
       0
       0
       0
       0
       0
       0
       0
       0
       0
       0
       0
       0
       0
       0
       0
       0
       0
       0
       0
       0
       0
       0
$ROI:
0
$PRESETS:
Live Time
120
0
$ENER_FIT:
0.000000 0.002526
$MCA_CAL:
3
0.000000E+000 2.525835E-003 0.000000E+000 keV
$SHAPE_CAL:
3
0.000000E+000 0.000000E+000 0.000000E+000
