$SPEC_ID:
No sample description was entered.
$SPEC_REM:
DET# 1
DETDESC# 
AP# Maestro Version 6.08
$DATE_MEA:
09/19/2017 09:52:31
$MEAS_TIM:
120 120
$DATA:
0 2047
       0
       0
       0
       0
       0
       0
       0
       0
       0
       0
       0
       0
       0
       0
       0
       0
       0
       0
       0
       0
       0
       0
       0
       0
       0
       0
       0
       0
       0
       0
       0
       0
       0
       0
       0
       0
       0
       0
       0
       0
       0
       0
       0
       0
       0
       0
       0
       0
       0
       0
       0
       0
       0
       0
       0
       0
       0
       0
       0
       0
       0
       0
       0
       0
       0
       0
       0
       0
       0
       0
       0
       0
       0
       0
       0
       0
       0
       0
       0
       0
       0
       0
       0
       0
       0
       0
       0
       0
       0
       0
       0
       0
       0
       0
       0
       0
       0
       0
       0
       0
       0
       0
       0
       0
       0
       0
       0
       0
       0
       0
       0
       0
       0
       0
       0
       0
       0
       0
       0
       0
       0
       0
       0
       0
       0
       0
       0
       0
       0
       0
       0
       0
       0
       0
       0
       0
       0
       0
       0
       0
       0
       0
       0
       0
       0
       0
       0
       0
       0
       0
       0
       0
       0
       0
       0
       0
       0
       0
       0
       0
       0
       0
       0
       0
       0
       0
       0
       0
       0
       0
       0
       0
       0
       0
       0
       0
       0
       0
       0
       0
       0
       0
       0
       0
       0
       0
       0
       0
       0
       0
       0
       0
       0
       0
       0
       0
       0
       2
       1
       2
       0
       3
       2
       1
       2
       3
       2
       2
       0
       5
       0
       2
       3
       2
       1
       3
       2
       1
       2
       2
       0
       1
       2
       3
       1
       0
       3
       1
       2
       2
       1
       2
       1
       1
       2
       2
       1
       2
       3
       0
       2
       2
       1
       5
       3
       4
       1
       2
       1
       1
       4
       1
       4
       1
       1
       0
       1
       3
       1
       1
       2
       4
       2
       2
       4
       3
       0
       6
       4
       1
       2
       4
       2
       3
       2
       3
       0
       4
       1
       1
       2
       1
       0
       1
       0
       2
       3
       1
       1
       2
       1
       0
       2
       0
       0
       0
       3
       3
       1
       3
       2
       1
       2
       2
       3
       3
       3
       2
       3
       2
       1
       2
       2
       3
       1
       2
       3
       5
       1
       0
       2
       2
       1
       1
       3
       0
       1
       1
       2
       1
       4
       1
       1
       0
       0
       0
       1
       1
       2
       0
       1
       4
       4
       0
       0
       1
       4
       0
       3
       0
       0
       0
       2
       2
       0
       2
       3
       2
       1
       1
       3
       0
       5
       5
       2
       1
       4
       1
       2
       1
       1
       1
       2
       3
       2
       2
       3
       3
       0
       1
       1
       3
       5
       2
       2
       4
       2
       2
       4
       1
       2
       1
       3
       2
       0
       0
       3
       4
       3
       4
       1
       2
       2
       1
       0
       2
       3
       3
       1
       0
       2
       1
       4
       4
       2
       2
       1
       3
       2
       2
       3
       1
       2
       1
       2
       1
       3
       2
       1
       1
       0
       2
       2
       4
       2
       4
       1
       6
       2
       0
       0
       3
       0
       2
       1
       1
       1
       4
       1
       2
       2
       2
       1
       1
       1
       0
       2
       2
       0
       1
       0
       1
       1
       2
       2
       1
       2
       4
       2
       0
       0
       1
       4
       0
       2
       4
       1
       3
       3
       4
       1
       2
       3
       1
       1
       4
       1
       2
       2
       3
       0
       1
       3
       0
       2
       2
       1
       1
       3
       2
       5
       0
       2
       2
       0
       3
       4
       1
       3
       4
       2
       0
       3
       1
       1
       0
       1
       2
       2
       2
       3
       3
       0
       4
       2
       2
       3
       2
       2
       2
       3
       1
       0
       2
       3
       1
       1
       2
       3
       2
       5
       4
       4
       2
       2
       8
       2
       0
       3
       1
       2
       2
       2
       1
       2
       2
       0
       4
       3
       6
       0
       4
       2
       1
       4
       1
       2
       3
       5
       0
       0
       1
       1
       0
       3
       2
       2
       1
       5
       3
       1
       2
       4
       1
       1
       2
       2
       0
       2
       2
       1
       3
       3
       5
       4
       3
       3
       2
       3
       2
       1
       1
       1
       5
       3
       0
       2
       3
       5
       2
       3
       5
       2
       4
       2
       3
       1
       3
       0
       1
       3
       2
       0
       3
       7
       4
       2
       2
       5
       6
       2
       1
       1
       1
       3
       2
       5
       3
       2
       3
       3
       3
       1
       2
       4
       8
       3
       4
       1
       1
       3
       0
       2
       2
       2
       4
       3
       1
       3
       3
       4
       2
       4
       2
       2
       2
       3
       2
       2
       1
       3
       6
       4
       1
       2
       2
       6
       2
       3
       4
       2
       1
       1
       1
       3
       5
       3
       1
       4
       3
       6
       2
       3
       3
       6
       2
       2
       2
       3
       2
       4
       3
       2
       2
       3
       3
       0
       1
       3
       2
       6
       1
       3
       2
       1
       3
       2
       1
       2
       0
       2
       5
       2
       2
       2
       4
       3
       2
       1
       3
       2
       4
       2
       3
       0
       2
       2
       2
       3
       1
       2
       4
       5
       6
       2
       1
       0
       4
       3
       1
       0
       3
       3
       0
       2
       1
       2
       3
       1
       0
       5
       5
       3
       4
       1
       4
       0
       3
       5
       3
       3
       5
       6
       6
       4
       7
       2
       2
       1
       2
       5
       4
       2
       2
       2
       0
       5
       4
       3
       2
       3
       5
       3
       4
       1
       3
       3
       5
       5
       1
       2
       1
       2
       6
       2
       2
       3
       2
       1
       6
       3
       5
       4
       7
       2
       4
       3
       1
       2
       2
       1
       5
       1
       2
       2
       1
       2
       1
       1
       2
       3
       2
       2
       4
       6
       2
       6
       3
       3
       4
       2
       5
       5
       4
       4
       1
       1
       1
       2
       1
       5
       0
       1
       1
       2
       2
       1
       2
       6
       1
       1
       3
       1
       1
       3
       1
       0
       4
       3
       4
       2
       0
       3
       5
       1
       7
       2
       0
       3
       4
       3
       2
       2
       2
       1
       4
       2
       1
       3
       1
       2
       3
       2
       1
       5
       4
       4
       4
       2
       1
       4
       1
       2
       1
       4
       1
       5
       2
       1
       1
       3
       1
       1
       2
       2
       1
       3
       4
       4
       2
       0
       2
       3
       2
       1
       2
       1
       5
       1
       2
       1
       2
       4
       5
       3
       7
       2
       2
       3
       5
       1
       2
       0
       0
       5
       2
       2
       2
       2
       2
       1
       1
       1
       2
       3
       4
       2
       3
       1
       6
       2
       1
       4
       3
       1
       0
       2
       2
       1
       3
       8
       3
       3
       0
       1
       6
       2
       2
       4
       3
       2
       2
       3
       3
       5
       6
       2
       1
       1
       2
       2
       3
       3
       1
       1
       1
       4
       2
       2
       1
       2
       5
       2
       7
       3
       2
       2
       3
       3
       2
       2
       3
       3
       4
       3
       2
       5
       1
       1
       5
       4
       2
       3
       5
       2
       1
       1
       2
       3
       1
       8
       3
       3
       2
       1
       0
       2
       5
       1
       3
       1
       1
       5
       4
       3
       2
       9
       3
       2
       1
       3
       3
       2
       6
       4
       1
       3
       0
       4
       4
       4
       2
       4
       5
       2
       4
       4
       1
       4
       2
       1
       3
       3
       2
       5
       4
       2
       6
       3
       3
       5
       5
       3
       3
       6
       2
       6
       2
       8
       2
       1
       1
       3
       5
       1
       3
       1
       6
       3
       3
       3
       2
       1
       1
       1
       3
       2
       1
       1
       1
       1
       4
       3
       2
       3
       4
       2
       1
       3
       3
       2
       2
       1
       1
       3
       2
       3
       4
       1
       5
       1
       2
       4
       1
       5
       2
       5
       3
       2
       3
       2
       2
       1
       4
       3
       3
       1
       6
       2
       5
       0
       2
       1
       3
       6
       0
       2
       5
       3
       2
       3
       2
       3
       2
       5
       0
       1
       3
       2
       2
      10
       1
       4
       5
       1
       1
       1
       2
       0
       4
       0
       2
       2
       4
       4
       2
       1
       6
       1
       2
       2
       3
       7
       2
       4
       4
       3
       4
       3
       5
       2
       2
       2
       1
       8
       5
       1
       7
       4
       2
       2
       0
       5
       5
       1
       5
       4
       5
       3
       5
       5
       2
       4
       1
       2
       2
       5
       2
       5
       0
       3
       5
       2
       1
       3
       5
       3
       3
       6
       3
       3
       3
       3
       6
       7
       8
       4
       4
       8
       7
       3
       7
       7
       5
       6
       4
       8
       4
       1
       4
       5
       6
       6
       3
       4
       3
       2
       2
       8
       2
       9
       6
       5
       8
       4
       4
       4
       3
       8
       4
       8
       6
       9
       9
       4
      13
      13
       5
       3
       6
       5
       7
       7
       6
       7
      13
      10
       8
       3
       6
       6
       9
       3
       3
       6
       7
      13
       5
      11
      10
       7
       3
       6
       8
       3
       6
       4
       7
       9
       6
       7
       7
       5
       2
       5
       5
       4
       6
       6
       5
       6
       6
       7
       4
       6
      11
       4
       6
       5
       5
       4
       5
       3
       8
       6
       5
       4
       8
       6
       2
       4
       5
       3
       6
       7
       5
      10
      11
       7
       5
       1
       7
       4
       6
       5
       5
       9
       9
       7
       9
       4
       7
       8
       3
       7
       8
       3
       9
       4
       9
       5
       5
       3
       7
      12
      12
       9
       5
       8
       8
       9
       5
       5
      11
      10
       5
       7
       6
       7
      13
       4
       6
       9
       4
       4
       5
       9
       6
       7
       9
       8
       6
      12
       6
      12
      12
       8
      10
      15
       9
      11
      13
       9
      10
       5
       8
      10
      10
      11
      12
      13
       5
      14
      16
      12
      21
      19
      16
      13
      15
      18
      18
      23
      16
      23
      28
      25
      22
      26
      25
      19
      24
      27
      35
      27
      35
      33
      38
      39
      39
      39
      41
      40
      47
      56
      37
      43
      51
      56
      62
      53
      79
      48
      68
      60
      56
      74
      62
      75
      71
      79
      73
      85
      84
     106
     110
     103
     106
      99
     121
     143
     134
     125
     138
     131
     165
     142
     132
     148
     160
     165
     171
     178
     184
     187
     187
     187
     185
     206
     240
     257
     227
     202
     235
     241
     261
     299
     265
     280
     295
     285
     314
     286
     309
     337
     343
     329
     336
     360
     323
     365
     361
     387
     357
     363
     420
     402
     404
     412
     419
     411
     437
     423
     471
     424
     469
     431
     490
     474
     483
     468
     461
     453
     435
     499
     488
     487
     521
     447
     489
     496
     490
     483
     513
     485
     514
     523
     483
     463
     469
     510
     467
     498
     494
     480
     468
     422
     484
     439
     428
     428
     477
     426
     443
     407
     374
     411
     409
     378
     355
     441
     390
     408
     350
     393
     353
     315
     376
     327
     337
     306
     285
     291
     326
     304
     282
     282
     284
     271
     255
     252
     260
     235
     222
     214
     228
     208
     196
     186
     199
     158
     199
     166
     159
     142
     166
     146
     148
     126
     124
     122
     114
     130
     109
     119
     114
      83
      88
      86
      89
      81
      76
      91
      92
      65
      68
      72
      44
      47
      58
      43
      45
      48
      62
      42
      37
      28
      35
      50
      29
      37
      20
      28
      24
      27
      22
      30
      14
      20
      22
      17
      18
      11
      17
      12
       8
      11
      10
       7
      11
      12
       7
      11
       7
       3
       6
       2
       9
       6
       3
       4
       2
       5
       4
       0
       4
       2
       3
       0
       1
       0
       3
       1
       1
       1
       0
       3
       1
       1
       2
       0
       1
       0
       0
       2
       0
       1
       0
       0
       0
       0
       0
       0
       0
       0
       1
       0
       0
       0
       0
       0
       1
       0
       0
       0
       0
       0
       0
       0
       0
       0
       0
       1
       0
       0
       0
       0
       0
       0
       1
       0
       0
       0
       0
       0
       0
       0
       0
       0
       0
       0
       1
       0
       0
       0
       0
       0
       0
       0
       0
       0
       0
       0
       0
       0
       0
       1
       0
       0
       1
       0
       0
       0
       0
       0
       0
       0
       0
       0
       0
       0
       0
       0
       0
       0
       0
       0
       0
       0
       0
       0
       0
       0
       0
       0
       0
       0
       0
       0
       0
       0
       0
       0
       0
       0
       0
       0
       0
       0
       0
       0
       0
       0
       0
       0
       0
       0
       0
       0
       0
       0
       0
       0
       0
       0
       0
       0
       0
       0
       0
       0
       0
       0
       0
       0
       0
       0
       0
       0
       0
       0
       0
       0
       0
       0
       0
       0
       0
       0
       0
       0
       0
       0
       0
       0
       0
       0
       0
       0
       0
       0
       0
       0
       0
       0
       0
       0
       0
       0
       0
       0
       0
       0
       0
       0
       0
       0
       0
       0
       0
       0
       0
       0
       0
       0
       1
       0
       0
       0
       0
       0
       0
       0
       0
       0
       0
       0
       0
       0
       0
       0
       0
       0
       0
       0
       0
       1
       0
       0
       0
       0
       0
       0
       1
       0
       0
       0
       0
       0
       0
       0
       0
       1
       0
       0
       0
       0
       0
       0
       0
       0
       0
       0
       0
       0
       0
       0
       0
       0
       0
       0
       0
       0
       0
       0
       0
       1
       0
       0
       0
       0
       0
       0
       0
       0
       0
       0
       0
       1
       0
       0
       0
       0
       0
       0
       0
       0
       0
       0
       0
       2
       0
       0
       0
       0
       0
       0
       0
       0
       0
       0
       1
       0
       0
       0
       0
       0
       0
       0
       0
       0
       0
       0
       0
       1
       0
       0
       0
       0
       0
       0
       0
       0
       0
       0
       0
       0
       0
       0
       0
       0
       0
       0
       0
       0
       0
       0
       0
       0
       0
       0
       0
       0
       0
       0
       0
       0
       0
       0
       0
       0
       0
       0
       0
       0
       0
       0
       0
$ROI:
0
$PRESETS:
Live Time
120
0
$ENER_FIT:
0.000000 0.002526
$MCA_CAL:
3
0.000000E+000 2.525835E-003 0.000000E+000 keV
$SHAPE_CAL:
3
0.000000E+000 0.000000E+000 0.000000E+000
