$SPEC_ID:
No sample description was entered.
$SPEC_REM:
DET# 1
DETDESC# 
AP# Maestro Version 6.08
$DATE_MEA:
09/19/2017 09:56:33
$MEAS_TIM:
120 120
$DATA:
0 2047
       0
       0
       0
       0
       0
       0
       0
       0
       0
       0
       0
       0
       0
       0
       0
       0
       0
       0
       0
       0
       0
       0
       0
       0
       0
       0
       0
       0
       0
       0
       0
       0
       0
       0
       0
       0
       0
       0
       0
       0
       0
       0
       0
       0
       0
       0
       0
       0
       0
       0
       0
       0
       0
       0
       0
       0
       0
       0
       0
       0
       0
       0
       0
       0
       0
       0
       0
       0
       0
       0
       0
       0
       0
       0
       0
       0
       0
       0
       0
       0
       0
       0
       0
       0
       0
       0
       0
       0
       0
       0
       0
       0
       0
       0
       0
       0
       0
       0
       0
       0
       0
       0
       0
       0
       0
       0
       0
       0
       0
       0
       0
       0
       0
       0
       0
       0
       0
       0
       0
       0
       0
       0
       0
       0
       0
       0
       0
       0
       0
       0
       0
       0
       0
       0
       0
       0
       0
       0
       0
       0
       0
       0
       0
       0
       0
       0
       0
       0
       0
       0
       0
       0
       0
       0
       0
       0
       0
       0
       0
       0
       0
       0
       0
       0
       0
       0
       0
       0
       0
       0
       0
       0
       0
       0
       0
       0
       0
       0
       0
       0
       0
       0
       0
       0
       0
       0
       0
       0
       0
       0
       0
       0
       0
       0
       0
       0
       0
       1
       1
       0
       1
       0
       1
       2
       1
       4
       3
       1
       2
       4
       2
       1
       3
       3
       0
       2
       1
       4
       1
       1
       6
       1
       2
       2
       2
       2
       3
       1
       1
       3
       2
       4
       2
       4
       4
       3
       1
       3
       6
       5
       1
       1
       3
       1
       0
       3
       0
       1
       5
       3
       1
       2
       1
       2
       4
       1
       0
       3
       1
       1
       1
       2
       1
       4
       2
       2
       1
       2
       0
       3
       3
       2
       1
       2
       1
       2
       0
       1
       2
       3
       4
       2
       1
       1
       3
       4
       1
       2
       0
       1
       2
       0
       4
       2
       2
       1
       5
       0
       2
       1
       3
       0
       2
       5
       2
       1
       2
       0
       2
       1
       2
       0
       2
       1
       1
       2
       1
       1
       3
       3
       2
       1
       1
       1
       1
       1
       3
       2
       4
       1
       2
       1
       5
       3
       3
       2
       2
       1
       3
       2
       0
       3
       2
       3
       1
       0
       2
       0
       4
       1
       2
       3
       0
       2
       4
       6
       3
       1
       2
       1
       2
       0
       4
       1
       1
       1
       1
       3
       1
       2
       1
       0
       1
       2
       0
       1
       4
       1
       2
       2
       1
       4
       2
       0
       1
       1
       0
       1
       2
       1
       4
       0
       1
       0
       3
       3
       2
       2
       0
       1
       0
       2
       5
       1
       4
       0
       1
       1
       2
       1
       3
       3
       1
       2
       1
       2
       2
       1
       3
       0
       1
       0
       0
       2
       2
       1
       4
       1
       0
       1
       3
       2
       2
       0
       2
       0
       3
       1
       1
       2
       1
       3
       1
       0
       2
       0
       2
       5
       1
       1
       4
       3
       2
       3
       2
       2
       4
       3
       3
       0
       2
       2
       3
       2
       4
       2
       1
       2
       1
       2
       1
       2
       0
       1
       3
       0
       3
       3
       2
       4
       2
       2
       4
       1
       3
       1
       4
       0
       0
       2
       3
       0
       4
       0
       1
       3
       1
       2
       3
       1
       3
       2
       0
       3
       1
       2
       4
       2
       1
       3
       4
       3
       3
       3
       0
       1
       2
       2
       3
       2
       2
       1
       2
       2
       4
       4
       1
       3
       4
       1
       5
       1
       2
       1
       1
       3
       0
       1
       1
       1
       0
       4
       5
       1
       2
       1
       0
       2
       2
       1
       2
       3
       1
       1
       4
       2
       3
       3
       3
       1
       3
       2
       4
       6
       6
       2
       1
       5
       1
       1
       4
       3
       1
       0
       2
       5
       2
       3
       5
       4
       1
       5
       0
       2
       0
       1
       2
       1
       2
       3
       0
       3
       1
       1
       1
       2
       2
       4
       5
       2
       4
       5
       4
       2
       3
       1
       4
       0
       2
       1
       4
       0
       2
       1
       2
       1
       3
       2
       4
       3
       2
       4
       0
       4
       6
       2
       3
       0
       2
       2
       0
       2
       2
       5
       2
       2
       1
       3
       3
       0
       3
       3
       1
       1
       3
       3
       3
       4
       2
       4
       3
       1
       3
       2
       4
       2
       3
       3
       4
       2
       2
       2
       2
       3
       2
       2
       1
       0
       4
       4
       2
       4
       2
       2
       0
       2
       1
       0
       4
       1
       2
       1
       5
       3
       3
       0
       4
       2
       0
       5
       3
       0
       1
       5
       1
       1
       1
       4
       6
       1
       2
       3
       1
       2
       3
       4
       2
       2
       2
       2
       1
       1
       3
       3
       5
       2
       2
       1
       2
       2
       5
       2
       4
       2
       4
       0
       2
       2
       3
       1
       4
       6
       3
       3
       1
       3
       2
       2
       4
       2
       3
       0
       2
       5
       2
       3
       7
       1
       5
       2
       1
       0
       1
       2
       3
       2
       2
       4
       4
       5
       2
       2
       3
       4
       0
       1
       1
       2
       4
       1
       5
       0
       1
       4
       2
       2
       4
       4
       5
       0
       2
       3
       1
       4
       3
       4
       6
       3
       4
       5
       3
       3
       0
       2
       2
       1
       2
       2
       3
       6
       2
       1
       3
       1
       3
       3
       4
       2
       1
       1
       4
       2
       2
       2
       2
       1
       5
       3
       0
       2
       1
       1
       0
       2
       2
       3
       1
       2
       2
       5
       3
       5
       2
       2
       2
       4
       1
       2
       2
       3
       0
       4
       5
       0
       3
       2
       2
       2
       4
       4
       2
       2
       4
       0
       2
       2
       1
       2
       8
       3
       3
       3
       0
       2
       5
       1
       3
       3
       2
       1
       3
       1
       1
       2
       3
       1
       5
       3
       2
       2
       3
       1
       1
       3
       0
       6
       1
       7
       2
       5
       6
       0
       2
       2
       2
       2
       4
       7
       1
       3
       2
       5
       2
       2
       3
       2
       1
       4
       6
       4
       1
       0
       3
       5
       2
       4
       2
       6
       2
       2
       0
       5
       5
       0
       5
       0
       3
       1
       0
       3
       4
       3
       2
       2
       4
       2
       0
       1
       1
       5
       1
       3
       2
       1
       5
       2
       1
       3
       5
       1
       2
       2
       2
       2
       3
       2
       1
       5
       3
       2
       2
       4
       1
       1
       3
       1
       2
       1
       4
       4
       3
       3
       2
       3
       3
       2
       3
       0
       2
       3
       4
       3
       4
       2
       3
       5
       2
       1
       3
       1
       6
       3
       2
       4
       2
       2
       2
       3
       2
       3
       3
       1
       5
       3
       3
       5
       1
       2
       2
       2
       3
       1
       3
       1
       4
       2
       0
       7
       5
       1
       2
       3
       0
       5
       5
       1
       5
       3
       1
       2
       2
       3
       2
       4
       4
       3
       0
       2
       2
       4
       5
       3
       1
       1
       3
       1
       2
       2
       2
       1
       4
       1
       4
       5
       3
       2
       2
       1
       1
       3
       1
       2
       3
       2
       3
       4
       3
       1
       2
       2
       1
       3
       3
       2
       3
       0
       1
       2
       7
       3
       3
       2
       3
       3
       1
       4
       3
       5
       3
       5
       1
       2
       2
       0
       2
       4
       2
       2
       3
       4
       4
       2
       5
       3
       2
       0
       1
       3
       2
       0
       3
       2
       1
       2
       3
       4
       0
       0
       3
       2
       1
       4
       3
       2
       4
       1
       4
       1
       7
       1
       4
       3
       0
       4
       3
       5
       4
       0
       3
       4
       1
       2
       2
       1
       4
       2
       3
       0
       3
       2
       0
       3
       1
       3
       3
       3
       3
       1
       0
       4
       3
       3
       2
       1
       3
       5
       2
       2
       4
       3
       1
       3
       1
       6
       2
       1
       1
       2
       3
       4
       5
       4
       3
       5
       2
       2
       2
       1
       2
       6
       2
       1
       7
       2
       3
       3
       0
       2
       2
       3
       2
       2
       3
       4
       0
       6
       3
       3
       7
       2
       3
       0
       2
       4
       3
       0
       3
       3
       2
       8
       3
       6
       3
       5
       4
       1
       7
       4
       3
       4
       3
       5
       3
       3
       4
       0
       3
       4
       7
       2
       3
       5
       5
       7
       9
       1
       2
       3
       2
       3
       3
       6
       4
       4
       3
       2
       6
       8
       5
       3
       8
       4
       8
       7
       7
       8
       6
       4
       4
       5
       9
       4
       6
       6
       4
       6
       6
       2
       4
       2
       4
      10
       6
       1
      10
       6
       6
       5
       7
       5
       7
       3
      11
       2
       9
       9
       5
       5
       9
       4
       9
       9
       8
       7
       9
       9
       5
      10
       7
       4
      10
       7
      10
       9
       6
       7
      10
       3
       7
       6
       3
      10
       7
       8
       6
       9
       9
       7
       9
      11
       7
       5
       7
       5
       7
       8
       2
       9
       9
       7
       8
       3
       3
       5
      10
       6
       2
       4
       5
       5
       5
       6
       2
       1
       7
       3
       8
       5
       3
       5
       6
      10
       3
      11
       2
       8
       9
       6
       5
       5
       5
       6
       3
       7
       6
      11
       4
      10
       3
       5
      11
      11
       3
      10
       1
       5
       4
       4
       5
       9
       9
       6
       5
       5
      12
       6
       6
       6
       9
       9
       8
       4
       7
       5
      10
       8
       5
       6
       9
      11
      12
       7
       7
      10
      13
      10
      14
       7
      11
      12
       8
      16
      16
      12
      16
      14
      12
      10
      17
      14
      22
      15
      15
      17
      29
      22
      23
      20
      25
      28
      22
      20
      23
      42
      22
      15
      31
      27
      37
      32
      30
      23
      26
      31
      25
      28
      36
      47
      45
      29
      49
      46
      41
      51
      54
      50
      55
      47
      45
      57
      74
      82
      68
      93
      78
      91
      67
      73
      90
      84
      85
      97
      98
     118
     111
      98
      97
     103
     138
     136
     132
     114
     130
     143
     171
     163
     159
     166
     161
     175
     174
     164
     190
     201
     199
     214
     213
     195
     229
     210
     245
     208
     266
     255
     249
     256
     262
     269
     305
     282
     341
     284
     330
     288
     308
     291
     322
     324
     349
     358
     369
     390
     364
     338
     389
     387
     383
     391
     401
     399
     425
     384
     430
     452
     441
     398
     429
     448
     466
     447
     449
     491
     461
     498
     515
     464
     475
     486
     415
     470
     451
     499
     430
     467
     498
     482
     419
     468
     484
     480
     464
     466
     442
     445
     434
     473
     419
     433
     462
     458
     412
     398
     402
     435
     418
     401
     384
     359
     394
     370
     387
     358
     383
     361
     349
     345
     368
     366
     317
     281
     303
     353
     301
     288
     303
     326
     284
     269
     258
     236
     286
     219
     229
     230
     233
     238
     210
     211
     190
     189
     195
     177
     182
     183
     183
     147
     135
     171
     167
     142
     153
     138
     125
     126
     124
     102
     101
     112
     103
     101
      90
      89
      95
      77
      89
      67
      78
      80
      67
      55
      63
      59
      64
      56
      54
      48
      54
      43
      40
      48
      35
      33
      40
      25
      23
      25
      30
      14
      21
      22
      31
      28
      21
      14
      13
      16
      10
      15
      17
      18
      13
      10
      11
       5
       8
      13
      10
       4
       5
       3
       7
       4
       5
       1
       5
       3
       2
       1
       4
       4
       2
       1
       1
       2
       1
       1
       2
       2
       2
       2
       3
       2
       0
       1
       0
       1
       1
       0
       0
       3
       1
       0
       0
       0
       0
       0
       0
       0
       0
       0
       0
       0
       0
       0
       0
       0
       0
       0
       0
       0
       0
       0
       0
       0
       0
       0
       0
       0
       0
       0
       0
       0
       0
       0
       0
       0
       0
       1
       0
       0
       0
       0
       0
       0
       0
       0
       0
       0
       0
       0
       0
       0
       0
       0
       0
       0
       0
       0
       0
       0
       0
       0
       0
       0
       0
       0
       0
       0
       0
       0
       0
       0
       0
       0
       0
       0
       0
       0
       0
       0
       0
       0
       0
       0
       0
       0
       0
       0
       0
       0
       0
       0
       0
       0
       0
       0
       0
       0
       0
       0
       1
       0
       0
       0
       0
       0
       0
       0
       0
       1
       0
       0
       0
       0
       0
       0
       0
       0
       0
       0
       0
       0
       0
       0
       0
       0
       0
       0
       0
       0
       0
       0
       0
       0
       0
       0
       0
       0
       0
       0
       0
       1
       0
       0
       0
       0
       0
       0
       0
       0
       0
       0
       0
       0
       0
       0
       0
       0
       1
       0
       0
       0
       0
       0
       0
       0
       0
       0
       0
       0
       1
       0
       0
       0
       0
       0
       0
       0
       0
       0
       0
       0
       0
       0
       0
       0
       0
       0
       0
       0
       0
       0
       0
       0
       0
       0
       0
       0
       0
       0
       0
       0
       0
       0
       0
       0
       0
       0
       0
       0
       0
       0
       0
       0
       0
       0
       0
       0
       0
       0
       0
       0
       0
       0
       0
       0
       0
       0
       0
       0
       0
       0
       0
       0
       0
       1
       0
       0
       0
       0
       0
       0
       0
       0
       1
       0
       0
       0
       0
       0
       0
       0
       0
       0
       0
       0
       0
       0
       0
       0
       0
       0
       0
       0
       0
       0
       0
       0
       0
       0
       0
       0
       0
       0
       0
       0
       0
       0
       0
       0
       0
       0
       0
       0
       0
       0
       1
       0
       0
       0
       0
       0
       0
       0
       0
       0
       0
       0
       0
       0
       0
       0
       0
       0
       0
       0
       0
       0
       0
       0
       0
       0
       0
       0
       0
       0
       0
       0
       0
       0
       0
       0
       0
       0
       0
       0
       0
       0
$ROI:
0
$PRESETS:
Live Time
120
0
$ENER_FIT:
0.000000 0.002526
$MCA_CAL:
3
0.000000E+000 2.525835E-003 0.000000E+000 keV
$SHAPE_CAL:
3
0.000000E+000 0.000000E+000 0.000000E+000
