$SPEC_ID:
No sample description was entered.
$SPEC_REM:
DET# 1
DETDESC# 
AP# Maestro Version 6.08
$DATE_MEA:
09/19/2017 10:04:35
$MEAS_TIM:
120 120
$DATA:
0 2047
       0
       0
       0
       0
       0
       0
       0
       0
       0
       0
       0
       0
       0
       0
       0
       0
       0
       0
       0
       0
       0
       0
       0
       0
       0
       0
       0
       0
       0
       0
       0
       0
       0
       0
       0
       0
       0
       0
       0
       0
       0
       0
       0
       0
       0
       0
       0
       0
       0
       0
       0
       0
       0
       0
       0
       0
       0
       0
       0
       0
       0
       0
       0
       0
       0
       0
       0
       0
       0
       0
       0
       0
       0
       0
       0
       0
       0
       0
       0
       0
       0
       0
       0
       0
       0
       0
       0
       0
       0
       0
       0
       0
       0
       0
       0
       0
       0
       0
       0
       0
       0
       0
       0
       0
       0
       0
       0
       0
       0
       0
       0
       0
       0
       0
       0
       0
       0
       0
       0
       0
       0
       0
       0
       0
       0
       0
       0
       0
       0
       0
       0
       0
       0
       0
       0
       0
       0
       0
       0
       0
       0
       0
       0
       0
       0
       0
       0
       0
       0
       0
       0
       0
       0
       0
       0
       0
       0
       0
       0
       0
       0
       0
       0
       0
       0
       0
       0
       0
       0
       0
       0
       0
       0
       0
       0
       0
       0
       0
       0
       0
       0
       0
       0
       0
       0
       0
       0
       0
       0
       0
       0
       0
       0
       0
       0
       0
       0
       1
       1
       0
       2
       3
       2
       2
       2
       4
       0
       2
       1
       3
       4
       0
       3
       0
       4
       0
       0
       2
       1
       0
       2
       3
       0
       0
       1
       1
       4
       2
       2
       3
       0
       1
       1
       0
       0
       0
       4
       0
       1
       4
       4
       2
       2
       2
       0
       1
       3
       2
       2
       0
       1
       2
       0
       1
       3
       3
       0
       4
       3
       2
       1
       4
       2
       1
       2
       6
       0
       2
       2
       3
       1
       0
       3
       1
       2
       3
       0
       1
       0
       3
       1
       0
       1
       0
       1
       3
       2
       1
       3
       1
       1
       1
       2
       3
       4
       0
       0
       1
       1
       2
       2
       1
       2
       4
       2
       1
       1
       4
       0
       3
       0
       4
       1
       0
       1
       4
       2
       1
       3
       1
       0
       1
       3
       1
       0
       3
       2
       2
       2
       2
       1
       1
       2
       1
       2
       1
       1
       3
       0
       2
       4
       1
       2
       1
       1
       1
       3
       5
       0
       1
       1
       2
       2
       3
       1
       3
       1
       4
       3
       0
       0
       2
       3
       4
       2
       2
       3
       0
       0
       2
       1
       4
       1
       3
       2
       4
       1
       1
       4
       2
       1
       4
       0
       0
       3
       2
       4
       3
       1
       0
       2
       1
       1
       2
       1
       2
       2
       2
       4
       2
       2
       1
       3
       2
       3
       1
       3
       2
       1
       1
       0
       2
       3
       1
       2
       4
       3
       0
       1
       0
       3
       3
       1
       3
       1
       1
       3
       0
       1
       5
       1
       2
       0
       2
       3
       3
       1
       1
       2
       2
       0
       3
       2
       3
       2
       3
       2
       1
       1
       1
       1
       1
       1
       2
       1
       2
       0
       2
       2
       1
       3
       5
       1
       1
       3
       3
       4
       2
       1
       2
       1
       1
       1
       2
       3
       2
       2
       2
       0
       3
       2
       3
       0
       2
       1
       3
       1
       0
       0
       2
       1
       2
       4
      10
       3
       3
       1
       4
       3
       4
       1
       4
       0
       1
       2
       1
       2
       3
       6
       2
       0
       1
       3
       3
       3
       0
       3
       3
       3
       3
       2
       4
       4
       2
       2
       1
       1
       2
       3
       2
       3
       3
       3
       3
       4
       1
       3
       5
       6
       1
       3
       1
       1
       3
       3
       2
       1
       2
       1
       1
       2
       2
       5
       2
       3
       1
       1
       0
       2
       1
       5
       3
       1
       2
       4
       1
       2
       3
       3
       3
       2
       0
       1
       4
       0
       1
       5
       2
       1
       3
       0
       4
       2
       3
       3
       1
       1
       0
       0
       0
       4
       1
       0
       3
       1
       0
       3
       4
       1
       3
       3
       6
       0
       1
       3
       1
       1
       4
       0
       4
       1
       3
       4
       4
       3
       6
       2
       1
       2
       1
       2
       0
       2
       2
       3
       2
       4
       2
       2
       2
       5
       1
       2
       2
       5
       1
       2
       6
       1
       3
       2
       3
       1
       1
       2
       4
       0
       2
       3
       3
       2
       3
       1
       2
       3
       3
       3
       0
       2
       1
       0
       0
       3
       2
       2
       4
       2
       0
       4
       1
       0
       0
       7
       4
       2
       4
       6
       3
       4
       4
       3
       0
       4
       2
       0
       1
       5
       2
       3
       2
       4
       2
       1
       1
       3
       4
       3
       1
       0
       7
       2
       3
       4
       1
       2
       0
       2
       3
       2
       2
       1
       2
       2
       2
       8
       6
       2
       1
       2
       7
       4
       5
       1
       0
       4
       4
       5
       5
       3
       4
       2
       0
       2
       2
       3
       1
       2
       4
       2
       1
       2
       2
       3
       1
       2
       4
       2
       5
       2
       5
       3
       0
       2
       3
       1
       3
       4
       1
       3
       1
       1
       1
       4
       4
       0
       2
       4
       1
       3
       5
       2
       5
       2
       1
       0
       3
       3
       1
       1
       5
       2
       1
       2
       4
       3
       3
       2
       3
       3
       1
       2
       3
       0
       3
       1
       3
       3
       2
       3
       5
       1
       1
       2
       4
       2
       1
       3
       4
       0
       3
       2
       3
       0
       1
       2
       3
       5
       2
       4
       2
       6
       0
       1
       5
       4
       1
       1
       2
       1
       3
       3
       2
       2
       2
       2
       2
       1
       4
       2
       2
       3
       4
       1
       3
       6
       4
       3
       4
       4
       1
       2
       1
       1
       3
       1
       6
       3
       2
       1
       4
       4
       0
       5
       4
       3
       0
       5
       5
       3
       4
       5
       3
       2
       5
       0
       6
       1
       0
       0
       5
       3
       2
       1
       3
       3
       5
       4
       1
       4
       3
       5
       1
       2
       3
       2
       2
       1
       3
       2
       2
       2
       3
       2
       1
       3
       3
       4
       7
       3
       3
       3
       2
       1
       2
       2
       5
       3
       2
       5
       5
       0
       1
       2
       7
       1
       1
       4
       1
       5
       1
       5
       2
       2
       3
       1
       3
       1
       1
       3
       4
       3
       0
       3
       2
       2
       1
       4
       8
       3
       4
       1
       1
       4
       1
       0
       4
       6
       5
       4
       2
       2
       5
       0
       2
       5
       3
       3
       2
       3
       1
       3
       4
       4
       4
       1
       2
       3
       3
       4
       4
       4
       1
       1
       3
       5
       4
       1
       4
       3
       4
       3
       3
       2
       3
       0
       0
       2
       4
       3
       3
       2
       3
       6
       1
       3
       4
       1
       1
       3
       6
       4
       3
       4
       1
       1
       2
       4
       3
       6
       3
       2
       2
       0
       3
       2
       4
       2
       1
       2
       1
       1
       3
       4
       1
       7
       2
       2
       1
       3
       2
       0
       1
       4
       3
       1
       3
       3
       5
       1
       1
       2
       2
       3
       6
       1
       4
       2
       2
       4
       2
       4
       1
       6
       2
       3
       4
       2
       4
       0
       5
       2
       5
       3
       3
       2
       4
       3
       0
       0
       6
       0
       3
       1
       2
       2
       1
       2
       2
       4
       3
       0
       3
       3
       4
       5
       3
       1
       3
       2
       1
       5
       2
       0
       2
       2
       2
       4
       7
       1
       1
       3
       7
       3
       5
       1
       3
       1
       4
       3
       2
       5
       4
       2
       4
       1
       2
       5
       5
       3
       5
       0
       5
       5
       2
       2
       1
       4
       2
       3
       4
       3
       3
       5
       4
       2
       5
       2
       3
       3
       7
       0
       4
       4
       2
       2
       1
       4
       5
       1
       0
       1
       1
       1
       2
       4
       1
       8
       3
       1
       4
       3
       0
       2
       0
       2
       5
       4
       0
       6
       1
       4
       3
       3
       3
       2
       5
       4
       2
       6
       2
       0
       0
       3
       3
       3
       3
       5
       2
       2
       2
       8
       1
       3
       2
       2
       2
       0
       3
       1
       3
       4
       4
       4
       3
       3
       4
       2
       5
       3
       4
       2
       7
       3
       2
       1
       1
       2
       3
       3
       5
       3
       2
       2
       4
       2
       5
       4
       4
       3
       9
       5
       2
       6
       5
       4
       2
       8
       1
       7
       3
       3
       7
       4
       7
       2
       4
       5
       5
       1
       2
       3
       6
       6
       7
       4
       6
       7
       3
       4
       5
       5
      10
       3
       5
       5
       9
      10
       6
       4
       3
       9
       9
       4
       8
       8
       8
       9
       8
       4
       4
       4
       8
       4
       5
      11
       8
       3
       8
       6
      15
       8
      11
       9
       6
       8
       7
       7
       8
       8
       7
       3
       5
       9
       4
       2
       5
      12
      13
       3
       7
       3
       8
       9
       3
      10
      12
       9
       4
       2
       4
       4
       5
       6
       5
       7
       9
       6
      10
       7
       2
       6
       8
       7
      10
       5
      10
       6
       3
      11
       4
       7
       2
       6
       8
       6
       5
       7
       4
       5
       5
       1
       6
       4
       7
       9
       9
       8
       7
       6
       7
       8
       2
      10
       6
       5
       7
       8
       7
       7
       4
       6
      10
       7
       4
       7
       3
       6
       8
      12
       4
       9
       8
       5
       9
       6
      12
       4
      11
      10
      10
       3
       8
       7
       4
       5
       8
       9
       5
       4
      12
      11
       9
      10
      15
      10
       8
       6
       5
      16
      11
      11
      13
      12
       9
       9
      10
      13
      13
       9
      14
       8
      15
      16
      13
      11
      20
      11
      14
      16
      20
      14
      13
      20
      20
      30
      21
      16
      22
      29
      29
      26
      22
      30
      23
      25
      27
      27
      27
      41
      49
      36
      40
      39
      38
      33
      40
      55
      52
      36
      58
      62
      69
      50
      83
      66
      67
      60
      72
      79
      76
      79
      81
      97
      94
     106
     116
     110
     105
     104
     104
     130
     125
     138
     144
     139
     130
     146
     153
     150
     162
     172
     170
     176
     188
     190
     196
     194
     201
     208
     221
     241
     219
     243
     245
     258
     276
     293
     290
     273
     271
     331
     275
     330
     332
     308
     296
     317
     355
     358
     337
     366
     386
     376
     372
     387
     402
     407
     432
     409
     402
     443
     442
     460
     478
     437
     467
     464
     495
     501
     465
     458
     451
     496
     513
     480
     489
     519
     526
     472
     511
     516
     480
     483
     521
     501
     485
     483
     505
     462
     450
     520
     482
     501
     442
     419
     488
     452
     451
     471
     492
     421
     429
     405
     451
     423
     415
     406
     427
     425
     404
     408
     372
     375
     356
     357
     372
     371
     318
     300
     309
     264
     361
     292
     253
     287
     292
     281
     261
     260
     259
     252
     232
     233
     213
     234
     197
     210
     209
     182
     196
     173
     195
     196
     171
     171
     129
     139
     151
     157
     136
     119
     127
     108
     126
      99
      95
      91
      94
      81
      85
      98
      96
      87
      75
      74
      66
      63
      62
      55
      52
      60
      38
      59
      55
      54
      35
      38
      36
      38
      31
      31
      44
      29
      34
      16
      24
      23
      21
      15
      12
      16
      19
      13
      18
      10
       5
      14
       6
      16
       7
       8
       7
       7
       5
       6
       6
       5
       4
       5
       5
       6
       5
       2
       2
       0
       6
       2
       4
       2
       5
       1
       2
       1
       1
       2
       2
       3
       1
       0
       0
       1
       0
       0
       0
       0
       0
       0
       0
       0
       0
       0
       1
       1
       1
       0
       0
       0
       0
       0
       0
       0
       0
       0
       1
       0
       1
       0
       0
       0
       0
       0
       0
       0
       0
       0
       0
       0
       0
       0
       0
       0
       0
       0
       0
       0
       1
       0
       0
       0
       0
       0
       1
       0
       0
       0
       0
       0
       0
       0
       0
       1
       0
       0
       0
       0
       0
       0
       0
       0
       0
       0
       0
       0
       0
       0
       0
       0
       0
       0
       0
       0
       1
       0
       0
       0
       0
       0
       0
       0
       0
       0
       0
       0
       0
       0
       0
       0
       0
       0
       0
       0
       0
       0
       0
       0
       0
       0
       1
       0
       0
       0
       0
       0
       0
       0
       0
       0
       0
       0
       0
       0
       0
       0
       0
       0
       0
       0
       0
       0
       0
       0
       0
       0
       0
       0
       0
       0
       0
       0
       0
       0
       0
       0
       0
       0
       0
       0
       0
       0
       0
       0
       0
       0
       0
       0
       0
       0
       0
       0
       0
       0
       0
       0
       0
       0
       0
       0
       0
       0
       0
       0
       0
       0
       0
       0
       0
       0
       0
       0
       0
       0
       0
       0
       1
       0
       0
       0
       0
       0
       0
       0
       0
       0
       0
       0
       0
       0
       0
       0
       0
       0
       0
       0
       0
       0
       0
       0
       0
       0
       0
       0
       0
       0
       0
       1
       0
       0
       0
       0
       1
       0
       1
       0
       1
       0
       0
       0
       0
       0
       0
       0
       0
       0
       0
       1
       0
       0
       1
       0
       0
       0
       0
       0
       0
       0
       1
       0
       0
       0
       0
       0
       0
       0
       0
       0
       0
       0
       0
       0
       0
       0
       0
       0
       0
       0
       1
       0
       0
       0
       0
       0
       0
       0
       0
       0
       0
       0
       0
       0
       0
       1
       0
       0
       0
       0
       0
       0
       0
       0
       0
       0
       0
       0
       0
       0
       0
       0
       0
       0
       0
       0
       0
       0
       0
       0
       0
       0
       0
       0
       0
       0
       0
       0
       0
       0
       0
       0
       0
       0
       0
       0
       0
       0
       0
       0
       0
       0
       0
       0
       0
       0
       0
       0
       0
       0
       0
       0
       0
$ROI:
0
$PRESETS:
Live Time
120
0
$ENER_FIT:
0.000000 0.002526
$MCA_CAL:
3
0.000000E+000 2.525835E-003 0.000000E+000 keV
$SHAPE_CAL:
3
0.000000E+000 0.000000E+000 0.000000E+000
