$SPEC_ID:
No sample description was entered.
$SPEC_REM:
DET# 1
DETDESC# 
AP# Maestro Version 6.08
$DATE_MEA:
09/19/2017 09:54:32
$MEAS_TIM:
120 120
$DATA:
0 2047
       0
       0
       0
       0
       0
       0
       0
       0
       0
       0
       0
       0
       0
       0
       0
       0
       0
       0
       0
       0
       0
       0
       0
       0
       0
       0
       0
       0
       0
       0
       0
       0
       0
       0
       0
       0
       0
       0
       0
       0
       0
       0
       0
       0
       0
       0
       0
       0
       0
       0
       0
       0
       0
       0
       0
       0
       0
       0
       0
       0
       0
       0
       0
       0
       0
       0
       0
       0
       0
       0
       0
       0
       0
       0
       0
       0
       0
       0
       0
       0
       0
       0
       0
       0
       0
       0
       0
       0
       0
       0
       0
       0
       0
       0
       0
       0
       0
       0
       0
       0
       0
       0
       0
       0
       0
       0
       0
       0
       0
       0
       0
       0
       0
       0
       0
       0
       0
       0
       0
       0
       0
       0
       0
       0
       0
       0
       0
       0
       0
       0
       0
       0
       0
       0
       0
       0
       0
       0
       0
       0
       0
       0
       0
       0
       0
       0
       0
       0
       0
       0
       0
       0
       0
       0
       0
       0
       0
       0
       0
       0
       0
       0
       0
       0
       0
       0
       0
       0
       0
       0
       0
       0
       0
       0
       0
       0
       0
       0
       0
       0
       0
       0
       0
       0
       0
       0
       0
       0
       0
       0
       0
       0
       0
       1
       0
       0
       0
       1
       3
       2
       3
       5
       3
       1
       0
       1
       0
       0
       2
       3
       0
       4
       1
       2
       1
       1
       0
       2
       1
       3
       2
       2
       4
       1
       4
       1
       1
       2
       0
       2
       1
       1
       2
       0
       1
       3
       1
       1
       2
       1
       1
       0
       2
       1
       1
       1
       1
       3
       7
       0
       2
       2
       1
       1
       2
       4
       1
       3
       2
       3
       0
       1
       4
       1
       6
       2
       2
       0
       3
       1
       1
       2
       2
       0
       1
       1
       0
       2
       2
       2
       2
       2
       1
       1
       1
       2
       3
       4
       4
       1
       2
       1
       2
       1
       2
       1
       3
       0
       1
       3
       3
       2
       1
       0
       1
       2
       1
       0
       1
       0
       2
       4
       1
       1
       1
       3
       2
       3
       3
       1
       4
       2
       0
       1
       0
       1
       3
       0
       0
       3
       5
       4
       1
       4
       4
       1
       2
       1
       0
       1
       1
       3
       0
       2
       1
       5
       3
       1
       1
       3
       1
       2
       0
       3
       1
       5
       0
       3
       5
       2
       3
       2
       0
       6
       1
       3
       2
       4
       1
       0
       2
       1
       4
       2
       2
       2
       2
       1
       4
       1
       5
       1
       6
       2
       1
       3
       2
       0
       1
       0
       2
       1
       1
       2
       0
       5
       1
       2
       2
       0
       3
       2
       0
       1
       0
       2
       1
       1
       4
       1
       1
       2
       3
       2
       1
       4
       1
       1
       3
       2
       1
       3
       2
       2
       5
       2
       1
       2
       0
       5
       4
       1
       2
       1
       1
       2
       3
       3
       2
       2
       2
       1
       1
       2
       1
       2
       3
       2
       2
       0
       2
       2
       1
       2
       0
       3
       1
       0
       1
       1
       2
       3
       1
       3
       1
       3
       2
       1
       3
       0
       3
       1
       1
       1
       1
       1
       0
       1
       3
       6
       1
       3
       0
       1
       3
       2
       2
       1
       1
       4
       5
       4
       2
       0
       1
       0
       2
       1
       5
       1
       1
       4
       2
       4
       1
       3
       1
       1
       2
       0
       2
       3
       2
       1
       2
       2
       3
       3
       0
       5
       1
       6
       3
       1
       5
       0
       2
       1
       3
       1
       5
       1
       3
       1
       2
       1
       1
       4
       4
       2
       2
       2
       3
       3
       3
       6
       5
       4
       2
       1
       4
       1
       3
       0
       2
       1
       7
       4
       6
       4
       4
       3
       1
       2
       1
       3
       4
       6
       1
       1
       0
       0
       3
       2
       2
       4
       1
       1
       2
       3
       4
       3
       4
       2
       2
       1
       2
       2
       4
       2
       1
       1
       5
       1
       1
       4
       2
       3
       2
       0
       0
       0
       2
       2
       3
       2
       2
       2
       1
       2
       2
       5
       3
       0
       0
       1
       1
       1
       0
       1
       0
       0
       2
       4
       5
       1
       3
       1
       2
       3
       2
       1
       1
       6
       0
       1
       2
       0
       3
       0
       4
       5
       2
       2
       3
       3
       3
       2
       3
       2
       1
       0
       4
       4
       4
       2
       2
       2
       1
       3
       2
       1
       2
       2
       2
       3
       1
       2
       1
       3
       1
       3
       5
       3
       3
       2
       3
       1
       1
       1
       0
       1
       2
       5
       2
       0
       1
       7
       7
       2
       3
       2
       4
       2
       3
       3
       4
       4
       2
       3
       1
       4
       3
       2
       0
       3
       2
       3
       1
       0
       0
       3
       3
       3
       1
       4
       3
       0
       3
       2
       2
       2
       1
       1
       3
       2
       3
       0
       2
       2
       1
       3
       3
       1
       3
       1
       3
       2
       2
       1
       3
       5
       4
       3
       1
       3
       2
       4
       2
       1
       3
       1
       4
       1
       1
       1
       3
       3
       2
       1
       2
       1
       2
       2
       5
       4
       4
       6
       1
       2
       2
       2
       2
       2
       2
       4
       6
       4
       1
       2
       4
       1
       0
       3
       1
       5
       3
       2
       0
       4
       3
       6
       2
       4
       2
       3
       3
       1
       1
       1
       1
       1
       7
       4
       2
       2
       7
       1
       3
       2
       3
       2
       3
       4
       4
       2
       2
       1
       3
       1
       7
       0
       4
       1
       2
       4
       3
       5
       0
       4
       2
       2
       2
       0
       4
       4
       3
       2
       1
       2
       2
       1
       2
       0
       2
       3
       1
       3
       6
       4
       0
       5
       2
       1
       0
       1
       1
       7
       5
       3
       3
       6
       0
       1
       2
       2
       2
       4
       6
       3
       4
       6
       5
       2
       3
       1
       1
       2
       4
       1
       2
       0
       1
       4
       2
       1
       0
       0
       2
       3
       1
       1
       0
       5
       1
       1
       2
       5
       3
       2
       0
       2
       2
       4
       0
       0
       4
       3
       3
       1
       2
       0
       1
       3
       2
       2
       7
       4
       1
       4
       1
       2
       0
       0
       3
       1
       3
       2
       0
       3
       2
       2
       2
       5
       2
       2
       3
       4
       0
       6
       5
       2
       1
       4
       2
       3
       1
       2
       1
       6
       3
       4
       1
       2
       3
       2
       2
       6
       3
       0
       1
       1
       3
       0
       3
       0
       4
       4
       2
       2
       2
       4
       1
       4
       4
       2
       3
       2
       3
       4
       2
       2
       7
       1
       3
       3
       4
       3
       1
       0
       4
       2
       3
       3
       3
       5
       1
       3
       4
       1
       1
       4
       1
       4
       2
       3
       0
       2
       6
       1
       0
       1
       2
       6
       2
       6
       1
       1
       2
       1
       4
       2
       1
       2
       2
       4
       3
       5
       2
       4
       2
       0
       2
       2
       1
       3
       0
       6
       1
       0
       0
       2
       5
       2
       1
       2
       2
       2
       2
       1
       5
       4
       2
       7
       6
       1
       2
       4
       1
       1
       2
       4
       1
       4
       2
       0
       4
       1
       2
       4
       4
       0
       0
       2
       3
       2
       1
       3
       4
       4
       2
       2
       2
       5
       0
       6
       0
       5
       3
       2
       2
       2
       3
       6
       3
       1
       2
       2
       6
       0
       1
       4
       2
       2
       2
       6
       2
       5
       1
       4
       5
       2
       4
       1
       2
       3
       0
       2
       4
       2
       7
       3
       2
       4
       4
       1
       2
       4
       3
       3
       3
       3
       1
       4
       3
       5
       3
       7
       4
       3
       4
       1
       4
       3
       2
       3
       1
       1
       8
       4
       4
       2
       4
       2
       3
       2
       2
       2
       5
       3
       1
       5
       2
       1
       4
       4
       1
       4
       2
       3
       2
       3
       1
       3
       2
       2
       5
       1
       2
       4
       4
       2
       4
       4
       7
       3
       5
       3
       2
       5
       2
       2
       4
       5
       2
       6
       3
       3
       3
       4
       1
       4
       1
       2
       3
       1
       0
       3
       4
       4
       2
       6
       6
       4
       0
       6
       4
       3
       2
       4
       1
       3
       2
      10
       8
       6
       4
       2
       2
       6
       4
       2
      10
       4
       5
       1
       0
       7
       3
       4
       0
       8
       6
       4
       4
       2
       4
       3
      10
       3
       6
       5
       3
       1
       3
       4
       6
       5
       2
       3
       3
       9
      10
       2
       4
       4
       7
       6
       4
      10
       7
       4
       8
       7
       7
       5
       4
       5
       2
       8
       6
       3
       4
       6
       7
       3
       7
       6
       3
       9
       4
       5
       4
       7
       6
       4
       3
       2
       3
       9
       2
       3
       5
       8
       6
       7
       5
      10
       4
       5
       4
       4
      11
       7
       4
       4
       9
       7
       5
       5
       4
       5
       4
      11
       7
       8
       5
       6
       5
       3
       7
       7
       7
       5
       9
       7
       5
       4
      10
       9
       3
       6
       6
       9
       4
      10
       3
       9
       6
       6
       6
       4
       8
       7
       5
       8
       7
       2
       3
       6
       3
       5
       7
       3
       5
       9
       3
       7
       5
       6
       8
       7
       6
       6
       4
       1
       6
       9
       3
       6
       2
       7
       2
       4
       5
       2
       8
       6
       7
       5
       3
       8
       6
      14
       7
       5
      12
       9
       5
       6
       5
       8
       9
       6
       5
       7
      10
       5
      10
       6
       5
       4
       8
       9
       8
      11
       6
      11
      10
      15
      11
       8
      14
       9
       6
      11
       9
       6
      14
       9
      12
      12
      12
      15
      14
      15
      14
      24
      14
      23
      20
      16
      20
      29
      23
      28
      23
      28
      23
      33
      30
      36
      27
      37
      32
      35
      35
      24
      33
      33
      49
      47
      56
      37
      29
      57
      47
      43
      54
      55
      75
      60
      66
      70
      77
      76
      67
      68
      90
     100
      87
      84
     103
     112
     105
      98
     119
      95
     142
     146
     136
     126
     151
     141
     150
     155
     156
     137
     172
     175
     162
     170
     180
     166
     182
     212
     207
     220
     224
     224
     225
     244
     248
     238
     261
     248
     266
     298
     345
     320
     313
     307
     344
     285
     349
     322
     319
     319
     327
     364
     356
     372
     383
     384
     380
     394
     413
     399
     424
     443
     388
     425
     401
     429
     458
     490
     407
     481
     437
     463
     476
     482
     479
     499
     525
     515
     504
     474
     436
     493
     439
     494
     559
     493
     479
     491
     510
     463
     497
     452
     488
     481
     448
     482
     500
     453
     427
     465
     467
     420
     471
     432
     440
     448
     420
     378
     444
     399
     414
     366
     390
     376
     365
     350
     382
     334
     332
     315
     329
     345
     309
     321
     296
     292
     282
     265
     288
     275
     269
     283
     247
     254
     239
     238
     200
     213
     220
     174
     223
     194
     170
     191
     174
     172
     152
     179
     154
     150
     129
     128
     126
     136
     134
     114
     111
     117
      80
      84
      93
     103
      92
      82
      76
      86
      84
      67
      63
      66
      49
      70
      60
      48
      43
      43
      49
      42
      49
      37
      34
      37
      28
      25
      26
      28
      27
      28
      29
      31
      23
      20
      20
      11
      17
      13
      15
      17
       7
      16
      10
       8
      11
       8
       8
       8
       8
       7
       5
       7
       6
       6
       1
       4
       0
       2
       2
       1
       3
       3
       2
       3
       3
       1
       0
       1
       0
       2
       0
       1
       2
       0
       1
       0
       0
       2
       0
       1
       0
       0
       1
       0
       0
       0
       0
       1
       0
       0
       0
       0
       0
       0
       0
       0
       0
       0
       0
       0
       0
       0
       0
       0
       1
       0
       0
       0
       0
       0
       0
       0
       0
       0
       0
       0
       0
       0
       0
       0
       0
       0
       0
       0
       0
       0
       0
       0
       0
       0
       0
       0
       0
       0
       0
       0
       0
       0
       0
       0
       0
       0
       0
       0
       0
       0
       0
       0
       0
       0
       0
       0
       0
       0
       0
       0
       0
       0
       0
       0
       0
       1
       0
       0
       0
       0
       1
       0
       0
       0
       0
       0
       0
       0
       0
       0
       1
       0
       0
       0
       0
       0
       0
       0
       0
       0
       0
       0
       0
       0
       0
       0
       0
       0
       0
       0
       0
       0
       0
       0
       1
       0
       0
       0
       0
       0
       0
       0
       0
       0
       0
       0
       0
       0
       0
       0
       0
       0
       0
       0
       0
       0
       0
       0
       0
       0
       0
       0
       0
       0
       0
       0
       0
       0
       0
       1
       0
       0
       0
       0
       0
       0
       0
       0
       0
       0
       0
       0
       0
       0
       0
       0
       0
       0
       0
       0
       0
       0
       0
       1
       0
       0
       0
       0
       0
       0
       0
       0
       0
       0
       0
       0
       0
       0
       0
       0
       0
       0
       0
       0
       0
       0
       0
       0
       0
       0
       0
       0
       0
       0
       0
       0
       0
       0
       0
       0
       0
       0
       0
       0
       0
       0
       0
       0
       0
       0
       0
       0
       0
       0
       0
       0
       0
       0
       0
       0
       0
       1
       0
       0
       1
       0
       0
       0
       0
       0
       0
       0
       0
       0
       0
       0
       0
       0
       0
       0
       0
       0
       0
       0
       0
       0
       0
       0
       0
       0
       0
       0
       0
       0
       0
       0
       0
       0
       1
       0
       1
       1
       0
       0
       0
       0
       0
       0
       0
       0
       0
       0
       0
       0
       0
       0
       0
       0
       0
       0
       0
       0
       0
       0
       0
       0
       0
       0
       0
       0
       0
       0
       0
       0
       0
       0
       0
       0
       0
       0
       0
       0
       0
       0
       0
       0
       0
       0
       0
       0
       0
       0
       0
       0
       0
       0
$ROI:
0
$PRESETS:
Live Time
120
0
$ENER_FIT:
0.000000 0.002526
$MCA_CAL:
3
0.000000E+000 2.525835E-003 0.000000E+000 keV
$SHAPE_CAL:
3
0.000000E+000 0.000000E+000 0.000000E+000
