SPEC_ID:	'No sample description was entered.'
SPEC_REM:	'DET# 1'
DATE_MEA:	'09/14/2017 09:50:41'
MEAS_TIM:	'91 91'
DATA:	'0 2047'
ROI:	'1'
PRESETS:	'Live Time'
ENER_FIT:	'0.000000 0.002526'
MCA_CAL:	'3'
SHAPE_CAL:	'3'

Channel	Counts
0	0
1	0
2	0
3	0
4	0
5	0
6	0
7	0
8	0
9	0
10	0
11	0
12	0
13	0
14	0
15	0
16	0
17	0
18	0
19	0
20	0
21	0
22	0
23	0
24	0
25	0
26	0
27	0
28	0
29	0
30	0
31	0
32	0
33	0
34	0
35	0
36	0
37	0
38	0
39	0
40	0
41	0
42	0
43	0
44	0
45	0
46	0
47	0
48	0
49	0
50	0
51	0
52	0
53	0
54	0
55	0
56	0
57	0
58	0
59	0
60	0
61	0
62	0
63	0
64	0
65	0
66	0
67	0
68	0
69	0
70	0
71	0
72	0
73	0
74	0
75	0
76	0
77	0
78	0
79	0
80	0
81	0
82	0
83	0
84	0
85	0
86	0
87	0
88	0
89	0
90	0
91	0
92	0
93	0
94	0
95	0
96	0
97	0
98	0
99	0
100	0
101	0
102	0
103	0
104	0
105	0
106	0
107	0
108	0
109	0
110	0
111	0
112	0
113	0
114	0
115	0
116	0
117	0
118	0
119	0
120	0
121	0
122	0
123	0
124	0
125	0
126	0
127	0
128	0
129	0
130	0
131	0
132	0
133	0
134	0
135	0
136	0
137	0
138	0
139	0
140	0
141	0
142	0
143	0
144	0
145	0
146	0
147	0
148	0
149	0
150	0
151	0
152	0
153	0
154	0
155	0
156	0
157	0
158	0
159	0
160	0
161	0
162	0
163	0
164	0
165	0
166	0
167	0
168	0
169	0
170	0
171	0
172	0
173	0
174	0
175	0
176	0
177	0
178	0
179	0
180	0
181	0
182	0
183	0
184	0
185	0
186	0
187	0
188	0
189	0
190	0
191	0
192	0
193	0
194	0
195	0
196	0
197	1
198	0
199	0
200	1
201	1
202	0
203	0
204	0
205	1
206	0
207	0
208	1
209	2
210	1
211	2
212	2
213	1
214	0
215	0
216	1
217	1
218	1
219	0
220	0
221	1
222	1
223	2
224	0
225	2
226	0
227	2
228	2
229	0
230	0
231	1
232	0
233	1
234	1
235	2
236	1
237	0
238	1
239	1
240	0
241	1
242	2
243	0
244	0
245	1
246	1
247	0
248	0
249	1
250	0
251	0
252	1
253	2
254	1
255	0
256	1
257	1
258	1
259	0
260	0
261	0
262	0
263	0
264	1
265	0
266	0
267	1
268	0
269	1
270	0
271	0
272	1
273	1
274	0
275	2
276	1
277	1
278	1
279	1
280	2
281	0
282	1
283	0
284	2
285	0
286	1
287	1
288	0
289	0
290	0
291	0
292	1
293	0
294	1
295	1
296	0
297	0
298	1
299	0
300	0
301	0
302	2
303	0
304	3
305	1
306	3
307	1
308	1
309	2
310	0
311	1
312	0
313	1
314	1
315	0
316	0
317	1
318	1
319	4
320	1
321	0
322	1
323	0
324	0
325	2
326	0
327	0
328	1
329	1
330	0
331	2
332	1
333	0
334	1
335	0
336	0
337	0
338	1
339	0
340	1
341	0
342	1
343	1
344	1
345	1
346	0
347	1
348	1
349	1
350	0
351	1
352	1
353	3
354	0
355	0
356	0
357	1
358	1
359	2
360	0
361	1
362	2
363	0
364	0
365	0
366	1
367	0
368	1
369	1
370	0
371	1
372	2
373	1
374	0
375	0
376	0
377	0
378	0
379	2
380	0
381	1
382	0
383	0
384	2
385	1
386	1
387	0
388	0
389	0
390	1
391	0
392	0
393	2
394	2
395	0
396	1
397	1
398	2
399	1
400	2
401	1
402	1
403	0
404	0
405	0
406	0
407	0
408	1
409	0
410	0
411	0
412	1
413	0
414	1
415	0
416	1
417	0
418	1
419	0
420	2
421	0
422	2
423	1
424	1
425	1
426	0
427	3
428	0
429	0
430	2
431	1
432	3
433	0
434	1
435	1
436	1
437	2
438	0
439	0
440	1
441	1
442	0
443	2
444	2
445	1
446	3
447	0
448	0
449	1
450	0
451	0
452	0
453	0
454	1
455	2
456	0
457	0
458	0
459	0
460	2
461	0
462	1
463	1
464	0
465	1
466	0
467	1
468	0
469	2
470	0
471	0
472	0
473	0
474	0
475	0
476	0
477	3
478	0
479	0
480	0
481	0
482	4
483	1
484	1
485	0
486	1
487	0
488	0
489	0
490	1
491	1
492	0
493	0
494	0
495	2
496	1
497	1
498	0
499	4
500	0
501	1
502	0
503	1
504	1
505	0
506	0
507	1
508	0
509	0
510	0
511	0
512	0
513	0
514	0
515	1
516	2
517	0
518	0
519	0
520	0
521	0
522	1
523	0
524	0
525	0
526	0
527	1
528	1
529	0
530	0
531	0
532	0
533	0
534	1
535	0
536	0
537	0
538	0
539	1
540	0
541	2
542	0
543	0
544	2
545	1
546	1
547	0
548	2
549	0
550	1
551	0
552	0
553	0
554	0
555	0
556	1
557	2
558	1
559	2
560	0
561	2
562	0
563	2
564	0
565	0
566	1
567	1
568	3
569	1
570	1
571	0
572	0
573	0
574	0
575	1
576	1
577	1
578	1
579	0
580	1
581	0
582	1
583	0
584	2
585	1
586	0
587	1
588	0
589	0
590	0
591	0
592	0
593	0
594	1
595	0
596	0
597	0
598	1
599	3
600	0
601	0
602	0
603	0
604	0
605	0
606	1
607	0
608	1
609	1
610	0
611	0
612	0
613	0
614	0
615	0
616	0
617	0
618	1
619	1
620	3
621	0
622	0
623	0
624	0
625	0
626	0
627	0
628	0
629	0
630	1
631	0
632	0
633	0
634	0
635	0
636	0
637	1
638	2
639	0
640	0
641	0
642	0
643	0
644	0
645	3
646	0
647	0
648	2
649	4
650	1
651	1
652	0
653	0
654	1
655	0
656	0
657	0
658	0
659	2
660	0
661	1
662	0
663	0
664	1
665	0
666	0
667	0
668	1
669	0
670	0
671	0
672	0
673	1
674	0
675	3
676	0
677	0
678	0
679	0
680	1
681	0
682	0
683	0
684	0
685	0
686	0
687	2
688	1
689	0
690	1
691	0
692	1
693	0
694	1
695	1
696	0
697	1
698	0
699	1
700	1
701	0
702	0
703	0
704	1
705	0
706	0
707	0
708	1
709	0
710	0
711	1
712	0
713	0
714	1
715	0
716	0
717	1
718	0
719	1
720	0
721	0
722	0
723	1
724	0
725	0
726	1
727	0
728	0
729	0
730	2
731	3
732	0
733	0
734	0
735	0
736	0
737	0
738	0
739	1
740	1
741	0
742	1
743	2
744	0
745	3
746	1
747	0
748	1
749	0
750	0
751	0
752	0
753	1
754	0
755	1
756	0
757	0
758	1
759	0
760	0
761	0
762	0
763	1
764	0
765	0
766	0
767	0
768	0
769	0
770	1
771	0
772	0
773	2
774	0
775	1
776	1
777	1
778	1
779	1
780	1
781	0
782	0
783	0
784	2
785	0
786	2
787	0
788	1
789	0
790	0
791	0
792	2
793	1
794	0
795	1
796	0
797	2
798	0
799	2
800	0
801	1
802	0
803	0
804	0
805	0
806	2
807	0
808	0
809	0
810	0
811	0
812	0
813	1
814	0
815	0
816	0
817	0
818	0
819	1
820	1
821	0
822	1
823	1
824	0
825	0
826	1
827	1
828	0
829	1
830	1
831	0
832	2
833	1
834	0
835	0
836	0
837	0
838	0
839	0
840	0
841	2
842	1
843	1
844	0
845	0
846	2
847	0
848	0
849	3
850	0
851	0
852	0
853	1
854	1
855	1
856	2
857	1
858	2
859	0
860	0
861	1
862	0
863	0
864	1
865	0
866	0
867	0
868	0
869	0
870	2
871	1
872	0
873	2
874	1
875	0
876	1
877	0
878	0
879	0
880	0
881	0
882	1
883	0
884	0
885	0
886	0
887	0
888	0
889	0
890	0
891	1
892	0
893	0
894	0
895	0
896	1
897	0
898	2
899	1
900	0
901	1
902	1
903	0
904	0
905	1
906	1
907	0
908	0
909	0
910	0
911	0
912	0
913	0
914	0
915	0
916	1
917	0
918	0
919	2
920	1
921	0
922	0
923	0
924	1
925	1
926	0
927	1
928	1
929	0
930	1
931	1
932	1
933	1
934	0
935	1
936	2
937	0
938	0
939	0
940	0
941	1
942	0
943	0
944	0
945	0
946	0
947	1
948	0
949	0
950	0
951	0
952	1
953	0
954	0
955	0
956	1
957	0
958	0
959	1
960	2
961	2
962	0
963	0
964	0
965	2
966	0
967	1
968	1
969	0
970	0
971	1
972	0
973	0
974	0
975	1
976	1
977	1
978	1
979	0
980	0
981	0
982	1
983	0
984	0
985	0
986	0
987	1
988	0
989	2
990	0
991	0
992	2
993	0
994	0
995	0
996	0
997	2
998	1
999	0
1000	1
1001	0
1002	0
1003	0
1004	0
1005	0
1006	0
1007	2
1008	0
1009	0
1010	1
1011	0
1012	0
1013	0
1014	0
1015	0
1016	0
1017	0
1018	0
1019	1
1020	1
1021	1
1022	0
1023	0
1024	0
1025	0
1026	1
1027	0
1028	0
1029	0
1030	0
1031	1
1032	2
1033	1
1034	0
1035	0
1036	0
1037	1
1038	0
1039	1
1040	0
1041	0
1042	0
1043	1
1044	0
1045	0
1046	1
1047	0
1048	1
1049	0
1050	0
1051	0
1052	1
1053	0
1054	0
1055	1
1056	2
1057	0
1058	0
1059	1
1060	1
1061	0
1062	0
1063	0
1064	1
1065	1
1066	0
1067	1
1068	0
1069	0
1070	0
1071	0
1072	0
1073	0
1074	0
1075	1
1076	0
1077	0
1078	0
1079	1
1080	0
1081	0
1082	1
1083	0
1084	1
1085	1
1086	0
1087	0
1088	0
1089	0
1090	0
1091	0
1092	0
1093	0
1094	1
1095	0
1096	1
1097	0
1098	0
1099	0
1100	0
1101	1
1102	0
1103	0
1104	0
1105	0
1106	0
1107	0
1108	2
1109	0
1110	0
1111	0
1112	1
1113	0
1114	0
1115	3
1116	0
1117	0
1118	0
1119	0
1120	0
1121	1
1122	1
1123	1
1124	1
1125	0
1126	1
1127	1
1128	0
1129	0
1130	0
1131	1
1132	0
1133	0
1134	2
1135	0
1136	1
1137	1
1138	1
1139	0
1140	1
1141	0
1142	1
1143	0
1144	0
1145	0
1146	0
1147	0
1148	0
1149	1
1150	1
1151	1
1152	0
1153	0
1154	0
1155	1
1156	0
1157	0
1158	0
1159	0
1160	0
1161	1
1162	0
1163	1
1164	0
1165	0
1166	0
1167	0
1168	0
1169	0
1170	0
1171	0
1172	1
1173	0
1174	1
1175	1
1176	0
1177	0
1178	0
1179	0
1180	0
1181	0
1182	0
1183	0
1184	0
1185	1
1186	0
1187	0
1188	0
1189	0
1190	1
1191	1
1192	0
1193	0
1194	1
1195	1
1196	0
1197	0
1198	0
1199	0
1200	1
1201	0
1202	1
1203	1
1204	0
1205	1
1206	0
1207	0
1208	0
1209	1
1210	0
1211	0
1212	0
1213	0
1214	0
1215	1
1216	0
1217	0
1218	0
1219	0
1220	0
1221	0
1222	0
1223	1
1224	1
1225	1
1226	0
1227	0
1228	1
1229	0
1230	0
1231	0
1232	0
1233	0
1234	0
1235	0
1236	0
1237	0
1238	1
1239	0
1240	2
1241	0
1242	0
1243	0
1244	1
1245	0
1246	0
1247	0
1248	0
1249	0
1250	0
1251	0
1252	0
1253	2
1254	0
1255	0
1256	1
1257	0
1258	0
1259	0
1260	0
1261	2
1262	2
1263	0
1264	0
1265	2
1266	1
1267	0
1268	1
1269	0
1270	0
1271	0
1272	1
1273	0
1274	2
1275	0
1276	0
1277	1
1278	0
1279	2
1280	0
1281	0
1282	0
1283	0
1284	0
1285	0
1286	0
1287	1
1288	0
1289	1
1290	0
1291	1
1292	0
1293	0
1294	1
1295	0
1296	0
1297	0
1298	1
1299	0
1300	1
1301	0
1302	2
1303	1
1304	1
1305	1
1306	1
1307	0
1308	1
1309	0
1310	0
1311	0
1312	0
1313	1
1314	0
1315	0
1316	0
1317	1
1318	1
1319	0
1320	2
1321	0
1322	0
1323	0
1324	0
1325	0
1326	1
1327	2
1328	1
1329	0
1330	1
1331	0
1332	4
1333	1
1334	3
1335	1
1336	0
1337	0
1338	0
1339	0
1340	3
1341	1
1342	4
1343	1
1344	0
1345	2
1346	0
1347	0
1348	1
1349	0
1350	0
1351	0
1352	2
1353	1
1354	0
1355	2
1356	1
1357	0
1358	0
1359	0
1360	0
1361	0
1362	0
1363	0
1364	1
1365	0
1366	1
1367	0
1368	0
1369	0
1370	2
1371	1
1372	0
1373	0
1374	1
1375	0
1376	0
1377	0
1378	1
1379	1
1380	0
1381	0
1382	0
1383	0
1384	0
1385	0
1386	0
1387	1
1388	0
1389	0
1390	0
1391	1
1392	1
1393	0
1394	0
1395	0
1396	0
1397	0
1398	0
1399	1
1400	0
1401	0
1402	0
1403	0
1404	1
1405	2
1406	0
1407	2
1408	1
1409	0
1410	0
1411	1
1412	1
1413	0
1414	0
1415	0
1416	0
1417	1
1418	2
1419	1
1420	0
1421	0
1422	0
1423	0
1424	0
1425	0
1426	2
1427	0
1428	0
1429	0
1430	0
1431	1
1432	2
1433	1
1434	0
1435	0
1436	2
1437	2
1438	3
1439	1
1440	1
1441	1
1442	1
1443	1
1444	2
1445	3
1446	3
1447	0
1448	0
1449	0
1450	1
1451	2
1452	1
1453	2
1454	2
1455	2
1456	3
1457	2
1458	0
1459	2
1460	1
1461	4
1462	3
1463	2
1464	1
1465	2
1466	2
1467	1
1468	2
1469	1
1470	3
1471	4
1472	1
1473	4
1474	2
1475	2
1476	3
1477	0
1478	3
1479	4
1480	6
1481	6
1482	5
1483	1
1484	3
1485	6
1486	3
1487	5
1488	2
1489	8
1490	5
1491	10
1492	9
1493	1
1494	7
1495	7
1496	7
1497	9
1498	4
1499	7
1500	6
1501	13
1502	11
1503	5
1504	7
1505	12
1506	8
1507	6
1508	13
1509	12
1510	8
1511	10
1512	8
1513	13
1514	12
1515	13
1516	20
1517	20
1518	16
1519	18
1520	15
1521	17
1522	15
1523	15
1524	23
1525	20
1526	18
1527	20
1528	13
1529	24
1530	13
1531	22
1532	28
1533	20
1534	15
1535	22
1536	13
1537	21
1538	21
1539	21
1540	20
1541	31
1542	26
1543	26
1544	21
1545	24
1546	26
1547	30
1548	22
1549	28
1550	21
1551	23
1552	21
1553	29
1554	31
1555	27
1556	21
1557	29
1558	26
1559	28
1560	25
1561	29
1562	18
1563	25
1564	25
1565	29
1566	29
1567	31
1568	17
1569	26
1570	19
1571	11
1572	29
1573	26
1574	21
1575	20
1576	22
1577	16
1578	32
1579	20
1580	23
1581	25
1582	19
1583	17
1584	15
1585	16
1586	24
1587	19
1588	15
1589	20
1590	18
1591	20
1592	22
1593	16
1594	24
1595	21
1596	13
1597	21
1598	15
1599	13
1600	14
1601	17
1602	16
1603	6
1604	11
1605	6
1606	7
1607	11
1608	13
1609	5
1610	12
1611	12
1612	5
1613	7
1614	9
1615	11
1616	12
1617	6
1618	4
1619	4
1620	8
1621	10
1622	3
1623	8
1624	2
1625	7
1626	5
1627	1
1628	4
1629	7
1630	6
1631	8
1632	5
1633	5
1634	6
1635	3
1636	9
1637	5
1638	5
1639	2
1640	2
1641	4
1642	4
1643	2
1644	3
1645	5
1646	5
1647	2
1648	6
1649	4
1650	1
1651	4
1652	7
1653	6
1654	2
1655	3
1656	2
1657	1
1658	3
1659	3
1660	3
1661	2
1662	2
1663	1
1664	1
1665	1
1666	1
1667	2
1668	2
1669	3
1670	2
1671	1
1672	2
1673	1
1674	3
1675	3
1676	0
1677	0
1678	2
1679	1
1680	1
1681	0
1682	0
1683	0
1684	0
1685	0
1686	1
1687	0
1688	0
1689	0
1690	0
1691	0
1692	0
1693	0
1694	0
1695	1
1696	0
1697	0
1698	0
1699	0
1700	0
1701	0
1702	0
1703	0
1704	0
1705	0
1706	0
1707	1
1708	0
1709	0
1710	0
1711	0
1712	0
1713	0
1714	0
1715	0
1716	0
1717	0
1718	0
1719	0
1720	0
1721	0
1722	0
1723	0
1724	0
1725	0
1726	0
1727	0
1728	0
1729	0
1730	0
1731	0
1732	0
1733	0
1734	0
1735	0
1736	0
1737	0
1738	0
1739	0
1740	0
1741	0
1742	0
1743	0
1744	0
1745	0
1746	0
1747	0
1748	0
1749	0
1750	0
1751	0
1752	0
1753	0
1754	0
1755	0
1756	0
1757	0
1758	0
1759	0
1760	0
1761	0
1762	0
1763	0
1764	0
1765	0
1766	0
1767	0
1768	0
1769	0
1770	0
1771	0
1772	0
1773	0
1774	0
1775	0
1776	0
1777	0
1778	0
1779	0
1780	0
1781	0
1782	0
1783	0
1784	0
1785	0
1786	0
1787	0
1788	0
1789	0
1790	0
1791	0
1792	0
1793	0
1794	0
1795	0
1796	0
1797	0
1798	0
1799	0
1800	0
1801	0
1802	0
1803	0
1804	0
1805	0
1806	0
1807	0
1808	0
1809	0
1810	0
1811	0
1812	0
1813	0
1814	0
1815	0
1816	0
1817	0
1818	0
1819	0
1820	0
1821	0
1822	0
1823	0
1824	0
1825	0
1826	0
1827	0
1828	0
1829	0
1830	0
1831	0
1832	0
1833	0
1834	0
1835	0
1836	0
1837	0
1838	0
1839	0
1840	0
1841	0
1842	0
1843	0
1844	0
1845	0
1846	0
1847	0
1848	0
1849	0
1850	0
1851	0
1852	0
1853	0
1854	0
1855	0
1856	0
1857	0
1858	0
1859	0
1860	0
1861	0
1862	0
1863	0
1864	0
1865	0
1866	0
1867	0
1868	0
1869	0
1870	0
1871	0
1872	0
1873	0
1874	0
1875	0
1876	0
1877	0
1878	0
1879	0
1880	0
1881	0
1882	0
1883	0
1884	0
1885	0
1886	0
1887	0
1888	0
1889	0
1890	0
1891	0
1892	0
1893	0
1894	0
1895	0
1896	0
1897	0
1898	0
1899	0
1900	0
1901	0
1902	0
1903	0
1904	0
1905	0
1906	0
1907	0
1908	0
1909	0
1910	0
1911	0
1912	0
1913	0
1914	0
1915	0
1916	0
1917	0
1918	0
1919	0
1920	0
1921	0
1922	0
1923	0
1924	0
1925	0
1926	0
1927	0
1928	0
1929	0
1930	0
1931	0
1932	0
1933	0
1934	0
1935	0
1936	0
1937	0
1938	0
1939	0
1940	0
1941	0
1942	0
1943	0
1944	0
1945	0
1946	0
1947	0
1948	0
1949	0
1950	0
1951	0
1952	0
1953	0
1954	0
1955	0
1956	0
1957	0
1958	0
1959	0
1960	0
1961	0
1962	0
1963	0
1964	0
1965	0
1966	0
1967	0
1968	0
1969	0
1970	0
1971	0
1972	0
1973	0
1974	0
1975	0
1976	0
1977	0
1978	0
1979	0
1980	0
1981	0
1982	0
1983	0
1984	0
1985	0
1986	0
1987	0
1988	0
1989	0
1990	0
1991	0
1992	0
1993	0
1994	0
1995	0
1996	0
1997	0
1998	0
1999	0
2000	0
2001	0
2002	0
2003	0
2004	0
2005	0
2006	0
2007	0
2008	0
2009	0
2010	0
2011	0
2012	0
2013	0
2014	0
2015	0
2016	0
2017	0
2018	0
2019	0
2020	0
2021	0
2022	0
2023	0
2024	0
2025	0
2026	0
2027	0
2028	0
2029	0
2030	0
2031	0
2032	0
2033	0
2034	0
2035	0
2036	0
2037	0
2038	0
2039	0
2040	0
2041	0
2042	0
2043	0
2044	0
2045	0
2046	0
2047	0
