$SPEC_ID:
No sample description was entered.
$SPEC_REM:
DET# 1
DETDESC# 
AP# Maestro Version 6.08
$DATE_MEA:
09/14/2017 10:07:49
$MEAS_TIM:
25 25
$DATA:
0 2047
       0
       0
       0
       0
       0
       0
       0
       0
       0
       0
       0
       0
       0
       0
       0
       0
       0
       0
       0
       0
       0
       0
       0
       0
       0
       0
       0
       0
       0
       0
       0
       0
       0
       0
       0
       0
       0
       0
       0
       0
       0
       0
       0
       0
       0
       0
       0
       0
       0
       0
       0
       0
       0
       0
       0
       0
       0
       0
       0
       0
       0
       0
       0
       0
       0
       0
       0
       0
       0
       0
       0
       0
       0
       0
       0
       0
       0
       0
       0
       0
       0
       0
       0
       0
       0
       0
       0
       0
       0
       0
       0
       0
       0
       0
       0
       0
       0
       0
       0
       0
       0
       0
       0
       0
       0
       0
       0
       0
       0
       0
       0
       0
       0
       0
       0
       0
       0
       0
       0
       0
       0
       0
       0
       0
       0
       0
       0
       0
       0
       0
       0
       0
       0
       0
       0
       0
       0
       0
       0
       0
       0
       0
       0
       0
       0
       0
       0
       0
       0
       0
       0
       0
       0
       0
       0
       0
       0
       0
       0
       0
       0
       0
       0
       0
       0
       0
       0
       0
       0
       0
       0
       0
       0
       0
       0
       0
       0
       0
       0
       0
       0
       0
       0
       0
       0
       0
       0
       0
       0
       0
       0
       0
       0
       0
       0
       0
       0
       0
       0
       0
       1
       0
       1
       1
       0
       0
       0
       1
       2
       1
       0
       0
       0
       0
       0
       0
       0
       1
       0
       0
       1
       0
       0
       0
       1
       0
       0
       0
       0
       1
       0
       1
       0
       0
       0
       1
       0
       1
       1
       0
       1
       0
       1
       0
       0
       0
       0
       0
       1
       0
       1
       0
       0
       0
       1
       1
       0
       0
       1
       2
       0
       0
       1
       1
       0
       0
       0
       1
       0
       1
       1
       0
       1
       0
       0
       3
       0
       1
       0
       0
       0
       1
       2
       2
       0
       0
       0
       0
       1
       0
       0
       2
       0
       1
       0
       0
       0
       0
       2
       0
       0
       1
       3
       0
       0
       0
       2
       0
       2
       0
       0
       0
       1
       0
       0
       0
       0
       1
       0
       0
       0
       1
       1
       0
       0
       1
       1
       1
       0
       0
       1
       0
       0
       1
       0
       1
       0
       0
       0
       0
       0
       0
       0
       0
       0
       0
       0
       1
       0
       1
       0
       0
       0
       1
       1
       0
       0
       0
       0
       0
       0
       0
       0
       2
       1
       0
       1
       2
       1
       0
       0
       1
       0
       1
       0
       0
       1
       1
       0
       1
       2
       1
       0
       0
       0
       0
       0
       0
       0
       0
       1
       0
       2
       1
       1
       1
       0
       0
       0
       1
       1
       0
       0
       1
       0
       0
       0
       2
       1
       1
       1
       1
       0
       0
       1
       2
       1
       1
       0
       0
       0
       0
       0
       0
       0
       0
       0
       0
       0
       0
       0
       0
       2
       0
       0
       0
       0
       0
       0
       0
       0
       0
       1
       0
       1
       0
       2
       1
       0
       0
       0
       1
       0
       0
       0
       1
       0
       0
       0
       0
       0
       0
       0
       0
       0
       0
       0
       1
       1
       1
       1
       0
       0
       0
       2
       1
       0
       1
       0
       2
       0
       0
       1
       2
       1
       1
       0
       0
       0
       0
       0
       1
       0
       0
       1
       0
       1
       0
       1
       0
       2
       1
       0
       0
       1
       1
       1
       1
       0
       0
       0
       0
       1
       1
       2
       1
       1
       1
       0
       0
       1
       0
       0
       0
       0
       0
       2
       1
       1
       0
       1
       0
       1
       1
       0
       1
       0
       2
       0
       0
       0
       1
       0
       0
       0
       1
       2
       2
       1
       0
       1
       0
       0
       0
       1
       1
       0
       0
       1
       0
       2
       1
       0
       0
       0
       1
       0
       1
       0
       1
       0
       0
       0
       2
       0
       1
       0
       0
       0
       0
       0
       0
       0
       0
       0
       2
       0
       0
       0
       0
       0
       0
       1
       0
       3
       0
       0
       0
       0
       0
       0
       0
       0
       0
       2
       0
       1
       0
       1
       2
       0
       1
       1
       1
       0
       1
       1
       0
       0
       0
       1
       0
       0
       0
       1
       0
       0
       0
       1
       1
       0
       0
       0
       1
       1
       1
       1
       0
       1
       1
       0
       0
       1
       2
       0
       0
       1
       0
       0
       1
       0
       1
       0
       0
       1
       0
       0
       0
       0
       1
       1
       0
       1
       0
       2
       1
       1
       1
       0
       1
       1
       0
       0
       0
       0
       0
       0
       0
       0
       0
       1
       0
       0
       0
       2
       0
       1
       0
       1
       1
       1
       0
       0
       0
       1
       0
       0
       0
       0
       2
       0
       1
       0
       0
       0
       1
       1
       0
       2
       0
       1
       0
       0
       0
       0
       0
       2
       0
       1
       0
       1
       0
       0
       1
       1
       0
       1
       0
       1
       1
       0
       1
       1
       0
       0
       0
       0
       0
       2
       0
       1
       2
       0
       1
       1
       0
       0
       2
       1
       0
       2
       0
       0
       2
       0
       0
       1
       0
       0
       1
       0
       0
       0
       0
       0
       0
       0
       0
       1
       1
       1
       0
       0
       1
       1
       0
       1
       0
       1
       0
       2
       1
       0
       1
       0
       0
       0
       1
       0
       1
       1
       1
       0
       0
       0
       0
       1
       0
       0
       0
       0
       0
       0
       1
       1
       0
       0
       1
       0
       1
       0
       1
       0
       1
       0
       1
       3
       0
       0
       1
       0
       1
       0
       0
       1
       0
       2
       0
       2
       0
       1
       0
       1
       1
       0
       2
       0
       0
       1
       0
       0
       0
       1
       1
       3
       1
       0
       0
       0
       0
       1
       0
       1
       1
       0
       0
       1
       0
       1
       0
       0
       1
       1
       2
       0
       1
       0
       0
       1
       0
       0
       2
       0
       0
       0
       0
       0
       0
       1
       0
       1
       0
       1
       1
       0
       1
       2
       0
       1
       0
       1
       0
       0
       0
       0
       1
       0
       0
       1
       0
       0
       0
       0
       1
       0
       0
       0
       0
       2
       1
       1
       0
       0
       1
       3
       0
       0
       0
       2
       0
       0
       0
       0
       1
       1
       0
       0
       1
       5
       0
       1
       1
       2
       1
       0
       0
       0
       1
       0
       0
       1
       1
       0
       0
       0
       0
       0
       0
       0
       0
       2
       0
       2
       1
       0
       0
       0
       2
       1
       0
       1
       0
       1
       0
       1
       0
       1
       0
       0
       0
       1
       0
       1
       2
       3
       0
       1
       0
       0
       0
       0
       1
       2
       3
       1
       0
       1
       0
       0
       0
       1
       0
       0
       0
       1
       0
       0
       0
       0
       1
       1
       0
       0
       1
       1
       1
       0
       1
       0
       0
       1
       1
       0
       2
       1
       0
       2
       2
       0
       1
       0
       0
       2
       2
       1
       2
       0
       0
       0
       0
       2
       0
       1
       0
       0
       1
       1
       1
       0
       0
       0
       1
       0
       0
       0
       1
       1
       1
       0
       0
       2
       1
       0
       0
       0
       1
       1
       0
       1
       1
       1
       0
       1
       0
       1
       0
       0
       0
       0
       0
       0
       0
       0
       0
       0
       0
       0
       0
       0
       0
       0
       1
       0
       0
       0
       0
       0
       1
       0
       0
       0
       1
       0
       1
       1
       1
       4
       0
       1
       0
       2
       1
       2
       1
       1
       0
       1
       0
       1
       0
       0
       1
       2
       0
       1
       0
       1
       0
       0
       0
       1
       0
       0
       0
       1
       0
       0
       0
       0
       0
       1
       0
       1
       0
       0
       0
       0
       0
       0
       0
       0
       1
       0
       0
       0
       1
       0
       0
       0
       1
       0
       0
       2
       1
       1
       0
       0
       2
       0
       1
       0
       1
       0
       0
       1
       0
       0
       1
       0
       1
       0
       0
       1
       0
       0
       0
       0
       1
       0
       1
       1
       1
       0
       0
       2
       1
       1
       0
       1
       0
       0
       1
       0
       2
       0
       0
       1
       2
       0
       0
       2
       1
       1
       0
       1
       1
       0
       2
       1
       0
       1
       0
       1
       2
       0
       0
       1
       0
       0
       0
       1
       0
       2
       2
       0
       1
       0
       0
       1
       2
       1
       1
       1
       1
       0
       1
       0
       0
       3
       0
       0
       0
       0
       0
       0
       3
       2
       0
       0
       1
       3
       0
       0
       0
       1
       1
       0
       1
       0
       0
       1
       2
       2
       0
       2
       1
       2
       1
       2
       0
       1
       2
       1
       1
       1
       0
       0
       1
       1
       0
       1
       1
       1
       4
       1
       1
       2
       1
       1
       1
       2
       1
       0
       2
       1
       1
       1
       0
       1
       0
       1
       3
       1
       2
       0
       0
       3
       1
       3
       0
       4
       1
       1
       0
       0
       1
       1
       0
       0
       0
       1
       0
       1
       0
       1
       2
       1
       2
       2
       3
       3
       2
       0
       2
       1
       1
       0
       1
       2
       4
       0
       3
       1
       0
       1
       0
       1
       3
       2
       2
       0
       1
       3
       1
       2
       0
       0
       1
       1
       3
       2
       0
       0
       0
       0
       2
       0
       1
       2
       2
       1
       1
       0
       0
       0
       1
       1
       2
       0
       3
       2
       0
       1
       2
       1
       1
       0
       2
       1
       2
       1
       0
       0
       2
       0
       2
       1
       1
       2
       1
       1
       3
       2
       0
       2
       4
       1
       1
       0
       2
       1
       1
       3
       2
       3
       0
       2
       0
       4
       2
       0
       1
       2
       1
       0
       2
       4
       0
       1
       3
       4
       4
       2
       2
       3
       0
       6
       2
       1
       7
       2
       1
       5
       7
       7
       3
       4
       1
       6
       4
       4
       1
       3
       6
       2
       6
       6
       8
       3
       7
       4
       6
       5
       4
       2
       8
       5
       6
      10
      10
       5
      11
      15
      15
      11
       9
       8
      10
      19
      14
      20
      14
      16
      10
      16
      25
      26
      21
      19
      22
      29
      21
      27
      24
      29
      23
      25
      34
      28
      29
      23
      25
      37
      23
      29
      29
      35
      47
      43
      42
      50
      44
      48
      48
      47
      56
      54
      55
      63
      68
      53
      63
      60
      54
      53
      63
      69
      71
      86
      67
      63
      75
      70
      89
      83
      72
      72
      77
      81
      89
      92
      80
      89
     106
      99
      92
      88
      88
      97
      81
      88
      75
      95
     100
      83
     100
      85
     100
      92
      94
      98
      98
      91
     111
      98
      96
      86
     100
      95
      86
      81
      90
      95
      96
     104
      95
      92
      73
      91
      82
      72
      90
      80
      87
      83
      80
      85
      82
      76
      86
      83
      84
      77
      56
      70
      57
      72
      60
      47
      42
      70
      53
      65
      49
      60
      51
      64
      44
      58
      52
      50
      42
      48
      57
      41
      40
      35
      32
      42
      26
      29
      29
      36
      30
      32
      18
      29
      30
      30
      22
      19
      19
      33
      15
      24
      27
      14
      19
      13
      16
      30
       9
      12
      16
      24
       9
      15
      12
      13
      15
      12
      12
      13
      10
      10
      11
      10
       9
       4
       8
       5
       4
       4
       5
       5
       6
       2
       4
       6
       4
       6
       3
       3
       1
       5
       3
       5
       3
       2
       0
       2
       3
       3
       1
       0
       1
       1
       1
       1
       1
       2
       1
       0
       0
       0
       0
       0
       0
       0
       0
       1
       1
       1
       0
       1
       0
       0
       0
       0
       1
       0
       0
       0
       0
       0
       0
       0
       0
       0
       0
       0
       0
       0
       0
       0
       0
       0
       0
       0
       0
       0
       0
       0
       0
       0
       0
       0
       0
       0
       0
       0
       0
       0
       0
       0
       0
       0
       0
       0
       0
       0
       0
       0
       0
       0
       0
       0
       0
       0
       0
       0
       0
       0
       0
       0
       0
       0
       0
       0
       0
       0
       0
       0
       0
       0
       0
       0
       0
       0
       0
       0
       0
       0
       0
       0
       0
       0
       0
       0
       0
       0
       0
       0
       0
       0
       0
       0
       0
       0
       0
       0
       0
       0
       0
       0
       0
       0
       0
       0
       0
       0
       0
       0
       0
       0
       0
       0
       0
       0
       0
       0
       0
       0
       0
       0
       0
       0
       0
       0
       0
       0
       0
       0
       0
       0
       0
       0
       0
       0
       0
       0
       0
       0
       0
       0
       0
       0
       0
       0
       0
       0
       0
       0
       0
       0
       0
       0
       0
       0
       0
       0
       0
       0
       0
       0
       0
       0
       0
       0
       0
       0
       0
       0
       0
       0
       0
       0
       0
       0
       0
       0
       0
       0
       0
       0
       0
       0
       0
       0
       0
       0
       0
       0
       0
       0
       0
       0
       0
       0
       0
       0
       0
       0
       0
       0
       0
       0
       0
       0
       0
       0
       0
       0
       0
       0
       0
       0
       0
       0
       0
       0
       0
       0
       0
       0
       0
       0
       0
       0
       0
       0
       0
       0
       0
       0
       0
       0
       0
       0
       0
       0
       0
       0
       0
       0
       0
       0
       0
       0
       0
       0
       0
       0
       0
       0
       0
       0
       0
       0
       0
       0
       0
       0
       0
       0
       0
       0
       0
       0
       0
       0
       0
       0
       0
       0
       0
       0
       0
       0
       0
       0
       0
       0
       0
       0
       0
       0
       0
       0
       0
       0
       0
       0
       0
       0
       0
       0
       0
       0
       0
       0
       0
       0
       0
       0
       0
       0
       0
       0
       0
       1
       0
       0
       0
       0
       0
       0
       0
       0
       0
       0
       0
       0
       0
       0
       0
       0
       0
       0
       0
       0
       0
       0
       0
       0
       0
       0
       0
       0
       0
       0
       0
       0
       0
       0
       0
       0
       0
$ROI:
1
1425 1700
$PRESETS:
Live Time
1000000
0
$ENER_FIT:
0.000000 0.002526
$MCA_CAL:
3
0.000000E+000 2.525835E-003 0.000000E+000 keV
$SHAPE_CAL:
3
0.000000E+000 0.000000E+000 0.000000E+000
