$SPEC_ID:
No sample description was entered.
$SPEC_REM:
DET# 1
DETDESC# 
AP# Maestro Version 6.08
$DATE_MEA:
09/14/2017 10:02:33
$MEAS_TIM:
24 24
$DATA:
0 2047
       0
       0
       0
       0
       0
       0
       0
       0
       0
       0
       0
       0
       0
       0
       0
       0
       0
       0
       0
       0
       0
       0
       0
       0
       0
       0
       0
       0
       0
       0
       0
       0
       0
       0
       0
       0
       0
       0
       0
       0
       0
       0
       0
       0
       0
       0
       0
       0
       0
       0
       0
       0
       0
       0
       0
       0
       0
       0
       0
       0
       0
       0
       0
       0
       0
       0
       0
       0
       0
       0
       0
       0
       0
       0
       0
       0
       0
       0
       0
       0
       0
       0
       0
       0
       0
       0
       0
       0
       0
       0
       0
       0
       0
       0
       0
       0
       0
       0
       0
       0
       0
       0
       0
       0
       0
       0
       0
       0
       0
       0
       0
       0
       0
       0
       0
       0
       0
       0
       0
       0
       0
       0
       0
       0
       0
       0
       0
       0
       0
       0
       0
       0
       0
       0
       0
       0
       0
       0
       0
       0
       0
       0
       0
       0
       0
       0
       0
       0
       0
       0
       0
       0
       0
       0
       0
       0
       0
       0
       0
       0
       0
       0
       0
       0
       0
       0
       0
       0
       0
       0
       0
       0
       0
       0
       0
       0
       0
       0
       0
       0
       0
       0
       0
       0
       0
       0
       0
       0
       0
       0
       0
       0
       0
       0
       0
       0
       0
       0
       1
       0
       1
       0
       0
       1
       0
       0
       0
       0
       0
       0
       0
       0
       0
       0
       0
       0
       0
       0
       0
       0
       2
       0
       2
       0
       0
       1
       0
       0
       0
       0
       0
       1
       0
       0
       0
       1
       2
       0
       1
       0
       1
       0
       1
       0
       1
       0
       0
       0
       0
       1
       0
       0
       2
       0
       0
       0
       1
       0
       1
       0
       0
       1
       0
       1
       0
       0
       0
       1
       1
       0
       0
       0
       1
       0
       0
       0
       0
       1
       0
       0
       0
       0
       1
       1
       0
       1
       0
       0
       0
       1
       0
       0
       0
       0
       0
       1
       1
       0
       0
       1
       0
       0
       0
       1
       0
       0
       1
       0
       0
       0
       1
       0
       0
       0
       1
       1
       0
       1
       1
       1
       1
       1
       0
       0
       0
       0
       0
       0
       1
       1
       0
       0
       0
       0
       0
       0
       0
       0
       0
       1
       1
       0
       0
       1
       0
       1
       0
       0
       1
       1
       1
       1
       0
       1
       2
       1
       1
       0
       0
       0
       1
       0
       0
       1
       0
       1
       0
       0
       0
       0
       0
       0
       0
       2
       0
       0
       0
       1
       0
       1
       0
       0
       1
       0
       0
       0
       0
       1
       1
       1
       0
       2
       0
       0
       0
       1
       0
       0
       0
       0
       0
       0
       0
       0
       0
       0
       0
       0
       0
       1
       0
       0
       0
       1
       0
       1
       2
       0
       0
       0
       0
       1
       0
       0
       1
       1
       1
       0
       0
       0
       0
       0
       0
       2
       0
       0
       0
       0
       1
       0
       0
       1
       2
       0
       0
       1
       0
       0
       1
       0
       0
       1
       0
       0
       0
       0
       0
       0
       0
       0
       0
       0
       2
       0
       0
       0
       0
       1
       1
       0
       0
       0
       1
       0
       0
       0
       3
       1
       0
       1
       0
       0
       0
       1
       1
       1
       0
       0
       1
       1
       0
       0
       0
       0
       1
       2
       0
       1
       0
       1
       1
       0
       1
       0
       0
       1
       0
       1
       0
       0
       0
       0
       0
       1
       1
       0
       0
       0
       0
       0
       0
       0
       0
       0
       1
       0
       0
       1
       0
       1
       0
       0
       2
       0
       0
       0
       0
       0
       1
       0
       0
       0
       0
       0
       1
       1
       1
       0
       0
       2
       2
       0
       1
       0
       0
       0
       0
       1
       1
       0
       0
       0
       1
       1
       0
       1
       1
       1
       0
       1
       0
       0
       0
       1
       0
       0
       1
       1
       0
       0
       1
       0
       0
       2
       1
       0
       4
       2
       0
       1
       0
       1
       1
       2
       1
       1
       1
       2
       0
       1
       2
       0
       2
       0
       0
       0
       0
       0
       0
       0
       1
       0
       0
       0
       0
       0
       4
       2
       1
       1
       0
       2
       2
       0
       0
       1
       0
       0
       0
       1
       0
       2
       0
       0
       0
       2
       0
       0
       1
       0
       1
       2
       0
       0
       1
       0
       0
       0
       0
       0
       0
       1
       1
       0
       2
       0
       1
       2
       2
       0
       1
       0
       0
       1
       0
       1
       1
       0
       1
       0
       0
       1
       0
       1
       0
       0
       0
       1
       0
       1
       1
       0
       1
       0
       1
       0
       0
       0
       0
       0
       0
       0
       0
       0
       0
       0
       0
       2
       3
       0
       0
       0
       0
       0
       0
       0
       0
       0
       1
       0
       0
       0
       2
       0
       1
       0
       0
       0
       1
       0
       0
       0
       2
       0
       1
       0
       0
       0
       1
       0
       1
       0
       0
       1
       0
       1
       1
       1
       1
       1
       1
       0
       1
       0
       1
       1
       0
       0
       0
       0
       1
       0
       0
       0
       1
       1
       1
       2
       0
       0
       0
       0
       0
       2
       0
       0
       0
       0
       0
       0
       2
       1
       1
       0
       0
       1
       0
       1
       0
       0
       0
       0
       0
       1
       0
       0
       3
       0
       0
       0
       0
       0
       0
       0
       0
       1
       0
       1
       0
       0
       1
       0
       0
       0
       0
       1
       1
       2
       0
       0
       1
       0
       1
       0
       0
       0
       0
       0
       0
       0
       0
       1
       0
       1
       0
       0
       1
       0
       0
       0
       0
       0
       0
       1
       1
       1
       0
       1
       1
       0
       0
       1
       1
       1
       1
       1
       0
       2
       0
       0
       1
       0
       0
       1
       0
       0
       1
       2
       1
       0
       1
       1
       0
       0
       0
       1
       1
       1
       0
       0
       0
       2
       0
       0
       0
       0
       0
       0
       0
       0
       0
       1
       1
       0
       0
       0
       0
       1
       0
       0
       0
       2
       0
       0
       0
       0
       0
       1
       0
       1
       0
       1
       0
       0
       0
       0
       1
       1
       0
       0
       0
       1
       0
       0
       1
       0
       0
       2
       0
       0
       0
       0
       0
       0
       0
       0
       1
       0
       1
       1
       0
       1
       1
       0
       1
       0
       0
       1
       0
       1
       0
       0
       2
       0
       0
       1
       1
       0
       2
       0
       0
       1
       1
       1
       1
       1
       0
       1
       0
       0
       0
       0
       1
       0
       1
       0
       0
       0
       0
       0
       2
       0
       1
       0
       0
       1
       0
       0
       1
       0
       0
       0
       0
       0
       2
       0
       2
       0
       1
       2
       1
       0
       1
       1
       0
       2
       1
       0
       0
       1
       0
       0
       0
       1
       1
       0
       0
       2
       0
       0
       2
       0
       0
       0
       3
       1
       1
       0
       0
       0
       1
       1
       0
       0
       1
       1
       1
       4
       0
       3
       0
       1
       1
       1
       0
       1
       1
       0
       0
       1
       2
       1
       1
       1
       3
       0
       3
       0
       0
       0
       0
       0
       0
       1
       2
       0
       0
       2
       2
       0
       1
       1
       2
       1
       0
       0
       0
       0
       0
       1
       1
       1
       1
       0
       1
       0
       2
       0
       0
       0
       1
       0
       0
       0
       0
       0
       0
       0
       0
       1
       0
       1
       0
       0
       0
       0
       0
       0
       2
       0
       0
       0
       1
       0
       0
       1
       0
       0
       1
       0
       1
       0
       1
       1
       0
       0
       0
       0
       0
       0
       1
       0
       0
       0
       0
       0
       0
       0
       0
       0
       0
       1
       0
       2
       0
       0
       0
       0
       0
       0
       0
       0
       0
       1
       0
       2
       0
       0
       0
       0
       1
       0
       0
       1
       0
       1
       1
       1
       0
       0
       0
       0
       1
       0
       0
       0
       1
       0
       0
       0
       0
       0
       2
       2
       0
       0
       0
       1
       1
       0
       1
       1
       0
       0
       0
       0
       1
       0
       0
       0
       0
       0
       2
       0
       0
       1
       0
       1
       1
       0
       0
       0
       1
       0
       2
       0
       0
       0
       1
       0
       0
       1
       2
       0
       1
       1
       1
       1
       1
       1
       1
       1
       0
       0
       1
       0
       0
       1
       2
       0
       0
       0
       1
       0
       0
       3
       1
       0
       0
       1
       0
       2
       3
       0
       2
       0
       0
       1
       0
       1
       1
       0
       0
       1
       0
       0
       1
       2
       0
       0
       0
       1
       0
       1
       1
       1
       0
       3
       1
       1
       2
       0
       1
       1
       1
       1
       1
       1
       2
       2
       0
       0
       3
       0
       0
       2
       0
       0
       1
       2
       0
       0
       3
       0
       2
       2
       4
       1
       0
       0
       0
       0
       1
       2
       0
       1
       2
       0
       0
       1
       1
       0
       2
       0
       2
       2
       0
       1
       1
       2
       2
       3
       0
       0
       0
       0
       0
       1
       1
       0
       0
       2
       1
       2
       2
       2
       1
       1
       0
       0
       3
       0
       1
       0
       1
       1
       2
       0
       1
       3
       3
       0
       1
       1
       0
       3
       0
       1
       1
       2
       2
       0
       1
       0
       1
       1
       1
       1
       1
       1
       1
       1
       2
       1
       0
       3
       0
       0
       0
       1
       0
       1
       2
       0
       2
       2
       0
       2
       2
       1
       0
       1
       0
       1
       1
       3
       1
       1
       1
       1
       0
       2
       1
       0
       2
       1
       3
       1
       1
       3
       2
       0
       2
       1
       1
       4
       2
       3
       3
       2
       3
       4
       2
       2
       1
       3
       2
       2
       3
       2
       4
       2
       2
       3
       5
       2
       1
       2
       5
       3
       0
       1
       3
       4
       5
       6
       2
       4
       4
       3
       6
       4
       3
       6
       6
       6
       5
       4
       5
       4
       6
       6
      12
       8
       5
       5
       8
       6
       4
      10
       4
       9
      11
      11
      10
      11
       7
      11
      13
      12
      10
      12
      15
      14
      16
       9
      24
      21
      18
      16
      21
      23
      28
      19
      22
      33
      18
      21
      26
      25
      25
      27
      23
      25
      39
      30
      42
      44
      33
      38
      31
      39
      33
      59
      51
      48
      29
      51
      51
      48
      58
      52
      42
      59
      55
      59
      66
      73
      70
      64
      58
      71
      75
      65
      65
      63
      64
      76
      69
      84
      70
      75
      76
      87
      64
      79
      94
      96
      75
     100
      84
      92
      93
      91
      88
     107
      96
      97
      96
      94
     108
     100
      97
     103
      91
      90
      98
     119
     117
     111
      93
      97
      97
      89
     103
     105
      75
      89
      89
      82
     105
     101
      81
      76
      81
      98
      88
      66
      85
      79
      76
      87
      95
      89
      81
      79
      72
      79
      62
      71
      70
      73
      68
      71
      57
      63
      56
      39
      55
      54
      50
      49
      43
      47
      41
      45
      46
      35
      35
      44
      38
      34
      43
      32
      35
      25
      31
      26
      31
      23
      29
      22
      31
      22
      17
      23
      14
      22
      29
      19
      16
      17
      23
      19
      13
      13
      14
      13
      12
       9
      13
      14
      11
      10
       6
       6
       9
       2
      10
       8
      12
       7
       5
       8
       3
       5
       1
       0
       2
       3
       7
       2
       3
       0
       1
       2
       1
       3
       2
       2
       2
       1
       0
       0
       2
       0
       0
       1
       1
       0
       1
       1
       1
       0
       1
       0
       0
       0
       0
       1
       0
       0
       0
       1
       0
       1
       0
       0
       1
       0
       0
       0
       0
       0
       0
       0
       2
       0
       0
       0
       0
       0
       0
       0
       0
       0
       0
       0
       0
       0
       0
       0
       0
       0
       0
       0
       0
       0
       0
       0
       0
       0
       0
       0
       0
       0
       0
       0
       0
       0
       0
       0
       0
       0
       0
       0
       0
       0
       0
       0
       0
       0
       0
       0
       0
       0
       0
       0
       0
       0
       0
       0
       0
       0
       0
       0
       0
       0
       0
       0
       0
       0
       0
       0
       0
       0
       0
       0
       0
       0
       0
       0
       0
       0
       0
       0
       0
       0
       0
       0
       0
       0
       0
       0
       0
       0
       0
       0
       0
       0
       0
       0
       0
       0
       0
       0
       0
       0
       0
       0
       0
       0
       0
       0
       0
       1
       0
       0
       0
       0
       0
       0
       0
       0
       0
       0
       0
       0
       0
       0
       0
       0
       0
       0
       0
       0
       0
       0
       0
       0
       0
       0
       0
       1
       0
       0
       0
       0
       0
       0
       0
       0
       0
       0
       0
       0
       0
       0
       0
       0
       0
       0
       0
       0
       0
       0
       0
       0
       0
       0
       0
       0
       0
       0
       0
       0
       0
       0
       0
       1
       0
       0
       0
       0
       0
       0
       0
       0
       0
       0
       0
       1
       0
       0
       0
       0
       0
       0
       0
       0
       0
       0
       0
       0
       0
       0
       0
       0
       0
       0
       0
       0
       0
       0
       0
       0
       0
       0
       0
       0
       0
       0
       0
       0
       0
       0
       0
       0
       0
       0
       0
       0
       0
       0
       0
       0
       0
       0
       0
       0
       0
       0
       0
       0
       0
       0
       0
       0
       0
       0
       0
       0
       0
       0
       0
       0
       0
       0
       0
       0
       0
       0
       0
       0
       1
       0
       0
       0
       0
       0
       0
       0
       0
       0
       0
       0
       0
       0
       0
       0
       0
       0
       0
       0
       0
       0
       0
       0
       0
       0
       0
       0
       0
       0
       0
       0
       0
       0
       0
       0
       0
       0
       0
       0
       0
       0
       0
       0
       0
       0
       0
       0
       0
       0
       0
       0
       0
       0
       0
       0
       0
       0
       0
       0
       0
       0
       0
       0
       0
       0
       0
       0
       0
       0
       0
       0
       0
       0
$ROI:
1
1425 1700
$PRESETS:
Live Time
1000000
0
$ENER_FIT:
0.000000 0.002526
$MCA_CAL:
3
0.000000E+000 2.525835E-003 0.000000E+000 keV
$SHAPE_CAL:
3
0.000000E+000 0.000000E+000 0.000000E+000
