SPEC_ID:	'No sample description was entered.'
SPEC_REM:	'DET# 1'
DATE_MEA:	'09/14/2017 10:00:02'
MEAS_TIM:	'27 27'
DATA:	'0 2047'
ROI:	'1'
PRESETS:	'Live Time'
ENER_FIT:	'0.000000 0.002526'
MCA_CAL:	'3'
SHAPE_CAL:	'3'

Channel	Counts
0	0
1	0
2	0
3	0
4	0
5	0
6	0
7	0
8	0
9	0
10	0
11	0
12	0
13	0
14	0
15	0
16	0
17	0
18	0
19	0
20	0
21	0
22	0
23	0
24	0
25	0
26	0
27	0
28	0
29	0
30	0
31	0
32	0
33	0
34	0
35	0
36	0
37	0
38	0
39	0
40	0
41	0
42	0
43	0
44	0
45	0
46	0
47	0
48	0
49	0
50	0
51	0
52	0
53	0
54	0
55	0
56	0
57	0
58	0
59	0
60	0
61	0
62	0
63	0
64	0
65	0
66	0
67	0
68	0
69	0
70	0
71	0
72	0
73	0
74	0
75	0
76	0
77	0
78	0
79	0
80	0
81	0
82	0
83	0
84	0
85	0
86	0
87	0
88	0
89	0
90	0
91	0
92	0
93	0
94	0
95	0
96	0
97	0
98	0
99	0
100	0
101	0
102	0
103	0
104	0
105	0
106	0
107	0
108	0
109	0
110	0
111	0
112	0
113	0
114	0
115	0
116	0
117	0
118	0
119	0
120	0
121	0
122	0
123	0
124	0
125	0
126	0
127	0
128	0
129	0
130	0
131	0
132	0
133	0
134	0
135	0
136	0
137	0
138	0
139	0
140	0
141	0
142	0
143	0
144	0
145	0
146	0
147	0
148	0
149	0
150	0
151	0
152	0
153	0
154	0
155	0
156	0
157	0
158	0
159	0
160	0
161	0
162	0
163	0
164	0
165	0
166	0
167	0
168	0
169	0
170	0
171	0
172	0
173	0
174	0
175	0
176	0
177	0
178	0
179	0
180	0
181	0
182	0
183	0
184	0
185	0
186	0
187	0
188	0
189	0
190	0
191	0
192	0
193	0
194	0
195	0
196	0
197	0
198	1
199	2
200	0
201	0
202	1
203	0
204	0
205	0
206	1
207	1
208	1
209	1
210	0
211	1
212	1
213	2
214	0
215	0
216	0
217	0
218	1
219	0
220	0
221	0
222	1
223	0
224	3
225	1
226	0
227	2
228	0
229	0
230	0
231	1
232	0
233	0
234	1
235	1
236	1
237	0
238	1
239	0
240	1
241	1
242	0
243	0
244	1
245	0
246	0
247	0
248	0
249	1
250	0
251	0
252	0
253	0
254	0
255	0
256	1
257	0
258	1
259	0
260	0
261	1
262	1
263	0
264	0
265	0
266	0
267	0
268	0
269	0
270	0
271	0
272	0
273	0
274	0
275	3
276	2
277	0
278	0
279	1
280	0
281	0
282	1
283	1
284	0
285	0
286	1
287	1
288	0
289	1
290	1
291	1
292	3
293	1
294	0
295	1
296	0
297	1
298	0
299	0
300	1
301	1
302	1
303	1
304	0
305	0
306	0
307	2
308	0
309	1
310	0
311	0
312	0
313	1
314	1
315	1
316	0
317	1
318	0
319	0
320	0
321	0
322	0
323	0
324	0
325	0
326	1
327	2
328	1
329	0
330	0
331	0
332	0
333	0
334	3
335	2
336	1
337	0
338	0
339	0
340	0
341	0
342	0
343	0
344	0
345	0
346	1
347	2
348	0
349	0
350	1
351	1
352	1
353	0
354	0
355	1
356	1
357	0
358	0
359	1
360	0
361	1
362	0
363	3
364	0
365	1
366	0
367	0
368	0
369	3
370	0
371	0
372	1
373	2
374	0
375	0
376	0
377	0
378	0
379	0
380	0
381	0
382	0
383	0
384	0
385	0
386	0
387	0
388	1
389	1
390	0
391	1
392	0
393	0
394	0
395	0
396	1
397	0
398	0
399	0
400	0
401	1
402	0
403	0
404	1
405	0
406	2
407	0
408	1
409	0
410	0
411	0
412	0
413	0
414	1
415	0
416	2
417	0
418	0
419	0
420	0
421	0
422	0
423	2
424	0
425	0
426	0
427	0
428	0
429	1
430	0
431	0
432	1
433	1
434	2
435	0
436	0
437	0
438	1
439	0
440	0
441	0
442	0
443	1
444	0
445	0
446	1
447	0
448	0
449	0
450	0
451	0
452	0
453	1
454	0
455	1
456	0
457	1
458	2
459	0
460	1
461	0
462	0
463	1
464	1
465	0
466	1
467	1
468	0
469	0
470	1
471	0
472	2
473	0
474	0
475	0
476	2
477	0
478	2
479	1
480	0
481	0
482	0
483	1
484	3
485	1
486	0
487	1
488	1
489	0
490	0
491	0
492	0
493	0
494	1
495	0
496	1
497	0
498	0
499	0
500	0
501	0
502	1
503	1
504	0
505	1
506	1
507	0
508	1
509	0
510	0
511	1
512	0
513	0
514	1
515	1
516	0
517	0
518	0
519	0
520	1
521	0
522	0
523	1
524	0
525	0
526	1
527	1
528	0
529	0
530	0
531	1
532	0
533	0
534	0
535	0
536	0
537	0
538	0
539	0
540	0
541	0
542	0
543	0
544	0
545	0
546	0
547	0
548	1
549	1
550	0
551	1
552	1
553	1
554	0
555	0
556	2
557	0
558	2
559	0
560	0
561	0
562	1
563	1
564	0
565	0
566	0
567	0
568	1
569	1
570	1
571	1
572	0
573	1
574	1
575	0
576	0
577	0
578	0
579	1
580	2
581	1
582	1
583	0
584	0
585	1
586	0
587	0
588	1
589	1
590	0
591	0
592	0
593	0
594	0
595	2
596	1
597	0
598	1
599	1
600	2
601	0
602	1
603	1
604	2
605	0
606	0
607	3
608	1
609	0
610	0
611	1
612	0
613	0
614	2
615	0
616	0
617	0
618	0
619	0
620	2
621	1
622	0
623	2
624	0
625	0
626	1
627	0
628	0
629	1
630	0
631	1
632	1
633	1
634	0
635	2
636	0
637	2
638	0
639	0
640	1
641	1
642	0
643	0
644	0
645	1
646	0
647	1
648	2
649	1
650	0
651	0
652	0
653	0
654	1
655	1
656	2
657	0
658	0
659	1
660	1
661	0
662	0
663	1
664	0
665	2
666	2
667	0
668	1
669	1
670	0
671	1
672	0
673	1
674	1
675	0
676	0
677	1
678	1
679	0
680	0
681	0
682	0
683	0
684	0
685	0
686	0
687	0
688	0
689	1
690	0
691	2
692	0
693	1
694	2
695	0
696	3
697	1
698	0
699	2
700	2
701	0
702	0
703	1
704	1
705	0
706	1
707	1
708	2
709	0
710	0
711	0
712	0
713	1
714	1
715	1
716	0
717	0
718	0
719	0
720	1
721	0
722	1
723	2
724	0
725	0
726	0
727	1
728	0
729	0
730	0
731	0
732	1
733	0
734	0
735	1
736	0
737	0
738	1
739	0
740	1
741	1
742	2
743	0
744	1
745	1
746	0
747	1
748	0
749	2
750	0
751	0
752	0
753	1
754	0
755	0
756	0
757	0
758	0
759	0
760	1
761	1
762	0
763	0
764	3
765	1
766	0
767	0
768	1
769	0
770	0
771	1
772	0
773	0
774	1
775	0
776	0
777	1
778	2
779	0
780	0
781	0
782	1
783	1
784	2
785	1
786	0
787	0
788	0
789	1
790	0
791	1
792	2
793	2
794	1
795	0
796	0
797	0
798	0
799	0
800	1
801	0
802	1
803	0
804	1
805	0
806	0
807	0
808	0
809	1
810	2
811	0
812	1
813	1
814	0
815	1
816	0
817	0
818	0
819	0
820	0
821	0
822	0
823	0
824	1
825	0
826	0
827	0
828	2
829	0
830	0
831	0
832	2
833	0
834	0
835	1
836	0
837	0
838	0
839	0
840	0
841	0
842	2
843	0
844	0
845	0
846	2
847	2
848	1
849	1
850	3
851	1
852	1
853	2
854	0
855	0
856	0
857	0
858	0
859	1
860	0
861	1
862	0
863	0
864	0
865	0
866	2
867	0
868	1
869	1
870	0
871	1
872	3
873	1
874	0
875	1
876	0
877	1
878	0
879	2
880	1
881	0
882	1
883	1
884	0
885	0
886	0
887	1
888	1
889	2
890	1
891	1
892	2
893	0
894	0
895	0
896	0
897	1
898	0
899	0
900	0
901	1
902	0
903	2
904	2
905	0
906	0
907	0
908	0
909	2
910	0
911	0
912	1
913	0
914	1
915	0
916	0
917	1
918	3
919	2
920	1
921	0
922	3
923	1
924	1
925	0
926	1
927	0
928	2
929	0
930	0
931	1
932	1
933	0
934	1
935	1
936	0
937	0
938	1
939	0
940	1
941	2
942	2
943	0
944	0
945	0
946	0
947	0
948	0
949	0
950	0
951	1
952	0
953	0
954	0
955	0
956	0
957	1
958	0
959	1
960	0
961	0
962	1
963	1
964	1
965	1
966	1
967	1
968	0
969	1
970	0
971	0
972	1
973	0
974	1
975	0
976	1
977	1
978	1
979	1
980	0
981	2
982	0
983	0
984	1
985	0
986	2
987	0
988	0
989	0
990	0
991	0
992	0
993	0
994	0
995	0
996	0
997	0
998	0
999	0
1000	0
1001	1
1002	0
1003	0
1004	0
1005	0
1006	0
1007	1
1008	0
1009	0
1010	0
1011	0
1012	0
1013	1
1014	1
1015	0
1016	0
1017	1
1018	0
1019	0
1020	2
1021	0
1022	1
1023	0
1024	1
1025	2
1026	0
1027	0
1028	0
1029	2
1030	0
1031	1
1032	1
1033	0
1034	2
1035	0
1036	0
1037	0
1038	1
1039	2
1040	0
1041	0
1042	0
1043	1
1044	0
1045	1
1046	0
1047	2
1048	0
1049	0
1050	0
1051	1
1052	1
1053	0
1054	1
1055	2
1056	1
1057	1
1058	1
1059	0
1060	1
1061	1
1062	0
1063	0
1064	2
1065	1
1066	0
1067	0
1068	2
1069	1
1070	0
1071	0
1072	1
1073	0
1074	0
1075	1
1076	0
1077	0
1078	2
1079	0
1080	0
1081	3
1082	2
1083	1
1084	0
1085	2
1086	0
1087	2
1088	1
1089	1
1090	0
1091	1
1092	0
1093	0
1094	1
1095	2
1096	0
1097	0
1098	0
1099	3
1100	0
1101	1
1102	1
1103	1
1104	1
1105	1
1106	1
1107	1
1108	0
1109	0
1110	3
1111	1
1112	1
1113	0
1114	0
1115	0
1116	0
1117	0
1118	0
1119	0
1120	0
1121	2
1122	0
1123	0
1124	1
1125	0
1126	0
1127	0
1128	0
1129	0
1130	0
1131	0
1132	0
1133	0
1134	0
1135	1
1136	0
1137	0
1138	1
1139	1
1140	0
1141	1
1142	0
1143	0
1144	1
1145	0
1146	0
1147	1
1148	0
1149	2
1150	1
1151	0
1152	0
1153	1
1154	0
1155	2
1156	0
1157	0
1158	0
1159	0
1160	0
1161	1
1162	0
1163	0
1164	1
1165	0
1166	1
1167	2
1168	0
1169	0
1170	1
1171	2
1172	1
1173	1
1174	0
1175	2
1176	0
1177	3
1178	0
1179	0
1180	0
1181	1
1182	0
1183	0
1184	2
1185	1
1186	1
1187	0
1188	1
1189	2
1190	0
1191	0
1192	0
1193	0
1194	0
1195	0
1196	2
1197	0
1198	0
1199	0
1200	0
1201	1
1202	0
1203	0
1204	0
1205	1
1206	0
1207	0
1208	0
1209	2
1210	0
1211	0
1212	2
1213	1
1214	0
1215	1
1216	0
1217	3
1218	1
1219	0
1220	1
1221	1
1222	0
1223	1
1224	0
1225	0
1226	2
1227	2
1228	0
1229	0
1230	0
1231	0
1232	0
1233	1
1234	1
1235	0
1236	1
1237	2
1238	0
1239	2
1240	0
1241	0
1242	1
1243	1
1244	1
1245	1
1246	0
1247	1
1248	1
1249	0
1250	2
1251	1
1252	0
1253	0
1254	1
1255	2
1256	1
1257	0
1258	1
1259	0
1260	1
1261	1
1262	2
1263	0
1264	2
1265	2
1266	0
1267	1
1268	0
1269	1
1270	1
1271	2
1272	1
1273	1
1274	0
1275	1
1276	1
1277	2
1278	0
1279	0
1280	3
1281	1
1282	0
1283	2
1284	2
1285	3
1286	3
1287	0
1288	1
1289	1
1290	2
1291	0
1292	3
1293	1
1294	0
1295	1
1296	1
1297	2
1298	2
1299	0
1300	1
1301	2
1302	3
1303	1
1304	1
1305	1
1306	3
1307	1
1308	0
1309	1
1310	0
1311	2
1312	4
1313	2
1314	0
1315	0
1316	0
1317	1
1318	1
1319	1
1320	0
1321	2
1322	1
1323	1
1324	1
1325	1
1326	0
1327	3
1328	1
1329	3
1330	1
1331	3
1332	1
1333	5
1334	0
1335	2
1336	3
1337	2
1338	1
1339	3
1340	0
1341	3
1342	3
1343	2
1344	0
1345	1
1346	2
1347	2
1348	0
1349	0
1350	2
1351	0
1352	1
1353	0
1354	0
1355	0
1356	0
1357	1
1358	0
1359	0
1360	2
1361	2
1362	2
1363	0
1364	0
1365	4
1366	1
1367	2
1368	0
1369	0
1370	0
1371	3
1372	0
1373	1
1374	2
1375	1
1376	0
1377	0
1378	1
1379	1
1380	3
1381	0
1382	0
1383	1
1384	1
1385	0
1386	0
1387	1
1388	1
1389	2
1390	2
1391	1
1392	0
1393	0
1394	2
1395	2
1396	0
1397	2
1398	2
1399	3
1400	1
1401	2
1402	0
1403	1
1404	2
1405	1
1406	1
1407	0
1408	2
1409	2
1410	0
1411	2
1412	0
1413	1
1414	2
1415	0
1416	4
1417	2
1418	3
1419	0
1420	2
1421	4
1422	0
1423	0
1424	2
1425	6
1426	1
1427	3
1428	6
1429	1
1430	0
1431	2
1432	5
1433	3
1434	4
1435	4
1436	1
1437	1
1438	2
1439	2
1440	1
1441	2
1442	2
1443	4
1444	4
1445	2
1446	2
1447	5
1448	4
1449	1
1450	5
1451	3
1452	4
1453	6
1454	10
1455	11
1456	3
1457	11
1458	4
1459	7
1460	9
1461	6
1462	5
1463	4
1464	9
1465	6
1466	6
1467	13
1468	13
1469	14
1470	9
1471	11
1472	9
1473	9
1474	15
1475	15
1476	12
1477	13
1478	14
1479	13
1480	11
1481	10
1482	19
1483	16
1484	21
1485	14
1486	10
1487	30
1488	21
1489	17
1490	31
1491	30
1492	17
1493	28
1494	21
1495	22
1496	23
1497	29
1498	25
1499	20
1500	31
1501	29
1502	21
1503	51
1504	44
1505	38
1506	38
1507	46
1508	42
1509	30
1510	51
1511	46
1512	36
1513	48
1514	44
1515	49
1516	58
1517	61
1518	45
1519	53
1520	44
1521	58
1522	57
1523	64
1524	54
1525	62
1526	69
1527	56
1528	68
1529	64
1530	77
1531	66
1532	78
1533	50
1534	73
1535	82
1536	78
1537	77
1538	89
1539	69
1540	79
1541	109
1542	87
1543	102
1544	87
1545	77
1546	112
1547	94
1548	83
1549	96
1550	105
1551	92
1552	102
1553	84
1554	87
1555	89
1556	82
1557	116
1558	94
1559	95
1560	91
1561	94
1562	102
1563	115
1564	99
1565	105
1566	98
1567	98
1568	96
1569	92
1570	93
1571	92
1572	94
1573	83
1574	75
1575	106
1576	91
1577	88
1578	95
1579	81
1580	92
1581	82
1582	91
1583	81
1584	84
1585	69
1586	74
1587	69
1588	73
1589	83
1590	68
1591	72
1592	75
1593	72
1594	66
1595	70
1596	71
1597	79
1598	66
1599	69
1600	64
1601	60
1602	66
1603	54
1604	42
1605	53
1606	48
1607	62
1608	48
1609	56
1610	51
1611	33
1612	42
1613	44
1614	30
1615	39
1616	44
1617	29
1618	34
1619	30
1620	39
1621	33
1622	32
1623	29
1624	29
1625	25
1626	31
1627	33
1628	26
1629	29
1630	30
1631	24
1632	20
1633	19
1634	20
1635	24
1636	22
1637	17
1638	18
1639	15
1640	12
1641	21
1642	19
1643	12
1644	13
1645	11
1646	14
1647	13
1648	14
1649	8
1650	12
1651	9
1652	11
1653	7
1654	9
1655	15
1656	13
1657	9
1658	12
1659	8
1660	11
1661	4
1662	13
1663	8
1664	7
1665	5
1666	4
1667	4
1668	4
1669	1
1670	5
1671	4
1672	3
1673	2
1674	1
1675	5
1676	3
1677	3
1678	0
1679	2
1680	0
1681	0
1682	1
1683	1
1684	0
1685	0
1686	1
1687	2
1688	0
1689	1
1690	1
1691	1
1692	0
1693	0
1694	0
1695	0
1696	2
1697	1
1698	0
1699	0
1700	0
1701	0
1702	0
1703	0
1704	0
1705	0
1706	0
1707	0
1708	0
1709	1
1710	0
1711	0
1712	0
1713	0
1714	0
1715	0
1716	0
1717	0
1718	0
1719	0
1720	0
1721	0
1722	0
1723	0
1724	0
1725	0
1726	0
1727	0
1728	0
1729	0
1730	0
1731	0
1732	0
1733	0
1734	0
1735	0
1736	0
1737	0
1738	0
1739	0
1740	0
1741	0
1742	0
1743	0
1744	0
1745	0
1746	0
1747	0
1748	0
1749	0
1750	0
1751	0
1752	0
1753	0
1754	0
1755	0
1756	0
1757	0
1758	0
1759	0
1760	0
1761	0
1762	0
1763	1
1764	0
1765	0
1766	0
1767	0
1768	0
1769	0
1770	0
1771	0
1772	0
1773	0
1774	0
1775	0
1776	0
1777	0
1778	0
1779	0
1780	0
1781	0
1782	0
1783	0
1784	0
1785	0
1786	0
1787	0
1788	0
1789	0
1790	0
1791	0
1792	0
1793	0
1794	0
1795	0
1796	0
1797	0
1798	0
1799	0
1800	0
1801	0
1802	0
1803	0
1804	0
1805	0
1806	0
1807	0
1808	0
1809	0
1810	0
1811	0
1812	0
1813	0
1814	0
1815	0
1816	0
1817	0
1818	0
1819	0
1820	0
1821	0
1822	0
1823	0
1824	0
1825	0
1826	0
1827	0
1828	0
1829	0
1830	0
1831	0
1832	0
1833	0
1834	0
1835	0
1836	0
1837	0
1838	0
1839	0
1840	0
1841	0
1842	0
1843	0
1844	0
1845	0
1846	0
1847	0
1848	0
1849	0
1850	0
1851	0
1852	0
1853	0
1854	1
1855	0
1856	0
1857	0
1858	0
1859	0
1860	0
1861	0
1862	0
1863	0
1864	0
1865	0
1866	0
1867	0
1868	0
1869	0
1870	0
1871	0
1872	0
1873	0
1874	0
1875	0
1876	0
1877	0
1878	0
1879	0
1880	0
1881	0
1882	0
1883	0
1884	0
1885	0
1886	0
1887	0
1888	0
1889	0
1890	0
1891	0
1892	0
1893	0
1894	0
1895	0
1896	0
1897	0
1898	0
1899	0
1900	0
1901	0
1902	0
1903	0
1904	0
1905	0
1906	0
1907	0
1908	0
1909	0
1910	0
1911	0
1912	0
1913	0
1914	0
1915	0
1916	0
1917	0
1918	0
1919	0
1920	0
1921	0
1922	0
1923	0
1924	0
1925	0
1926	0
1927	0
1928	0
1929	0
1930	0
1931	0
1932	0
1933	0
1934	0
1935	0
1936	0
1937	0
1938	0
1939	0
1940	0
1941	1
1942	0
1943	0
1944	0
1945	0
1946	0
1947	0
1948	0
1949	0
1950	0
1951	0
1952	0
1953	0
1954	0
1955	0
1956	0
1957	0
1958	0
1959	0
1960	0
1961	0
1962	0
1963	0
1964	0
1965	0
1966	0
1967	0
1968	0
1969	0
1970	0
1971	0
1972	0
1973	0
1974	0
1975	0
1976	0
1977	0
1978	0
1979	0
1980	0
1981	0
1982	0
1983	0
1984	0
1985	0
1986	0
1987	0
1988	0
1989	0
1990	0
1991	0
1992	0
1993	0
1994	0
1995	0
1996	0
1997	0
1998	0
1999	0
2000	0
2001	0
2002	0
2003	0
2004	0
2005	0
2006	0
2007	0
2008	0
2009	0
2010	0
2011	0
2012	0
2013	0
2014	0
2015	0
2016	0
2017	0
2018	0
2019	0
2020	0
2021	0
2022	0
2023	0
2024	0
2025	0
2026	0
2027	0
2028	0
2029	0
2030	0
2031	0
2032	0
2033	0
2034	0
2035	0
2036	0
2037	0
2038	0
2039	0
2040	0
2041	0
2042	0
2043	0
2044	0
2045	0
2046	0
2047	0
