$SPEC_ID:
No sample description was entered.
$SPEC_REM:
DET# 1
DETDESC# 
AP# Maestro Version 6.08
$DATE_MEA:
09/14/2017 09:50:41
$MEAS_TIM:
91 91
$DATA:
0 2047
       0
       0
       0
       0
       0
       0
       0
       0
       0
       0
       0
       0
       0
       0
       0
       0
       0
       0
       0
       0
       0
       0
       0
       0
       0
       0
       0
       0
       0
       0
       0
       0
       0
       0
       0
       0
       0
       0
       0
       0
       0
       0
       0
       0
       0
       0
       0
       0
       0
       0
       0
       0
       0
       0
       0
       0
       0
       0
       0
       0
       0
       0
       0
       0
       0
       0
       0
       0
       0
       0
       0
       0
       0
       0
       0
       0
       0
       0
       0
       0
       0
       0
       0
       0
       0
       0
       0
       0
       0
       0
       0
       0
       0
       0
       0
       0
       0
       0
       0
       0
       0
       0
       0
       0
       0
       0
       0
       0
       0
       0
       0
       0
       0
       0
       0
       0
       0
       0
       0
       0
       0
       0
       0
       0
       0
       0
       0
       0
       0
       0
       0
       0
       0
       0
       0
       0
       0
       0
       0
       0
       0
       0
       0
       0
       0
       0
       0
       0
       0
       0
       0
       0
       0
       0
       0
       0
       0
       0
       0
       0
       0
       0
       0
       0
       0
       0
       0
       0
       0
       0
       0
       0
       0
       0
       0
       0
       0
       0
       0
       0
       0
       0
       0
       0
       0
       0
       0
       0
       0
       0
       0
       0
       0
       0
       0
       0
       0
       1
       0
       0
       1
       1
       0
       0
       0
       1
       0
       0
       1
       2
       1
       2
       2
       1
       0
       0
       1
       1
       1
       0
       0
       1
       1
       2
       0
       2
       0
       2
       2
       0
       0
       1
       0
       1
       1
       2
       1
       0
       1
       1
       0
       1
       2
       0
       0
       1
       1
       0
       0
       1
       0
       0
       1
       2
       1
       0
       1
       1
       1
       0
       0
       0
       0
       0
       1
       0
       0
       1
       0
       1
       0
       0
       1
       1
       0
       2
       1
       1
       1
       1
       2
       0
       1
       0
       2
       0
       1
       1
       0
       0
       0
       0
       1
       0
       1
       1
       0
       0
       1
       0
       0
       0
       2
       0
       3
       1
       3
       1
       1
       2
       0
       1
       0
       1
       1
       0
       0
       1
       1
       4
       1
       0
       1
       0
       0
       2
       0
       0
       1
       1
       0
       2
       1
       0
       1
       0
       0
       0
       1
       0
       1
       0
       1
       1
       1
       1
       0
       1
       1
       1
       0
       1
       1
       3
       0
       0
       0
       1
       1
       2
       0
       1
       2
       0
       0
       0
       1
       0
       1
       1
       0
       1
       2
       1
       0
       0
       0
       0
       0
       2
       0
       1
       0
       0
       2
       1
       1
       0
       0
       0
       1
       0
       0
       2
       2
       0
       1
       1
       2
       1
       2
       1
       1
       0
       0
       0
       0
       0
       1
       0
       0
       0
       1
       0
       1
       0
       1
       0
       1
       0
       2
       0
       2
       1
       1
       1
       0
       3
       0
       0
       2
       1
       3
       0
       1
       1
       1
       2
       0
       0
       1
       1
       0
       2
       2
       1
       3
       0
       0
       1
       0
       0
       0
       0
       1
       2
       0
       0
       0
       0
       2
       0
       1
       1
       0
       1
       0
       1
       0
       2
       0
       0
       0
       0
       0
       0
       0
       3
       0
       0
       0
       0
       4
       1
       1
       0
       1
       0
       0
       0
       1
       1
       0
       0
       0
       2
       1
       1
       0
       4
       0
       1
       0
       1
       1
       0
       0
       1
       0
       0
       0
       0
       0
       0
       0
       1
       2
       0
       0
       0
       0
       0
       1
       0
       0
       0
       0
       1
       1
       0
       0
       0
       0
       0
       1
       0
       0
       0
       0
       1
       0
       2
       0
       0
       2
       1
       1
       0
       2
       0
       1
       0
       0
       0
       0
       0
       1
       2
       1
       2
       0
       2
       0
       2
       0
       0
       1
       1
       3
       1
       1
       0
       0
       0
       0
       1
       1
       1
       1
       0
       1
       0
       1
       0
       2
       1
       0
       1
       0
       0
       0
       0
       0
       0
       1
       0
       0
       0
       1
       3
       0
       0
       0
       0
       0
       0
       1
       0
       1
       1
       0
       0
       0
       0
       0
       0
       0
       0
       1
       1
       3
       0
       0
       0
       0
       0
       0
       0
       0
       0
       1
       0
       0
       0
       0
       0
       0
       1
       2
       0
       0
       0
       0
       0
       0
       3
       0
       0
       2
       4
       1
       1
       0
       0
       1
       0
       0
       0
       0
       2
       0
       1
       0
       0
       1
       0
       0
       0
       1
       0
       0
       0
       0
       1
       0
       3
       0
       0
       0
       0
       1
       0
       0
       0
       0
       0
       0
       2
       1
       0
       1
       0
       1
       0
       1
       1
       0
       1
       0
       1
       1
       0
       0
       0
       1
       0
       0
       0
       1
       0
       0
       1
       0
       0
       1
       0
       0
       1
       0
       1
       0
       0
       0
       1
       0
       0
       1
       0
       0
       0
       2
       3
       0
       0
       0
       0
       0
       0
       0
       1
       1
       0
       1
       2
       0
       3
       1
       0
       1
       0
       0
       0
       0
       1
       0
       1
       0
       0
       1
       0
       0
       0
       0
       1
       0
       0
       0
       0
       0
       0
       1
       0
       0
       2
       0
       1
       1
       1
       1
       1
       1
       0
       0
       0
       2
       0
       2
       0
       1
       0
       0
       0
       2
       1
       0
       1
       0
       2
       0
       2
       0
       1
       0
       0
       0
       0
       2
       0
       0
       0
       0
       0
       0
       1
       0
       0
       0
       0
       0
       1
       1
       0
       1
       1
       0
       0
       1
       1
       0
       1
       1
       0
       2
       1
       0
       0
       0
       0
       0
       0
       0
       2
       1
       1
       0
       0
       2
       0
       0
       3
       0
       0
       0
       1
       1
       1
       2
       1
       2
       0
       0
       1
       0
       0
       1
       0
       0
       0
       0
       0
       2
       1
       0
       2
       1
       0
       1
       0
       0
       0
       0
       0
       1
       0
       0
       0
       0
       0
       0
       0
       0
       1
       0
       0
       0
       0
       1
       0
       2
       1
       0
       1
       1
       0
       0
       1
       1
       0
       0
       0
       0
       0
       0
       0
       0
       0
       1
       0
       0
       2
       1
       0
       0
       0
       1
       1
       0
       1
       1
       0
       1
       1
       1
       1
       0
       1
       2
       0
       0
       0
       0
       1
       0
       0
       0
       0
       0
       1
       0
       0
       0
       0
       1
       0
       0
       0
       1
       0
       0
       1
       2
       2
       0
       0
       0
       2
       0
       1
       1
       0
       0
       1
       0
       0
       0
       1
       1
       1
       1
       0
       0
       0
       1
       0
       0
       0
       0
       1
       0
       2
       0
       0
       2
       0
       0
       0
       0
       2
       1
       0
       1
       0
       0
       0
       0
       0
       0
       2
       0
       0
       1
       0
       0
       0
       0
       0
       0
       0
       0
       1
       1
       1
       0
       0
       0
       0
       1
       0
       0
       0
       0
       1
       2
       1
       0
       0
       0
       1
       0
       1
       0
       0
       0
       1
       0
       0
       1
       0
       1
       0
       0
       0
       1
       0
       0
       1
       2
       0
       0
       1
       1
       0
       0
       0
       1
       1
       0
       1
       0
       0
       0
       0
       0
       0
       0
       1
       0
       0
       0
       1
       0
       0
       1
       0
       1
       1
       0
       0
       0
       0
       0
       0
       0
       0
       1
       0
       1
       0
       0
       0
       0
       1
       0
       0
       0
       0
       0
       0
       2
       0
       0
       0
       1
       0
       0
       3
       0
       0
       0
       0
       0
       1
       1
       1
       1
       0
       1
       1
       0
       0
       0
       1
       0
       0
       2
       0
       1
       1
       1
       0
       1
       0
       1
       0
       0
       0
       0
       0
       0
       1
       1
       1
       0
       0
       0
       1
       0
       0
       0
       0
       0
       1
       0
       1
       0
       0
       0
       0
       0
       0
       0
       0
       1
       0
       1
       1
       0
       0
       0
       0
       0
       0
       0
       0
       0
       1
       0
       0
       0
       0
       1
       1
       0
       0
       1
       1
       0
       0
       0
       0
       1
       0
       1
       1
       0
       1
       0
       0
       0
       1
       0
       0
       0
       0
       0
       1
       0
       0
       0
       0
       0
       0
       0
       1
       1
       1
       0
       0
       1
       0
       0
       0
       0
       0
       0
       0
       0
       0
       1
       0
       2
       0
       0
       0
       1
       0
       0
       0
       0
       0
       0
       0
       0
       2
       0
       0
       1
       0
       0
       0
       0
       2
       2
       0
       0
       2
       1
       0
       1
       0
       0
       0
       1
       0
       2
       0
       0
       1
       0
       2
       0
       0
       0
       0
       0
       0
       0
       1
       0
       1
       0
       1
       0
       0
       1
       0
       0
       0
       1
       0
       1
       0
       2
       1
       1
       1
       1
       0
       1
       0
       0
       0
       0
       1
       0
       0
       0
       1
       1
       0
       2
       0
       0
       0
       0
       0
       1
       2
       1
       0
       1
       0
       4
       1
       3
       1
       0
       0
       0
       0
       3
       1
       4
       1
       0
       2
       0
       0
       1
       0
       0
       0
       2
       1
       0
       2
       1
       0
       0
       0
       0
       0
       0
       0
       1
       0
       1
       0
       0
       0
       2
       1
       0
       0
       1
       0
       0
       0
       1
       1
       0
       0
       0
       0
       0
       0
       0
       1
       0
       0
       0
       1
       1
       0
       0
       0
       0
       0
       0
       1
       0
       0
       0
       0
       1
       2
       0
       2
       1
       0
       0
       1
       1
       0
       0
       0
       0
       1
       2
       1
       0
       0
       0
       0
       0
       0
       2
       0
       0
       0
       0
       1
       2
       1
       0
       0
       2
       2
       3
       1
       1
       1
       1
       1
       2
       3
       3
       0
       0
       0
       1
       2
       1
       2
       2
       2
       3
       2
       0
       2
       1
       4
       3
       2
       1
       2
       2
       1
       2
       1
       3
       4
       1
       4
       2
       2
       3
       0
       3
       4
       6
       6
       5
       1
       3
       6
       3
       5
       2
       8
       5
      10
       9
       1
       7
       7
       7
       9
       4
       7
       6
      13
      11
       5
       7
      12
       8
       6
      13
      12
       8
      10
       8
      13
      12
      13
      20
      20
      16
      18
      15
      17
      15
      15
      23
      20
      18
      20
      13
      24
      13
      22
      28
      20
      15
      22
      13
      21
      21
      21
      20
      31
      26
      26
      21
      24
      26
      30
      22
      28
      21
      23
      21
      29
      31
      27
      21
      29
      26
      28
      25
      29
      18
      25
      25
      29
      29
      31
      17
      26
      19
      11
      29
      26
      21
      20
      22
      16
      32
      20
      23
      25
      19
      17
      15
      16
      24
      19
      15
      20
      18
      20
      22
      16
      24
      21
      13
      21
      15
      13
      14
      17
      16
       6
      11
       6
       7
      11
      13
       5
      12
      12
       5
       7
       9
      11
      12
       6
       4
       4
       8
      10
       3
       8
       2
       7
       5
       1
       4
       7
       6
       8
       5
       5
       6
       3
       9
       5
       5
       2
       2
       4
       4
       2
       3
       5
       5
       2
       6
       4
       1
       4
       7
       6
       2
       3
       2
       1
       3
       3
       3
       2
       2
       1
       1
       1
       1
       2
       2
       3
       2
       1
       2
       1
       3
       3
       0
       0
       2
       1
       1
       0
       0
       0
       0
       0
       1
       0
       0
       0
       0
       0
       0
       0
       0
       1
       0
       0
       0
       0
       0
       0
       0
       0
       0
       0
       0
       1
       0
       0
       0
       0
       0
       0
       0
       0
       0
       0
       0
       0
       0
       0
       0
       0
       0
       0
       0
       0
       0
       0
       0
       0
       0
       0
       0
       0
       0
       0
       0
       0
       0
       0
       0
       0
       0
       0
       0
       0
       0
       0
       0
       0
       0
       0
       0
       0
       0
       0
       0
       0
       0
       0
       0
       0
       0
       0
       0
       0
       0
       0
       0
       0
       0
       0
       0
       0
       0
       0
       0
       0
       0
       0
       0
       0
       0
       0
       0
       0
       0
       0
       0
       0
       0
       0
       0
       0
       0
       0
       0
       0
       0
       0
       0
       0
       0
       0
       0
       0
       0
       0
       0
       0
       0
       0
       0
       0
       0
       0
       0
       0
       0
       0
       0
       0
       0
       0
       0
       0
       0
       0
       0
       0
       0
       0
       0
       0
       0
       0
       0
       0
       0
       0
       0
       0
       0
       0
       0
       0
       0
       0
       0
       0
       0
       0
       0
       0
       0
       0
       0
       0
       0
       0
       0
       0
       0
       0
       0
       0
       0
       0
       0
       0
       0
       0
       0
       0
       0
       0
       0
       0
       0
       0
       0
       0
       0
       0
       0
       0
       0
       0
       0
       0
       0
       0
       0
       0
       0
       0
       0
       0
       0
       0
       0
       0
       0
       0
       0
       0
       0
       0
       0
       0
       0
       0
       0
       0
       0
       0
       0
       0
       0
       0
       0
       0
       0
       0
       0
       0
       0
       0
       0
       0
       0
       0
       0
       0
       0
       0
       0
       0
       0
       0
       0
       0
       0
       0
       0
       0
       0
       0
       0
       0
       0
       0
       0
       0
       0
       0
       0
       0
       0
       0
       0
       0
       0
       0
       0
       0
       0
       0
       0
       0
       0
       0
       0
       0
       0
       0
       0
       0
       0
       0
       0
       0
       0
       0
       0
       0
       0
       0
       0
       0
       0
       0
       0
       0
       0
       0
       0
       0
       0
       0
       0
       0
       0
       0
       0
       0
       0
       0
       0
       0
       0
       0
       0
       0
       0
       0
       0
       0
       0
       0
       0
       0
       0
       0
       0
       0
       0
       0
       0
       0
       0
       0
       0
       0
       0
       0
       0
       0
       0
       0
       0
       0
       0
       0
       0
       0
$ROI:
1
1425 1700
$PRESETS:
Live Time
1000000
0
$ENER_FIT:
0.000000 0.002526
$MCA_CAL:
3
0.000000E+000 2.525835E-003 0.000000E+000 keV
$SHAPE_CAL:
3
0.000000E+000 0.000000E+000 0.000000E+000
