SPEC_ID:	'No sample description was entered.'
SPEC_REM:	'DET# 1'
DATE_MEA:	'09/14/2017 10:14:27'
MEAS_TIM:	'34 34'
DATA:	'0 2047'
ROI:	'1'
PRESETS:	'Live Time'
ENER_FIT:	'0.000000 0.002526'
MCA_CAL:	'3'
SHAPE_CAL:	'3'

Channel	Counts
0	0
1	0
2	0
3	0
4	0
5	0
6	0
7	0
8	0
9	0
10	0
11	0
12	0
13	0
14	0
15	0
16	0
17	0
18	0
19	0
20	0
21	0
22	0
23	0
24	0
25	0
26	0
27	0
28	0
29	0
30	0
31	0
32	0
33	0
34	0
35	0
36	0
37	0
38	0
39	0
40	0
41	0
42	0
43	0
44	0
45	0
46	0
47	0
48	0
49	0
50	0
51	0
52	0
53	0
54	0
55	0
56	0
57	0
58	0
59	0
60	0
61	0
62	0
63	0
64	0
65	0
66	0
67	0
68	0
69	0
70	0
71	0
72	0
73	0
74	0
75	0
76	0
77	0
78	0
79	0
80	0
81	0
82	0
83	0
84	0
85	0
86	0
87	0
88	0
89	0
90	0
91	0
92	0
93	0
94	0
95	0
96	0
97	0
98	0
99	0
100	0
101	0
102	0
103	0
104	0
105	0
106	0
107	0
108	0
109	0
110	0
111	0
112	0
113	0
114	0
115	0
116	0
117	0
118	0
119	0
120	0
121	0
122	0
123	0
124	0
125	0
126	0
127	0
128	0
129	0
130	0
131	0
132	0
133	0
134	0
135	0
136	0
137	0
138	0
139	0
140	0
141	0
142	0
143	0
144	0
145	0
146	0
147	0
148	0
149	0
150	0
151	0
152	0
153	0
154	0
155	0
156	0
157	0
158	0
159	0
160	0
161	0
162	0
163	0
164	0
165	0
166	0
167	0
168	0
169	0
170	0
171	0
172	0
173	0
174	0
175	0
176	0
177	0
178	0
179	0
180	0
181	0
182	0
183	0
184	0
185	0
186	0
187	0
188	0
189	0
190	0
191	0
192	0
193	0
194	0
195	0
196	0
197	0
198	0
199	0
200	0
201	1
202	0
203	0
204	0
205	0
206	0
207	0
208	2
209	0
210	1
211	0
212	1
213	1
214	0
215	1
216	1
217	1
218	1
219	0
220	1
221	2
222	0
223	1
224	2
225	2
226	0
227	0
228	0
229	0
230	0
231	0
232	0
233	1
234	0
235	0
236	0
237	2
238	0
239	0
240	0
241	1
242	1
243	1
244	1
245	1
246	1
247	0
248	0
249	1
250	1
251	0
252	0
253	0
254	0
255	0
256	0
257	0
258	0
259	2
260	0
261	0
262	0
263	2
264	1
265	0
266	0
267	0
268	0
269	0
270	0
271	0
272	0
273	0
274	1
275	0
276	0
277	0
278	0
279	0
280	0
281	0
282	2
283	0
284	2
285	1
286	0
287	3
288	0
289	0
290	0
291	0
292	0
293	1
294	0
295	1
296	0
297	0
298	0
299	1
300	1
301	0
302	0
303	1
304	0
305	1
306	0
307	2
308	2
309	0
310	0
311	1
312	1
313	0
314	2
315	0
316	1
317	1
318	1
319	0
320	0
321	1
322	1
323	1
324	0
325	0
326	0
327	0
328	0
329	0
330	1
331	0
332	1
333	0
334	0
335	0
336	0
337	0
338	0
339	0
340	2
341	0
342	0
343	1
344	0
345	1
346	0
347	1
348	1
349	0
350	1
351	0
352	1
353	0
354	0
355	0
356	1
357	1
358	0
359	1
360	0
361	1
362	0
363	1
364	0
365	0
366	1
367	0
368	0
369	0
370	0
371	0
372	0
373	0
374	1
375	0
376	1
377	1
378	0
379	1
380	0
381	0
382	0
383	1
384	0
385	1
386	1
387	0
388	0
389	2
390	0
391	0
392	0
393	0
394	0
395	0
396	1
397	0
398	0
399	2
400	1
401	0
402	1
403	0
404	1
405	0
406	0
407	0
408	1
409	2
410	1
411	1
412	0
413	1
414	0
415	1
416	1
417	1
418	0
419	0
420	2
421	1
422	0
423	0
424	1
425	0
426	0
427	0
428	1
429	0
430	0
431	1
432	0
433	1
434	1
435	0
436	0
437	1
438	1
439	0
440	0
441	0
442	1
443	0
444	0
445	1
446	0
447	0
448	0
449	0
450	1
451	0
452	0
453	0
454	0
455	0
456	0
457	0
458	1
459	0
460	1
461	0
462	0
463	0
464	1
465	0
466	1
467	2
468	1
469	0
470	0
471	0
472	0
473	1
474	0
475	0
476	0
477	1
478	1
479	0
480	0
481	1
482	0
483	0
484	0
485	1
486	2
487	0
488	0
489	0
490	1
491	1
492	0
493	2
494	0
495	1
496	0
497	2
498	1
499	0
500	0
501	0
502	1
503	0
504	1
505	1
506	1
507	0
508	0
509	0
510	0
511	0
512	1
513	0
514	1
515	0
516	0
517	1
518	0
519	0
520	1
521	1
522	0
523	0
524	0
525	0
526	0
527	0
528	1
529	0
530	0
531	0
532	0
533	0
534	0
535	0
536	0
537	0
538	0
539	0
540	0
541	0
542	0
543	0
544	0
545	0
546	1
547	0
548	0
549	0
550	0
551	0
552	0
553	1
554	1
555	0
556	0
557	0
558	2
559	0
560	0
561	0
562	0
563	1
564	0
565	0
566	0
567	0
568	0
569	0
570	0
571	0
572	0
573	0
574	1
575	0
576	0
577	0
578	0
579	0
580	0
581	0
582	1
583	0
584	1
585	0
586	0
587	1
588	0
589	1
590	0
591	0
592	0
593	0
594	1
595	0
596	1
597	0
598	1
599	1
600	0
601	1
602	1
603	1
604	0
605	1
606	1
607	0
608	1
609	1
610	0
611	1
612	1
613	0
614	0
615	1
616	0
617	1
618	1
619	1
620	0
621	0
622	0
623	0
624	1
625	0
626	0
627	0
628	1
629	0
630	1
631	0
632	0
633	1
634	0
635	1
636	2
637	0
638	2
639	0
640	1
641	0
642	0
643	0
644	1
645	0
646	2
647	1
648	1
649	1
650	1
651	2
652	0
653	0
654	1
655	0
656	2
657	1
658	0
659	0
660	0
661	0
662	0
663	0
664	0
665	0
666	0
667	0
668	0
669	0
670	0
671	0
672	0
673	1
674	0
675	0
676	0
677	0
678	0
679	0
680	0
681	0
682	1
683	0
684	0
685	0
686	1
687	1
688	0
689	1
690	1
691	0
692	0
693	3
694	1
695	0
696	0
697	1
698	0
699	0
700	2
701	2
702	0
703	1
704	1
705	1
706	0
707	0
708	1
709	1
710	0
711	0
712	0
713	0
714	2
715	0
716	0
717	1
718	0
719	0
720	1
721	2
722	0
723	0
724	0
725	1
726	0
727	0
728	1
729	0
730	0
731	0
732	1
733	0
734	1
735	0
736	0
737	0
738	0
739	1
740	0
741	0
742	0
743	0
744	0
745	2
746	0
747	0
748	0
749	0
750	0
751	0
752	0
753	0
754	0
755	1
756	1
757	1
758	1
759	1
760	0
761	1
762	2
763	0
764	0
765	0
766	0
767	1
768	0
769	1
770	0
771	0
772	0
773	0
774	0
775	0
776	0
777	0
778	0
779	0
780	0
781	0
782	1
783	1
784	0
785	0
786	0
787	0
788	0
789	0
790	0
791	0
792	0
793	1
794	1
795	0
796	0
797	1
798	2
799	0
800	1
801	1
802	0
803	0
804	0
805	1
806	0
807	0
808	0
809	0
810	1
811	1
812	0
813	0
814	2
815	0
816	1
817	0
818	0
819	0
820	1
821	0
822	2
823	1
824	0
825	0
826	0
827	0
828	0
829	0
830	0
831	1
832	0
833	0
834	0
835	0
836	0
837	1
838	0
839	0
840	0
841	3
842	0
843	1
844	2
845	1
846	1
847	0
848	1
849	0
850	0
851	1
852	1
853	0
854	0
855	0
856	0
857	0
858	0
859	0
860	0
861	0
862	1
863	1
864	0
865	1
866	0
867	1
868	0
869	1
870	0
871	0
872	2
873	0
874	0
875	0
876	0
877	0
878	0
879	1
880	2
881	2
882	0
883	1
884	0
885	2
886	1
887	1
888	1
889	0
890	1
891	0
892	0
893	0
894	0
895	1
896	1
897	1
898	0
899	0
900	0
901	1
902	0
903	1
904	0
905	0
906	0
907	0
908	0
909	0
910	0
911	0
912	0
913	1
914	0
915	1
916	0
917	0
918	2
919	1
920	0
921	0
922	0
923	2
924	0
925	1
926	2
927	1
928	0
929	0
930	0
931	0
932	0
933	1
934	0
935	1
936	0
937	0
938	1
939	0
940	0
941	1
942	0
943	0
944	1
945	0
946	1
947	0
948	0
949	0
950	0
951	0
952	0
953	1
954	1
955	1
956	0
957	1
958	0
959	0
960	0
961	0
962	0
963	0
964	0
965	0
966	0
967	1
968	0
969	0
970	0
971	1
972	0
973	1
974	0
975	1
976	0
977	1
978	0
979	0
980	1
981	1
982	0
983	0
984	1
985	0
986	0
987	0
988	1
989	1
990	1
991	1
992	0
993	0
994	1
995	0
996	0
997	1
998	0
999	0
1000	0
1001	0
1002	0
1003	0
1004	0
1005	2
1006	0
1007	0
1008	0
1009	0
1010	1
1011	0
1012	0
1013	0
1014	0
1015	2
1016	0
1017	0
1018	1
1019	1
1020	0
1021	1
1022	0
1023	0
1024	1
1025	0
1026	1
1027	1
1028	1
1029	1
1030	0
1031	0
1032	0
1033	1
1034	1
1035	1
1036	0
1037	0
1038	0
1039	0
1040	1
1041	0
1042	0
1043	0
1044	0
1045	0
1046	0
1047	1
1048	0
1049	2
1050	0
1051	2
1052	2
1053	0
1054	0
1055	0
1056	1
1057	0
1058	2
1059	0
1060	0
1061	0
1062	1
1063	0
1064	0
1065	0
1066	0
1067	1
1068	0
1069	0
1070	2
1071	2
1072	1
1073	0
1074	1
1075	1
1076	0
1077	2
1078	1
1079	0
1080	0
1081	0
1082	0
1083	1
1084	1
1085	0
1086	0
1087	1
1088	0
1089	0
1090	0
1091	1
1092	0
1093	1
1094	0
1095	0
1096	0
1097	0
1098	1
1099	0
1100	0
1101	0
1102	0
1103	0
1104	0
1105	0
1106	0
1107	1
1108	1
1109	1
1110	1
1111	0
1112	1
1113	0
1114	1
1115	0
1116	0
1117	1
1118	1
1119	0
1120	0
1121	0
1122	3
1123	0
1124	0
1125	0
1126	0
1127	0
1128	0
1129	0
1130	2
1131	0
1132	2
1133	0
1134	0
1135	1
1136	1
1137	0
1138	0
1139	1
1140	1
1141	0
1142	0
1143	1
1144	0
1145	1
1146	1
1147	0
1148	0
1149	0
1150	0
1151	0
1152	0
1153	1
1154	0
1155	0
1156	0
1157	0
1158	0
1159	0
1160	0
1161	1
1162	1
1163	0
1164	0
1165	0
1166	0
1167	0
1168	0
1169	0
1170	0
1171	1
1172	0
1173	1
1174	1
1175	0
1176	1
1177	3
1178	0
1179	0
1180	0
1181	0
1182	1
1183	0
1184	0
1185	1
1186	0
1187	1
1188	0
1189	0
1190	0
1191	0
1192	0
1193	2
1194	0
1195	0
1196	0
1197	0
1198	1
1199	0
1200	0
1201	0
1202	0
1203	0
1204	1
1205	1
1206	0
1207	0
1208	0
1209	1
1210	1
1211	0
1212	0
1213	1
1214	2
1215	0
1216	0
1217	1
1218	2
1219	0
1220	1
1221	0
1222	2
1223	1
1224	2
1225	1
1226	0
1227	0
1228	0
1229	0
1230	0
1231	0
1232	0
1233	2
1234	0
1235	0
1236	0
1237	0
1238	2
1239	0
1240	1
1241	1
1242	2
1243	0
1244	0
1245	1
1246	0
1247	2
1248	0
1249	0
1250	0
1251	1
1252	0
1253	0
1254	0
1255	0
1256	0
1257	0
1258	2
1259	2
1260	0
1261	2
1262	0
1263	0
1264	0
1265	0
1266	1
1267	2
1268	0
1269	3
1270	0
1271	0
1272	0
1273	1
1274	1
1275	1
1276	0
1277	1
1278	3
1279	1
1280	0
1281	0
1282	1
1283	0
1284	1
1285	1
1286	1
1287	1
1288	1
1289	0
1290	1
1291	0
1292	0
1293	1
1294	2
1295	0
1296	2
1297	0
1298	2
1299	2
1300	2
1301	0
1302	2
1303	0
1304	1
1305	4
1306	1
1307	3
1308	0
1309	2
1310	1
1311	1
1312	0
1313	0
1314	1
1315	0
1316	1
1317	2
1318	2
1319	3
1320	1
1321	1
1322	0
1323	2
1324	5
1325	0
1326	2
1327	2
1328	1
1329	0
1330	0
1331	0
1332	0
1333	3
1334	2
1335	1
1336	1
1337	0
1338	0
1339	1
1340	0
1341	0
1342	1
1343	1
1344	2
1345	0
1346	0
1347	0
1348	2
1349	1
1350	3
1351	1
1352	1
1353	1
1354	1
1355	2
1356	0
1357	1
1358	2
1359	0
1360	3
1361	2
1362	2
1363	1
1364	1
1365	2
1366	0
1367	1
1368	2
1369	3
1370	3
1371	1
1372	2
1373	2
1374	0
1375	0
1376	0
1377	0
1378	1
1379	1
1380	3
1381	1
1382	0
1383	0
1384	4
1385	2
1386	0
1387	2
1388	2
1389	1
1390	0
1391	0
1392	2
1393	2
1394	0
1395	2
1396	3
1397	0
1398	0
1399	1
1400	0
1401	2
1402	1
1403	1
1404	2
1405	2
1406	0
1407	1
1408	2
1409	0
1410	1
1411	3
1412	2
1413	1
1414	2
1415	3
1416	2
1417	2
1418	2
1419	2
1420	2
1421	2
1422	3
1423	1
1424	4
1425	2
1426	2
1427	1
1428	2
1429	1
1430	4
1431	1
1432	1
1433	0
1434	7
1435	4
1436	2
1437	5
1438	3
1439	3
1440	7
1441	5
1442	1
1443	5
1444	1
1445	3
1446	1
1447	3
1448	3
1449	4
1450	1
1451	4
1452	3
1453	4
1454	1
1455	5
1456	4
1457	3
1458	4
1459	4
1460	7
1461	3
1462	9
1463	5
1464	8
1465	4
1466	3
1467	7
1468	3
1469	4
1470	9
1471	14
1472	6
1473	6
1474	8
1475	7
1476	7
1477	11
1478	9
1479	13
1480	14
1481	11
1482	14
1483	20
1484	13
1485	12
1486	15
1487	19
1488	10
1489	19
1490	19
1491	21
1492	18
1493	20
1494	25
1495	15
1496	26
1497	20
1498	23
1499	23
1500	35
1501	37
1502	31
1503	27
1504	35
1505	19
1506	27
1507	25
1508	36
1509	38
1510	27
1511	31
1512	34
1513	35
1514	37
1515	44
1516	40
1517	42
1518	49
1519	40
1520	45
1521	38
1522	50
1523	41
1524	52
1525	50
1526	55
1527	67
1528	58
1529	54
1530	63
1531	67
1532	59
1533	85
1534	56
1535	85
1536	71
1537	69
1538	59
1539	70
1540	86
1541	72
1542	72
1543	77
1544	69
1545	84
1546	80
1547	82
1548	72
1549	75
1550	103
1551	94
1552	88
1553	96
1554	105
1555	106
1556	99
1557	100
1558	94
1559	101
1560	105
1561	94
1562	96
1563	85
1564	100
1565	101
1566	104
1567	103
1568	85
1569	94
1570	104
1571	107
1572	117
1573	80
1574	107
1575	85
1576	112
1577	101
1578	95
1579	94
1580	92
1581	106
1582	92
1583	85
1584	94
1585	90
1586	87
1587	88
1588	91
1589	97
1590	86
1591	93
1592	101
1593	97
1594	96
1595	70
1596	85
1597	68
1598	67
1599	74
1600	78
1601	72
1602	73
1603	63
1604	60
1605	64
1606	65
1607	51
1608	49
1609	53
1610	48
1611	49
1612	55
1613	57
1614	70
1615	40
1616	46
1617	45
1618	50
1619	45
1620	43
1621	41
1622	38
1623	34
1624	48
1625	29
1626	34
1627	31
1628	37
1629	24
1630	26
1631	25
1632	24
1633	23
1634	24
1635	21
1636	24
1637	23
1638	19
1639	16
1640	15
1641	20
1642	16
1643	10
1644	16
1645	9
1646	14
1647	16
1648	16
1649	16
1650	8
1651	12
1652	8
1653	13
1654	7
1655	9
1656	6
1657	7
1658	11
1659	4
1660	8
1661	9
1662	3
1663	5
1664	2
1665	3
1666	3
1667	2
1668	5
1669	2
1670	4
1671	4
1672	3
1673	0
1674	3
1675	3
1676	2
1677	2
1678	3
1679	1
1680	0
1681	2
1682	1
1683	1
1684	1
1685	0
1686	2
1687	0
1688	0
1689	0
1690	3
1691	1
1692	0
1693	0
1694	0
1695	0
1696	2
1697	0
1698	0
1699	0
1700	0
1701	0
1702	0
1703	1
1704	0
1705	0
1706	0
1707	0
1708	0
1709	0
1710	0
1711	0
1712	0
1713	0
1714	0
1715	0
1716	0
1717	0
1718	0
1719	0
1720	0
1721	0
1722	0
1723	0
1724	0
1725	0
1726	0
1727	0
1728	0
1729	0
1730	0
1731	0
1732	0
1733	0
1734	0
1735	0
1736	0
1737	0
1738	0
1739	0
1740	0
1741	0
1742	0
1743	0
1744	0
1745	0
1746	0
1747	0
1748	0
1749	0
1750	0
1751	0
1752	0
1753	0
1754	0
1755	0
1756	0
1757	0
1758	0
1759	0
1760	0
1761	0
1762	0
1763	0
1764	0
1765	0
1766	0
1767	0
1768	0
1769	0
1770	0
1771	0
1772	0
1773	0
1774	0
1775	0
1776	0
1777	0
1778	0
1779	0
1780	0
1781	0
1782	0
1783	0
1784	0
1785	0
1786	0
1787	0
1788	0
1789	0
1790	0
1791	0
1792	0
1793	0
1794	0
1795	0
1796	0
1797	0
1798	0
1799	0
1800	0
1801	0
1802	0
1803	0
1804	0
1805	0
1806	0
1807	0
1808	0
1809	0
1810	0
1811	0
1812	0
1813	0
1814	0
1815	0
1816	0
1817	0
1818	0
1819	0
1820	0
1821	0
1822	0
1823	0
1824	0
1825	0
1826	0
1827	0
1828	0
1829	0
1830	0
1831	0
1832	0
1833	0
1834	0
1835	0
1836	0
1837	0
1838	0
1839	0
1840	0
1841	0
1842	0
1843	0
1844	0
1845	0
1846	0
1847	0
1848	0
1849	0
1850	0
1851	0
1852	0
1853	0
1854	0
1855	0
1856	0
1857	0
1858	0
1859	0
1860	0
1861	0
1862	0
1863	0
1864	1
1865	0
1866	0
1867	0
1868	0
1869	0
1870	0
1871	0
1872	0
1873	0
1874	0
1875	0
1876	0
1877	0
1878	0
1879	0
1880	0
1881	0
1882	0
1883	0
1884	0
1885	0
1886	0
1887	0
1888	0
1889	0
1890	0
1891	0
1892	0
1893	0
1894	0
1895	0
1896	0
1897	1
1898	0
1899	0
1900	0
1901	0
1902	0
1903	0
1904	0
1905	0
1906	0
1907	0
1908	0
1909	0
1910	0
1911	0
1912	0
1913	0
1914	0
1915	0
1916	0
1917	0
1918	0
1919	0
1920	0
1921	0
1922	0
1923	0
1924	0
1925	1
1926	0
1927	0
1928	0
1929	0
1930	0
1931	0
1932	0
1933	0
1934	0
1935	0
1936	0
1937	0
1938	0
1939	0
1940	0
1941	0
1942	0
1943	0
1944	0
1945	0
1946	0
1947	0
1948	0
1949	0
1950	0
1951	0
1952	0
1953	0
1954	0
1955	0
1956	0
1957	0
1958	0
1959	0
1960	0
1961	0
1962	0
1963	0
1964	0
1965	0
1966	0
1967	0
1968	0
1969	0
1970	0
1971	0
1972	0
1973	0
1974	0
1975	0
1976	0
1977	0
1978	0
1979	0
1980	0
1981	0
1982	0
1983	0
1984	0
1985	0
1986	0
1987	0
1988	0
1989	0
1990	0
1991	0
1992	0
1993	0
1994	0
1995	0
1996	0
1997	0
1998	0
1999	0
2000	0
2001	0
2002	0
2003	0
2004	0
2005	0
2006	0
2007	0
2008	0
2009	0
2010	0
2011	0
2012	0
2013	0
2014	0
2015	0
2016	0
2017	0
2018	0
2019	0
2020	0
2021	0
2022	0
2023	0
2024	0
2025	0
2026	0
2027	0
2028	0
2029	0
2030	0
2031	0
2032	0
2033	0
2034	0
2035	0
2036	0
2037	0
2038	0
2039	0
2040	0
2041	0
2042	0
2043	0
2044	0
2045	0
2046	0
2047	0
