SPEC_ID:	'No sample description was entered.'
SPEC_REM:	'DET# 1'
DATE_MEA:	'09/14/2017 10:08:56'
MEAS_TIM:	'32 32'
DATA:	'0 2047'
ROI:	'1'
PRESETS:	'Live Time'
ENER_FIT:	'0.000000 0.002526'
MCA_CAL:	'3'
SHAPE_CAL:	'3'

Channel	Counts
0	0
1	0
2	0
3	0
4	0
5	0
6	0
7	0
8	0
9	0
10	0
11	0
12	0
13	0
14	0
15	0
16	0
17	0
18	0
19	0
20	0
21	0
22	0
23	0
24	0
25	0
26	0
27	0
28	0
29	0
30	0
31	0
32	0
33	0
34	0
35	0
36	0
37	0
38	0
39	0
40	0
41	0
42	0
43	0
44	0
45	0
46	0
47	0
48	0
49	0
50	0
51	0
52	0
53	0
54	0
55	0
56	0
57	0
58	0
59	0
60	0
61	0
62	0
63	0
64	0
65	0
66	0
67	0
68	0
69	0
70	0
71	0
72	0
73	0
74	0
75	0
76	0
77	0
78	0
79	0
80	0
81	0
82	0
83	0
84	0
85	0
86	0
87	0
88	0
89	0
90	0
91	0
92	0
93	0
94	0
95	0
96	0
97	0
98	0
99	0
100	0
101	0
102	0
103	0
104	0
105	0
106	0
107	0
108	0
109	0
110	0
111	0
112	0
113	0
114	0
115	0
116	0
117	0
118	0
119	0
120	0
121	0
122	0
123	0
124	0
125	0
126	0
127	0
128	0
129	0
130	0
131	0
132	0
133	0
134	0
135	0
136	0
137	0
138	0
139	0
140	0
141	0
142	0
143	0
144	0
145	0
146	0
147	0
148	0
149	0
150	0
151	0
152	0
153	0
154	0
155	0
156	0
157	0
158	0
159	0
160	0
161	0
162	0
163	0
164	0
165	0
166	0
167	0
168	0
169	0
170	0
171	0
172	0
173	0
174	0
175	0
176	0
177	0
178	0
179	0
180	0
181	0
182	0
183	0
184	0
185	0
186	0
187	0
188	0
189	0
190	0
191	0
192	0
193	0
194	0
195	0
196	0
197	0
198	0
199	1
200	1
201	0
202	2
203	0
204	0
205	0
206	1
207	0
208	0
209	2
210	0
211	0
212	1
213	0
214	1
215	0
216	0
217	0
218	0
219	0
220	0
221	1
222	0
223	0
224	0
225	0
226	1
227	1
228	0
229	0
230	2
231	1
232	0
233	1
234	1
235	1
236	0
237	2
238	0
239	0
240	0
241	2
242	0
243	0
244	0
245	0
246	0
247	1
248	0
249	0
250	0
251	0
252	0
253	0
254	0
255	0
256	0
257	0
258	0
259	0
260	1
261	1
262	0
263	0
264	1
265	1
266	0
267	0
268	0
269	0
270	0
271	0
272	0
273	0
274	0
275	1
276	0
277	0
278	0
279	1
280	0
281	2
282	0
283	0
284	1
285	0
286	0
287	0
288	0
289	0
290	1
291	0
292	0
293	0
294	0
295	1
296	1
297	0
298	1
299	0
300	0
301	0
302	0
303	0
304	1
305	0
306	1
307	2
308	1
309	1
310	0
311	0
312	1
313	3
314	1
315	1
316	0
317	1
318	0
319	0
320	1
321	1
322	0
323	1
324	1
325	1
326	1
327	0
328	0
329	1
330	0
331	0
332	0
333	1
334	2
335	1
336	0
337	0
338	0
339	0
340	0
341	3
342	2
343	0
344	0
345	1
346	0
347	0
348	0
349	1
350	0
351	1
352	0
353	0
354	0
355	0
356	1
357	0
358	0
359	0
360	0
361	0
362	1
363	1
364	0
365	0
366	1
367	3
368	1
369	0
370	1
371	2
372	0
373	0
374	1
375	0
376	1
377	0
378	2
379	0
380	0
381	2
382	0
383	0
384	0
385	0
386	2
387	2
388	0
389	0
390	0
391	0
392	1
393	1
394	1
395	0
396	0
397	0
398	1
399	0
400	0
401	1
402	0
403	0
404	2
405	0
406	0
407	0
408	0
409	0
410	1
411	0
412	0
413	1
414	0
415	0
416	0
417	0
418	0
419	0
420	1
421	0
422	1
423	1
424	0
425	3
426	0
427	1
428	1
429	0
430	1
431	1
432	0
433	0
434	0
435	0
436	0
437	0
438	0
439	0
440	1
441	0
442	0
443	0
444	0
445	0
446	0
447	1
448	0
449	0
450	1
451	0
452	0
453	1
454	1
455	0
456	0
457	0
458	0
459	1
460	1
461	1
462	2
463	0
464	1
465	0
466	2
467	1
468	1
469	0
470	2
471	1
472	0
473	0
474	0
475	0
476	1
477	1
478	1
479	2
480	0
481	0
482	2
483	0
484	0
485	0
486	1
487	0
488	0
489	1
490	0
491	1
492	0
493	0
494	0
495	0
496	1
497	0
498	2
499	2
500	0
501	1
502	0
503	1
504	1
505	0
506	0
507	0
508	0
509	3
510	0
511	0
512	1
513	0
514	0
515	0
516	0
517	0
518	0
519	0
520	1
521	1
522	0
523	0
524	1
525	1
526	0
527	0
528	1
529	0
530	0
531	0
532	0
533	0
534	1
535	0
536	1
537	0
538	0
539	0
540	0
541	1
542	0
543	0
544	0
545	0
546	1
547	0
548	0
549	0
550	0
551	1
552	1
553	0
554	3
555	2
556	1
557	1
558	1
559	0
560	1
561	1
562	1
563	1
564	1
565	0
566	0
567	1
568	0
569	1
570	0
571	0
572	0
573	0
574	1
575	0
576	0
577	0
578	0
579	0
580	0
581	1
582	2
583	1
584	1
585	0
586	0
587	3
588	1
589	2
590	2
591	0
592	0
593	0
594	1
595	0
596	2
597	0
598	0
599	1
600	0
601	1
602	0
603	2
604	0
605	0
606	0
607	0
608	0
609	1
610	1
611	0
612	2
613	2
614	0
615	0
616	0
617	0
618	1
619	1
620	0
621	0
622	1
623	0
624	0
625	0
626	0
627	0
628	0
629	1
630	1
631	1
632	1
633	0
634	0
635	1
636	0
637	1
638	1
639	0
640	1
641	2
642	1
643	1
644	0
645	0
646	0
647	1
648	1
649	0
650	0
651	0
652	1
653	0
654	0
655	0
656	0
657	0
658	0
659	0
660	0
661	0
662	0
663	0
664	1
665	0
666	1
667	0
668	1
669	0
670	1
671	0
672	1
673	0
674	0
675	0
676	1
677	1
678	0
679	1
680	0
681	0
682	1
683	0
684	0
685	4
686	2
687	1
688	0
689	0
690	0
691	0
692	2
693	0
694	1
695	1
696	0
697	1
698	1
699	0
700	0
701	0
702	0
703	0
704	1
705	0
706	1
707	1
708	1
709	0
710	1
711	1
712	0
713	1
714	1
715	1
716	1
717	0
718	0
719	0
720	1
721	0
722	0
723	0
724	0
725	0
726	0
727	1
728	0
729	1
730	2
731	0
732	0
733	1
734	0
735	1
736	1
737	0
738	0
739	1
740	0
741	1
742	0
743	0
744	1
745	1
746	1
747	0
748	0
749	0
750	1
751	0
752	1
753	0
754	0
755	1
756	0
757	0
758	3
759	0
760	0
761	0
762	0
763	1
764	1
765	0
766	1
767	1
768	0
769	1
770	1
771	0
772	0
773	0
774	1
775	0
776	1
777	1
778	0
779	0
780	0
781	2
782	0
783	0
784	0
785	3
786	0
787	0
788	0
789	1
790	1
791	0
792	2
793	1
794	1
795	1
796	0
797	1
798	1
799	1
800	3
801	2
802	0
803	0
804	0
805	0
806	0
807	1
808	0
809	0
810	0
811	1
812	0
813	0
814	0
815	1
816	0
817	1
818	1
819	0
820	0
821	0
822	1
823	1
824	0
825	0
826	1
827	2
828	0
829	0
830	1
831	1
832	1
833	1
834	1
835	2
836	0
837	0
838	1
839	1
840	0
841	3
842	0
843	1
844	1
845	0
846	0
847	0
848	0
849	1
850	1
851	1
852	0
853	0
854	0
855	0
856	0
857	0
858	0
859	0
860	0
861	0
862	1
863	1
864	2
865	0
866	1
867	1
868	1
869	1
870	0
871	0
872	1
873	1
874	0
875	0
876	0
877	1
878	3
879	0
880	2
881	1
882	0
883	0
884	0
885	0
886	1
887	0
888	1
889	1
890	0
891	1
892	0
893	3
894	1
895	0
896	1
897	2
898	1
899	0
900	1
901	0
902	0
903	1
904	1
905	0
906	0
907	0
908	0
909	1
910	0
911	0
912	0
913	0
914	2
915	2
916	0
917	2
918	1
919	0
920	0
921	1
922	2
923	1
924	2
925	0
926	1
927	0
928	2
929	1
930	0
931	0
932	0
933	0
934	0
935	1
936	0
937	1
938	1
939	1
940	0
941	0
942	0
943	1
944	0
945	1
946	0
947	1
948	1
949	0
950	0
951	1
952	0
953	1
954	1
955	0
956	0
957	1
958	0
959	0
960	0
961	0
962	0
963	2
964	1
965	1
966	1
967	0
968	0
969	0
970	0
971	0
972	0
973	1
974	1
975	0
976	0
977	3
978	0
979	1
980	0
981	0
982	1
983	1
984	1
985	1
986	0
987	0
988	0
989	1
990	1
991	1
992	2
993	0
994	1
995	0
996	2
997	2
998	1
999	0
1000	0
1001	1
1002	0
1003	0
1004	0
1005	0
1006	1
1007	2
1008	0
1009	1
1010	0
1011	1
1012	0
1013	0
1014	1
1015	0
1016	0
1017	0
1018	0
1019	1
1020	0
1021	0
1022	0
1023	1
1024	1
1025	0
1026	0
1027	2
1028	0
1029	0
1030	0
1031	2
1032	0
1033	1
1034	0
1035	1
1036	1
1037	0
1038	1
1039	0
1040	2
1041	0
1042	0
1043	2
1044	0
1045	0
1046	0
1047	1
1048	1
1049	0
1050	1
1051	1
1052	1
1053	0
1054	0
1055	0
1056	1
1057	0
1058	3
1059	0
1060	1
1061	0
1062	0
1063	1
1064	2
1065	0
1066	0
1067	1
1068	1
1069	0
1070	1
1071	0
1072	0
1073	1
1074	2
1075	1
1076	1
1077	0
1078	0
1079	0
1080	0
1081	0
1082	1
1083	0
1084	3
1085	1
1086	2
1087	1
1088	0
1089	1
1090	1
1091	0
1092	0
1093	1
1094	0
1095	2
1096	0
1097	1
1098	0
1099	0
1100	0
1101	1
1102	1
1103	1
1104	1
1105	0
1106	0
1107	1
1108	0
1109	4
1110	0
1111	0
1112	0
1113	0
1114	1
1115	0
1116	1
1117	0
1118	0
1119	1
1120	0
1121	0
1122	0
1123	1
1124	1
1125	3
1126	1
1127	1
1128	0
1129	1
1130	0
1131	1
1132	0
1133	1
1134	0
1135	2
1136	0
1137	0
1138	1
1139	0
1140	1
1141	0
1142	0
1143	0
1144	0
1145	1
1146	0
1147	0
1148	1
1149	0
1150	0
1151	1
1152	0
1153	1
1154	1
1155	0
1156	1
1157	0
1158	1
1159	1
1160	1
1161	0
1162	0
1163	0
1164	0
1165	1
1166	0
1167	0
1168	0
1169	1
1170	0
1171	0
1172	0
1173	1
1174	0
1175	1
1176	0
1177	0
1178	0
1179	0
1180	1
1181	0
1182	0
1183	0
1184	1
1185	0
1186	1
1187	2
1188	0
1189	1
1190	1
1191	0
1192	0
1193	0
1194	0
1195	1
1196	1
1197	1
1198	1
1199	4
1200	2
1201	1
1202	1
1203	2
1204	3
1205	2
1206	0
1207	0
1208	1
1209	3
1210	1
1211	1
1212	0
1213	1
1214	1
1215	0
1216	0
1217	1
1218	1
1219	0
1220	2
1221	0
1222	1
1223	0
1224	2
1225	1
1226	0
1227	0
1228	1
1229	1
1230	0
1231	1
1232	1
1233	0
1234	1
1235	2
1236	0
1237	0
1238	0
1239	2
1240	0
1241	1
1242	1
1243	1
1244	2
1245	1
1246	0
1247	0
1248	2
1249	1
1250	1
1251	0
1252	3
1253	0
1254	1
1255	0
1256	0
1257	5
1258	1
1259	0
1260	1
1261	1
1262	0
1263	1
1264	1
1265	0
1266	2
1267	1
1268	1
1269	1
1270	1
1271	1
1272	1
1273	2
1274	0
1275	1
1276	1
1277	0
1278	0
1279	3
1280	0
1281	1
1282	1
1283	0
1284	1
1285	0
1286	3
1287	1
1288	2
1289	1
1290	0
1291	1
1292	1
1293	1
1294	2
1295	2
1296	0
1297	2
1298	1
1299	2
1300	1
1301	1
1302	2
1303	1
1304	2
1305	0
1306	3
1307	1
1308	2
1309	3
1310	2
1311	1
1312	1
1313	4
1314	2
1315	2
1316	1
1317	1
1318	2
1319	2
1320	2
1321	1
1322	1
1323	1
1324	0
1325	2
1326	4
1327	0
1328	3
1329	0
1330	1
1331	1
1332	1
1333	2
1334	1
1335	2
1336	1
1337	0
1338	1
1339	1
1340	4
1341	1
1342	4
1343	1
1344	2
1345	0
1346	2
1347	0
1348	1
1349	1
1350	2
1351	1
1352	3
1353	2
1354	1
1355	2
1356	3
1357	2
1358	0
1359	1
1360	2
1361	1
1362	2
1363	1
1364	2
1365	2
1366	1
1367	0
1368	0
1369	4
1370	0
1371	1
1372	0
1373	3
1374	2
1375	1
1376	0
1377	2
1378	4
1379	1
1380	1
1381	0
1382	4
1383	2
1384	0
1385	0
1386	0
1387	2
1388	1
1389	0
1390	0
1391	1
1392	2
1393	1
1394	1
1395	2
1396	2
1397	1
1398	3
1399	1
1400	2
1401	0
1402	0
1403	4
1404	0
1405	7
1406	1
1407	4
1408	1
1409	3
1410	2
1411	2
1412	2
1413	1
1414	1
1415	1
1416	3
1417	2
1418	2
1419	4
1420	3
1421	1
1422	2
1423	1
1424	3
1425	0
1426	4
1427	0
1428	1
1429	2
1430	4
1431	1
1432	2
1433	5
1434	1
1435	4
1436	5
1437	6
1438	6
1439	6
1440	2
1441	3
1442	5
1443	4
1444	7
1445	4
1446	7
1447	4
1448	5
1449	9
1450	3
1451	8
1452	7
1453	7
1454	5
1455	8
1456	7
1457	7
1458	3
1459	3
1460	5
1461	9
1462	6
1463	10
1464	14
1465	11
1466	5
1467	11
1468	12
1469	10
1470	7
1471	13
1472	12
1473	10
1474	8
1475	14
1476	11
1477	10
1478	13
1479	21
1480	9
1481	19
1482	15
1483	17
1484	14
1485	26
1486	30
1487	22
1488	14
1489	30
1490	26
1491	25
1492	19
1493	23
1494	26
1495	33
1496	22
1497	22
1498	24
1499	26
1500	33
1501	35
1502	26
1503	27
1504	42
1505	43
1506	40
1507	47
1508	47
1509	48
1510	33
1511	47
1512	48
1513	43
1514	57
1515	46
1516	53
1517	54
1518	55
1519	65
1520	52
1521	52
1522	68
1523	54
1524	70
1525	69
1526	73
1527	66
1528	76
1529	64
1530	73
1531	69
1532	71
1533	78
1534	87
1535	84
1536	83
1537	90
1538	92
1539	78
1540	83
1541	102
1542	90
1543	97
1544	89
1545	70
1546	86
1547	103
1548	76
1549	91
1550	81
1551	89
1552	89
1553	96
1554	97
1555	105
1556	106
1557	91
1558	89
1559	100
1560	83
1561	77
1562	96
1563	87
1564	94
1565	104
1566	117
1567	108
1568	94
1569	104
1570	102
1571	112
1572	77
1573	106
1574	89
1575	82
1576	91
1577	85
1578	72
1579	90
1580	78
1581	78
1582	112
1583	81
1584	80
1585	78
1586	70
1587	63
1588	76
1589	72
1590	78
1591	60
1592	68
1593	50
1594	81
1595	67
1596	65
1597	63
1598	52
1599	74
1600	55
1601	51
1602	60
1603	59
1604	46
1605	52
1606	58
1607	45
1608	51
1609	59
1610	36
1611	40
1612	41
1613	29
1614	42
1615	42
1616	50
1617	36
1618	27
1619	33
1620	26
1621	42
1622	26
1623	33
1624	19
1625	37
1626	24
1627	28
1628	16
1629	20
1630	29
1631	22
1632	13
1633	30
1634	19
1635	13
1636	20
1637	19
1638	17
1639	18
1640	15
1641	15
1642	22
1643	13
1644	16
1645	21
1646	18
1647	10
1648	13
1649	8
1650	10
1651	5
1652	10
1653	9
1654	10
1655	4
1656	8
1657	5
1658	1
1659	11
1660	5
1661	10
1662	7
1663	3
1664	4
1665	7
1666	3
1667	3
1668	4
1669	3
1670	4
1671	2
1672	7
1673	3
1674	3
1675	6
1676	2
1677	3
1678	1
1679	4
1680	3
1681	1
1682	0
1683	0
1684	3
1685	0
1686	1
1687	0
1688	1
1689	0
1690	0
1691	0
1692	1
1693	2
1694	0
1695	1
1696	0
1697	1
1698	2
1699	0
1700	0
1701	0
1702	0
1703	1
1704	0
1705	0
1706	0
1707	0
1708	0
1709	0
1710	0
1711	1
1712	0
1713	1
1714	0
1715	0
1716	0
1717	0
1718	0
1719	0
1720	0
1721	0
1722	0
1723	0
1724	0
1725	0
1726	0
1727	0
1728	0
1729	0
1730	0
1731	0
1732	0
1733	0
1734	0
1735	0
1736	0
1737	0
1738	0
1739	0
1740	0
1741	0
1742	0
1743	0
1744	0
1745	0
1746	0
1747	0
1748	0
1749	0
1750	0
1751	0
1752	0
1753	0
1754	0
1755	0
1756	0
1757	0
1758	0
1759	0
1760	0
1761	0
1762	0
1763	0
1764	0
1765	0
1766	0
1767	0
1768	0
1769	0
1770	0
1771	0
1772	0
1773	0
1774	0
1775	0
1776	0
1777	0
1778	0
1779	0
1780	0
1781	0
1782	0
1783	0
1784	0
1785	0
1786	0
1787	0
1788	0
1789	0
1790	0
1791	0
1792	0
1793	0
1794	0
1795	0
1796	0
1797	0
1798	0
1799	0
1800	0
1801	0
1802	0
1803	0
1804	0
1805	0
1806	0
1807	0
1808	0
1809	0
1810	0
1811	0
1812	0
1813	0
1814	0
1815	0
1816	0
1817	0
1818	0
1819	0
1820	0
1821	0
1822	0
1823	0
1824	0
1825	0
1826	0
1827	0
1828	0
1829	0
1830	0
1831	0
1832	0
1833	0
1834	0
1835	0
1836	0
1837	0
1838	0
1839	0
1840	0
1841	0
1842	0
1843	0
1844	0
1845	0
1846	0
1847	0
1848	0
1849	0
1850	0
1851	0
1852	0
1853	0
1854	0
1855	0
1856	0
1857	0
1858	0
1859	0
1860	0
1861	0
1862	0
1863	0
1864	0
1865	0
1866	0
1867	0
1868	0
1869	0
1870	0
1871	0
1872	0
1873	0
1874	0
1875	0
1876	0
1877	0
1878	0
1879	0
1880	0
1881	0
1882	0
1883	0
1884	0
1885	0
1886	0
1887	0
1888	0
1889	0
1890	0
1891	0
1892	0
1893	0
1894	0
1895	0
1896	0
1897	0
1898	1
1899	0
1900	0
1901	0
1902	0
1903	0
1904	0
1905	0
1906	0
1907	0
1908	0
1909	0
1910	0
1911	0
1912	0
1913	0
1914	0
1915	0
1916	0
1917	0
1918	0
1919	0
1920	0
1921	0
1922	0
1923	0
1924	0
1925	0
1926	0
1927	0
1928	0
1929	0
1930	0
1931	0
1932	0
1933	0
1934	0
1935	0
1936	0
1937	0
1938	0
1939	0
1940	0
1941	0
1942	0
1943	0
1944	0
1945	0
1946	0
1947	0
1948	0
1949	0
1950	0
1951	0
1952	0
1953	0
1954	0
1955	0
1956	0
1957	0
1958	0
1959	0
1960	0
1961	0
1962	0
1963	0
1964	0
1965	0
1966	0
1967	0
1968	0
1969	0
1970	0
1971	0
1972	0
1973	0
1974	0
1975	0
1976	0
1977	0
1978	0
1979	0
1980	0
1981	0
1982	0
1983	0
1984	0
1985	0
1986	0
1987	0
1988	0
1989	0
1990	0
1991	0
1992	0
1993	0
1994	0
1995	0
1996	0
1997	0
1998	0
1999	0
2000	0
2001	0
2002	0
2003	0
2004	0
2005	0
2006	0
2007	0
2008	0
2009	0
2010	0
2011	0
2012	0
2013	0
2014	0
2015	0
2016	0
2017	0
2018	0
2019	0
2020	0
2021	0
2022	0
2023	0
2024	0
2025	0
2026	0
2027	0
2028	0
2029	0
2030	0
2031	0
2032	0
2033	0
2034	0
2035	0
2036	0
2037	0
2038	0
2039	0
2040	0
2041	0
2042	0
2043	0
2044	0
2045	0
2046	0
2047	0
