$SPEC_ID:
No sample description was entered.
$SPEC_REM:
DET# 1
DETDESC# 
AP# Maestro Version 6.08
$DATE_MEA:
09/14/2017 10:01:18
$MEAS_TIM:
23 23
$DATA:
0 2047
       0
       0
       0
       0
       0
       0
       0
       0
       0
       0
       0
       0
       0
       0
       0
       0
       0
       0
       0
       0
       0
       0
       0
       0
       0
       0
       0
       0
       0
       0
       0
       0
       0
       0
       0
       0
       0
       0
       0
       0
       0
       0
       0
       0
       0
       0
       0
       0
       0
       0
       0
       0
       0
       0
       0
       0
       0
       0
       0
       0
       0
       0
       0
       0
       0
       0
       0
       0
       0
       0
       0
       0
       0
       0
       0
       0
       0
       0
       0
       0
       0
       0
       0
       0
       0
       0
       0
       0
       0
       0
       0
       0
       0
       0
       0
       0
       0
       0
       0
       0
       0
       0
       0
       0
       0
       0
       0
       0
       0
       0
       0
       0
       0
       0
       0
       0
       0
       0
       0
       0
       0
       0
       0
       0
       0
       0
       0
       0
       0
       0
       0
       0
       0
       0
       0
       0
       0
       0
       0
       0
       0
       0
       0
       0
       0
       0
       0
       0
       0
       0
       0
       0
       0
       0
       0
       0
       0
       0
       0
       0
       0
       0
       0
       0
       0
       0
       0
       0
       0
       0
       0
       0
       0
       0
       0
       0
       0
       0
       0
       0
       0
       0
       0
       0
       0
       0
       0
       0
       0
       0
       0
       0
       0
       0
       0
       0
       0
       0
       0
       0
       0
       0
       0
       0
       1
       0
       0
       0
       0
       0
       1
       0
       0
       0
       1
       0
       0
       0
       1
       0
       1
       0
       0
       0
       0
       0
       0
       0
       0
       0
       1
       0
       0
       0
       0
       0
       0
       0
       0
       0
       0
       0
       2
       0
       0
       0
       0
       0
       1
       0
       0
       0
       0
       0
       0
       0
       0
       0
       0
       0
       0
       0
       0
       0
       1
       0
       0
       0
       0
       0
       0
       1
       0
       0
       0
       0
       0
       1
       0
       0
       0
       0
       0
       0
       0
       0
       0
       0
       0
       0
       0
       0
       1
       1
       1
       1
       0
       2
       0
       0
       0
       0
       0
       1
       0
       0
       0
       1
       1
       0
       1
       1
       0
       0
       1
       0
       1
       0
       0
       1
       1
       0
       0
       1
       1
       0
       1
       0
       3
       0
       1
       0
       0
       1
       0
       0
       1
       1
       1
       0
       0
       0
       0
       0
       0
       0
       0
       0
       0
       1
       0
       0
       2
       1
       0
       1
       0
       1
       0
       0
       0
       0
       0
       0
       1
       0
       0
       1
       1
       1
       0
       0
       0
       0
       2
       0
       1
       0
       0
       0
       0
       0
       0
       0
       1
       1
       0
       0
       1
       3
       0
       0
       1
       1
       1
       1
       0
       0
       0
       0
       0
       0
       0
       1
       0
       1
       0
       0
       0
       2
       2
       0
       0
       0
       0
       0
       1
       0
       0
       1
       1
       0
       0
       0
       1
       1
       0
       0
       0
       0
       0
       0
       0
       0
       0
       0
       0
       0
       0
       0
       0
       0
       0
       0
       0
       0
       0
       0
       0
       0
       1
       1
       2
       0
       0
       0
       0
       0
       1
       0
       0
       1
       0
       0
       0
       0
       1
       0
       1
       0
       0
       0
       0
       1
       0
       0
       0
       1
       0
       0
       0
       1
       0
       1
       0
       1
       1
       0
       1
       0
       0
       0
       0
       0
       0
       1
       1
       0
       0
       2
       2
       0
       0
       0
       0
       1
       1
       0
       0
       1
       0
       0
       0
       1
       0
       0
       0
       0
       1
       0
       0
       0
       0
       0
       0
       0
       0
       2
       0
       0
       0
       0
       0
       1
       0
       0
       0
       1
       1
       1
       0
       2
       0
       2
       1
       0
       0
       1
       0
       0
       1
       0
       1
       0
       0
       1
       1
       0
       1
       0
       1
       1
       1
       1
       0
       0
       0
       1
       0
       0
       0
       0
       0
       0
       2
       0
       1
       0
       0
       1
       1
       1
       1
       0
       0
       0
       0
       1
       0
       0
       0
       1
       1
       0
       0
       0
       0
       2
       1
       0
       0
       0
       0
       1
       2
       0
       0
       0
       0
       1
       0
       0
       0
       3
       0
       0
       0
       0
       0
       0
       0
       2
       1
       0
       0
       3
       1
       2
       0
       0
       1
       1
       0
       1
       0
       2
       2
       1
       0
       1
       0
       0
       1
       1
       0
       1
       0
       1
       0
       1
       0
       0
       2
       2
       0
       0
       0
       0
       0
       0
       0
       1
       1
       0
       1
       0
       0
       0
       1
       0
       0
       1
       2
       0
       1
       1
       1
       1
       0
       1
       2
       0
       0
       0
       1
       0
       0
       0
       0
       1
       0
       1
       0
       1
       0
       1
       0
       1
       1
       0
       1
       1
       0
       0
       0
       0
       1
       0
       1
       1
       0
       1
       1
       1
       1
       0
       2
       0
       0
       0
       1
       0
       1
       3
       1
       1
       0
       1
       0
       0
       2
       4
       1
       2
       0
       0
       0
       3
       3
       1
       1
       0
       0
       0
       0
       1
       0
       1
       1
       1
       0
       0
       0
       1
       0
       0
       0
       1
       1
       0
       1
       1
       0
       0
       1
       1
       0
       0
       0
       0
       1
       0
       0
       1
       1
       2
       0
       1
       0
       2
       0
       0
       1
       0
       1
       1
       2
       1
       2
       0
       0
       0
       1
       0
       0
       0
       0
       2
       0
       0
       0
       0
       0
       0
       0
       2
       2
       0
       0
       1
       0
       0
       0
       0
       0
       2
       0
       2
       1
       1
       0
       2
       2
       0
       0
       0
       0
       1
       0
       0
       0
       0
       2
       0
       2
       0
       0
       0
       2
       1
       0
       0
       0
       0
       1
       0
       0
       2
       4
       0
       1
       0
       0
       1
       0
       2
       1
       2
       0
       1
       0
       0
       1
       0
       2
       1
       0
       1
       4
       1
       0
       0
       1
       2
       0
       1
       0
       1
       1
       1
       0
       0
       1
       0
       0
       0
       2
       0
       0
       0
       1
       0
       2
       0
       1
       1
       0
       0
       0
       0
       1
       0
       1
       0
       0
       0
       1
       0
       1
       1
       0
       2
       2
       0
       0
       3
       0
       0
       0
       1
       1
       1
       0
       1
       0
       1
       1
       0
       1
       2
       0
       0
       1
       1
       0
       1
       2
       0
       0
       0
       3
       1
       0
       0
       1
       1
       0
       0
       0
       2
       0
       2
       1
       0
       0
       0
       0
       0
       0
       1
       0
       0
       1
       0
       0
       0
       0
       0
       1
       0
       1
       2
       0
       1
       1
       1
       1
       1
       2
       1
       0
       1
       1
       1
       0
       0
       0
       1
       1
       0
       0
       1
       0
       0
       0
       0
       2
       0
       0
       2
       1
       1
       1
       1
       1
       0
       0
       1
       1
       0
       1
       1
       0
       1
       1
       1
       1
       0
       1
       1
       0
       1
       0
       1
       0
       1
       0
       1
       0
       1
       0
       2
       0
       1
       1
       1
       0
       0
       1
       0
       0
       0
       1
       0
       0
       1
       1
       0
       1
       0
       1
       0
       0
       1
       1
       0
       2
       0
       2
       0
       0
       0
       0
       2
       1
       0
       0
       1
       0
       0
       1
       1
       0
       1
       1
       0
       0
       2
       0
       0
       0
       2
       2
       1
       0
       0
       1
       0
       0
       0
       1
       1
       1
       1
       0
       0
       0
       0
       1
       0
       0
       0
       0
       0
       0
       0
       0
       0
       1
       1
       0
       0
       1
       1
       1
       1
       2
       1
       1
       0
       1
       0
       0
       0
       1
       1
       2
       1
       1
       0
       0
       0
       0
       0
       1
       0
       2
       0
       1
       0
       0
       0
       2
       0
       0
       0
       0
       0
       1
       1
       0
       0
       0
       1
       0
       1
       0
       1
       0
       0
       0
       0
       0
       1
       1
       0
       2
       1
       0
       1
       0
       1
       0
       1
       0
       0
       0
       0
       0
       1
       0
       0
       0
       1
       1
       0
       0
       0
       0
       0
       0
       1
       0
       0
       2
       1
       1
       0
       2
       1
       2
       0
       1
       0
       0
       0
       1
       2
       0
       0
       0
       1
       0
       0
       1
       2
       0
       2
       0
       1
       1
       1
       0
       0
       1
       0
       0
       0
       1
       0
       3
       0
       0
       2
       1
       0
       0
       0
       0
       1
       3
       0
       0
       1
       0
       0
       1
       2
       1
       3
       0
       1
       1
       1
       0
       1
       0
       0
       1
       1
       1
       0
       0
       1
       3
       1
       2
       2
       1
       1
       2
       3
       1
       0
       0
       2
       4
       1
       1
       0
       2
       1
       2
       0
       1
       1
       1
       0
       1
       1
       0
       2
       0
       1
       2
       0
       1
       4
       1
       2
       3
       2
       3
       3
       1
       2
       0
       0
       0
       1
       1
       0
       0
       1
       3
       3
       0
       2
       3
       2
       0
       2
       0
       1
       0
       3
       0
       0
       1
       2
       4
       1
       2
       1
       0
       0
       2
       0
       1
       2
       0
       4
       0
       0
       0
       0
       4
       2
       0
       2
       0
       1
       2
       0
       2
       0
       0
       3
       1
       1
       0
       0
       0
       1
       0
       2
       0
       2
       1
       0
       0
       2
       0
       3
       0
       2
       2
       1
       1
       0
       0
       0
       2
       3
       1
       1
       3
       0
       0
       0
       0
       0
       1
       0
       1
       2
       2
       2
       3
       3
       1
       1
       2
       2
       3
       0
       4
       4
       0
       0
       3
       0
       1
       3
       0
       3
       1
       2
       1
       5
       0
       3
       3
       2
       2
       3
       2
       1
       4
       2
       5
       1
       3
       2
       4
       1
       5
       2
       1
       4
       5
       4
       2
       4
       2
       3
       4
       6
       5
       4
       1
       6
       0
       9
       5
       7
       6
       2
       5
      10
      10
       5
       9
       6
      11
      14
      10
      10
       8
       9
       9
      11
      12
       7
      11
       9
      10
      10
       7
      22
      10
      19
      16
      18
      22
      25
      12
      21
      22
      10
      28
      18
      22
      28
      34
      24
      19
      28
      28
      21
      37
      27
      41
      38
      42
      30
      26
      37
      28
      44
      34
      43
      43
      59
      41
      57
      48
      46
      37
      69
      49
      50
      48
      52
      50
      62
      60
      67
      60
      66
      68
      76
      56
      82
      93
      70
      70
      81
      73
      98
      96
      83
      80
      84
      79
      63
      83
      90
      81
      99
      82
      98
      90
     108
      96
      95
      97
     101
     103
      96
      74
     111
      84
     116
     105
      98
      76
     100
      88
     102
      93
     102
      92
      95
      93
      98
      98
     103
     108
      93
      92
      77
      87
      79
      86
      76
      73
      76
      68
      81
      79
      81
      78
      67
      83
      60
      75
      70
      53
      59
      62
      58
      55
      60
      58
      64
      68
      47
      36
      40
      52
      58
      55
      48
      53
      39
      43
      39
      40
      32
      40
      37
      42
      32
      34
      26
      31
      28
      24
      26
      24
      26
      20
      25
      27
      16
      17
      14
      16
      14
      28
      22
      17
      10
      18
       7
      15
      13
       9
       9
       8
      11
       9
       6
      12
       9
       6
       9
       4
       9
       7
       6
       9
       7
       5
       6
       3
       4
       1
       6
       4
       3
       0
       1
       3
       5
       2
       2
       3
       1
       2
       3
       2
       0
       2
       0
       0
       1
       2
       1
       0
       1
       1
       1
       0
       2
       0
       0
       0
       1
       0
       1
       0
       1
       0
       0
       0
       0
       0
       0
       0
       0
       0
       0
       0
       0
       0
       1
       0
       0
       0
       0
       1
       0
       0
       0
       1
       0
       0
       0
       0
       0
       0
       0
       0
       0
       0
       0
       0
       0
       0
       0
       0
       0
       0
       0
       0
       0
       0
       0
       0
       0
       0
       0
       0
       0
       0
       0
       0
       0
       0
       0
       0
       0
       0
       0
       0
       0
       0
       0
       0
       0
       0
       0
       0
       0
       0
       0
       0
       0
       0
       0
       0
       0
       0
       0
       0
       0
       0
       0
       0
       0
       0
       0
       0
       0
       0
       0
       0
       0
       0
       0
       0
       0
       0
       0
       0
       0
       0
       0
       0
       0
       0
       0
       0
       0
       0
       0
       0
       0
       0
       0
       0
       0
       0
       0
       0
       0
       0
       0
       0
       0
       0
       0
       0
       0
       0
       0
       0
       0
       0
       0
       0
       0
       0
       0
       0
       0
       0
       0
       0
       0
       0
       0
       0
       0
       0
       0
       0
       0
       0
       0
       0
       0
       0
       0
       0
       0
       0
       0
       0
       0
       0
       0
       0
       0
       0
       0
       1
       0
       0
       0
       0
       0
       0
       0
       0
       0
       0
       0
       0
       0
       0
       0
       0
       0
       0
       0
       0
       0
       0
       0
       0
       0
       0
       0
       0
       0
       0
       0
       1
       0
       0
       0
       0
       0
       0
       0
       0
       0
       0
       0
       0
       0
       0
       0
       0
       0
       0
       0
       0
       0
       0
       0
       0
       0
       0
       0
       0
       0
       0
       0
       0
       0
       0
       0
       0
       0
       0
       0
       0
       0
       0
       0
       0
       0
       0
       0
       0
       0
       0
       1
       0
       0
       0
       0
       0
       0
       0
       0
       0
       0
       0
       0
       0
       0
       0
       0
       0
       0
       0
       0
       0
       0
       0
       0
       0
       0
       0
       0
       0
       0
       0
       0
       0
       0
       0
       0
       0
       0
       0
       0
       0
       0
       0
       0
       0
       0
       0
       0
       0
       0
       0
       0
       0
       0
       0
       0
       0
       0
       0
       0
       0
       0
       0
       0
       0
       0
       0
       0
       0
       0
       0
       0
       0
       0
       0
       0
       0
       0
       0
       0
       0
       0
       0
       0
       0
       0
$ROI:
1
1425 1700
$PRESETS:
Live Time
1000000
0
$ENER_FIT:
0.000000 0.002526
$MCA_CAL:
3
0.000000E+000 2.525835E-003 0.000000E+000 keV
$SHAPE_CAL:
3
0.000000E+000 0.000000E+000 0.000000E+000
