SPEC_ID:	'No sample description was entered.'
SPEC_REM:	'DET# 1'
DATE_MEA:	'09/21/2017 09:44:12'
MEAS_TIM:	'120 120'
DATA:	'0 2047'
ROI:	'0'
PRESETS:	'Live Time'
ENER_FIT:	'0.000000 0.002526'
MCA_CAL:	'3'
SHAPE_CAL:	'3'

Channel	Counts
0	0
1	0
2	0
3	0
4	0
5	0
6	0
7	0
8	0
9	0
10	0
11	0
12	0
13	0
14	0
15	0
16	0
17	0
18	0
19	0
20	0
21	0
22	0
23	0
24	0
25	0
26	0
27	0
28	0
29	0
30	0
31	0
32	0
33	0
34	0
35	0
36	0
37	0
38	0
39	0
40	0
41	0
42	0
43	0
44	0
45	0
46	0
47	0
48	0
49	0
50	0
51	0
52	0
53	0
54	0
55	0
56	0
57	0
58	0
59	0
60	0
61	0
62	0
63	0
64	0
65	0
66	0
67	0
68	0
69	0
70	0
71	0
72	0
73	0
74	0
75	0
76	0
77	0
78	0
79	0
80	0
81	0
82	0
83	0
84	0
85	0
86	0
87	0
88	0
89	0
90	0
91	0
92	0
93	0
94	0
95	0
96	0
97	0
98	0
99	0
100	0
101	0
102	0
103	0
104	0
105	0
106	0
107	0
108	0
109	0
110	0
111	0
112	0
113	0
114	0
115	0
116	0
117	0
118	0
119	0
120	0
121	0
122	0
123	0
124	0
125	0
126	0
127	0
128	0
129	0
130	0
131	0
132	0
133	0
134	0
135	0
136	0
137	0
138	0
139	0
140	0
141	0
142	0
143	0
144	0
145	0
146	0
147	0
148	0
149	0
150	0
151	0
152	0
153	0
154	0
155	0
156	0
157	0
158	0
159	0
160	0
161	0
162	0
163	0
164	0
165	0
166	0
167	0
168	0
169	0
170	0
171	0
172	0
173	0
174	0
175	0
176	0
177	0
178	0
179	0
180	0
181	0
182	0
183	0
184	0
185	0
186	0
187	0
188	0
189	0
190	0
191	0
192	0
193	0
194	0
195	0
196	0
197	0
198	0
199	1
200	3
201	1
202	2
203	1
204	2
205	3
206	0
207	2
208	3
209	1
210	3
211	4
212	2
213	1
214	2
215	1
216	2
217	2
218	1
219	2
220	2
221	2
222	1
223	1
224	6
225	1
226	1
227	2
228	2
229	1
230	2
231	1
232	2
233	1
234	1
235	1
236	1
237	2
238	4
239	1
240	2
241	2
242	4
243	0
244	0
245	0
246	3
247	2
248	1
249	1
250	4
251	1
252	4
253	3
254	1
255	1
256	1
257	1
258	1
259	1
260	2
261	2
262	3
263	1
264	1
265	0
266	2
267	5
268	3
269	2
270	1
271	0
272	2
273	2
274	1
275	5
276	3
277	1
278	1
279	2
280	1
281	4
282	2
283	2
284	3
285	0
286	0
287	2
288	0
289	5
290	1
291	4
292	2
293	2
294	3
295	1
296	3
297	2
298	0
299	3
300	1
301	1
302	1
303	1
304	3
305	3
306	1
307	3
308	1
309	1
310	0
311	2
312	2
313	1
314	2
315	0
316	1
317	1
318	3
319	1
320	1
321	3
322	1
323	1
324	2
325	1
326	2
327	6
328	3
329	1
330	0
331	1
332	2
333	3
334	2
335	0
336	6
337	1
338	2
339	1
340	1
341	0
342	3
343	0
344	3
345	2
346	2
347	2
348	1
349	4
350	5
351	4
352	4
353	0
354	1
355	3
356	0
357	2
358	2
359	2
360	1
361	0
362	1
363	2
364	2
365	1
366	1
367	1
368	4
369	4
370	2
371	2
372	0
373	1
374	3
375	1
376	1
377	1
378	2
379	0
380	2
381	3
382	2
383	2
384	2
385	0
386	0
387	0
388	2
389	2
390	0
391	0
392	0
393	3
394	1
395	2
396	1
397	0
398	0
399	0
400	4
401	3
402	0
403	2
404	0
405	3
406	1
407	1
408	1
409	3
410	0
411	2
412	1
413	2
414	2
415	1
416	2
417	2
418	2
419	2
420	0
421	1
422	1
423	2
424	3
425	1
426	1
427	2
428	3
429	3
430	2
431	1
432	0
433	1
434	1
435	0
436	4
437	0
438	2
439	3
440	3
441	1
442	0
443	1
444	1
445	2
446	1
447	3
448	0
449	1
450	2
451	0
452	2
453	2
454	3
455	2
456	5
457	3
458	0
459	4
460	2
461	1
462	2
463	4
464	2
465	2
466	1
467	2
468	3
469	4
470	7
471	2
472	2
473	1
474	1
475	2
476	1
477	2
478	2
479	4
480	0
481	0
482	1
483	2
484	2
485	1
486	2
487	1
488	1
489	1
490	1
491	2
492	3
493	2
494	1
495	4
496	0
497	0
498	0
499	0
500	1
501	2
502	2
503	0
504	2
505	2
506	2
507	2
508	3
509	1
510	0
511	5
512	2
513	3
514	2
515	4
516	2
517	4
518	0
519	1
520	3
521	0
522	0
523	4
524	0
525	2
526	5
527	0
528	4
529	1
530	3
531	1
532	1
533	1
534	2
535	3
536	4
537	0
538	2
539	2
540	1
541	3
542	5
543	2
544	1
545	3
546	1
547	2
548	0
549	1
550	2
551	1
552	3
553	2
554	2
555	2
556	2
557	1
558	2
559	1
560	2
561	2
562	1
563	5
564	4
565	3
566	0
567	1
568	0
569	4
570	2
571	0
572	1
573	0
574	2
575	2
576	1
577	4
578	0
579	0
580	2
581	1
582	5
583	1
584	3
585	1
586	3
587	4
588	1
589	1
590	1
591	3
592	1
593	1
594	1
595	5
596	3
597	1
598	0
599	1
600	1
601	1
602	0
603	3
604	0
605	4
606	1
607	1
608	2
609	2
610	1
611	3
612	5
613	3
614	3
615	4
616	3
617	5
618	1
619	1
620	3
621	1
622	1
623	2
624	0
625	2
626	1
627	2
628	2
629	0
630	2
631	3
632	1
633	2
634	4
635	4
636	0
637	1
638	3
639	6
640	2
641	3
642	0
643	4
644	3
645	2
646	4
647	3
648	3
649	4
650	3
651	2
652	3
653	3
654	5
655	4
656	1
657	3
658	2
659	3
660	2
661	1
662	1
663	3
664	1
665	0
666	3
667	7
668	2
669	4
670	2
671	1
672	3
673	1
674	2
675	3
676	1
677	0
678	1
679	3
680	1
681	0
682	0
683	5
684	1
685	1
686	5
687	2
688	1
689	3
690	0
691	4
692	2
693	0
694	6
695	2
696	0
697	0
698	3
699	2
700	2
701	2
702	0
703	3
704	5
705	2
706	3
707	3
708	3
709	0
710	1
711	3
712	1
713	2
714	6
715	2
716	1
717	1
718	1
719	1
720	1
721	1
722	0
723	2
724	1
725	1
726	2
727	0
728	7
729	3
730	3
731	3
732	2
733	1
734	1
735	2
736	3
737	2
738	3
739	2
740	2
741	3
742	3
743	2
744	3
745	3
746	1
747	3
748	5
749	1
750	0
751	1
752	4
753	6
754	1
755	1
756	0
757	5
758	1
759	1
760	4
761	2
762	3
763	1
764	0
765	1
766	7
767	6
768	2
769	0
770	3
771	2
772	0
773	0
774	3
775	2
776	2
777	2
778	1
779	5
780	2
781	1
782	3
783	6
784	1
785	4
786	3
787	1
788	4
789	3
790	2
791	1
792	0
793	2
794	2
795	2
796	3
797	3
798	1
799	1
800	2
801	2
802	6
803	2
804	0
805	4
806	3
807	3
808	1
809	0
810	3
811	1
812	1
813	5
814	2
815	0
816	2
817	1
818	1
819	3
820	4
821	4
822	1
823	2
824	0
825	3
826	1
827	5
828	4
829	0
830	3
831	4
832	1
833	3
834	4
835	3
836	3
837	2
838	0
839	2
840	2
841	1
842	2
843	4
844	2
845	3
846	1
847	5
848	5
849	4
850	2
851	0
852	4
853	3
854	3
855	5
856	1
857	7
858	2
859	3
860	1
861	0
862	1
863	1
864	3
865	2
866	3
867	1
868	4
869	2
870	6
871	4
872	0
873	4
874	6
875	1
876	2
877	3
878	2
879	1
880	1
881	4
882	2
883	1
884	3
885	0
886	2
887	4
888	3
889	2
890	3
891	0
892	5
893	3
894	3
895	1
896	1
897	3
898	5
899	2
900	3
901	2
902	2
903	3
904	4
905	1
906	1
907	1
908	4
909	3
910	3
911	5
912	2
913	2
914	3
915	2
916	5
917	1
918	2
919	2
920	3
921	2
922	2
923	0
924	0
925	2
926	7
927	3
928	1
929	4
930	4
931	1
932	0
933	3
934	1
935	2
936	3
937	2
938	4
939	3
940	0
941	5
942	4
943	1
944	1
945	3
946	1
947	1
948	2
949	4
950	1
951	1
952	3
953	3
954	6
955	4
956	1
957	3
958	2
959	1
960	4
961	2
962	0
963	1
964	1
965	2
966	3
967	5
968	2
969	2
970	2
971	3
972	3
973	4
974	5
975	3
976	0
977	3
978	4
979	2
980	1
981	4
982	4
983	2
984	0
985	1
986	1
987	1
988	2
989	3
990	3
991	7
992	6
993	3
994	1
995	6
996	3
997	4
998	2
999	6
1000	4
1001	2
1002	4
1003	0
1004	2
1005	4
1006	3
1007	3
1008	4
1009	3
1010	0
1011	2
1012	4
1013	2
1014	2
1015	2
1016	5
1017	1
1018	1
1019	1
1020	3
1021	4
1022	0
1023	2
1024	8
1025	3
1026	3
1027	3
1028	4
1029	2
1030	5
1031	3
1032	1
1033	1
1034	1
1035	1
1036	3
1037	1
1038	3
1039	4
1040	1
1041	2
1042	1
1043	3
1044	1
1045	3
1046	3
1047	4
1048	1
1049	1
1050	3
1051	5
1052	2
1053	3
1054	3
1055	0
1056	3
1057	4
1058	2
1059	2
1060	3
1061	3
1062	4
1063	4
1064	0
1065	4
1066	3
1067	4
1068	4
1069	2
1070	0
1071	2
1072	5
1073	2
1074	3
1075	3
1076	6
1077	2
1078	2
1079	0
1080	2
1081	1
1082	4
1083	2
1084	1
1085	2
1086	1
1087	6
1088	2
1089	2
1090	4
1091	2
1092	3
1093	2
1094	1
1095	2
1096	3
1097	0
1098	0
1099	1
1100	5
1101	0
1102	2
1103	1
1104	2
1105	3
1106	1
1107	4
1108	3
1109	1
1110	5
1111	1
1112	3
1113	3
1114	5
1115	0
1116	8
1117	3
1118	2
1119	5
1120	3
1121	4
1122	0
1123	4
1124	1
1125	0
1126	3
1127	5
1128	5
1129	4
1130	0
1131	2
1132	2
1133	2
1134	5
1135	3
1136	1
1137	1
1138	2
1139	2
1140	4
1141	3
1142	0
1143	2
1144	3
1145	5
1146	4
1147	5
1148	0
1149	6
1150	3
1151	3
1152	2
1153	7
1154	0
1155	2
1156	3
1157	6
1158	3
1159	5
1160	2
1161	0
1162	4
1163	2
1164	5
1165	4
1166	2
1167	4
1168	1
1169	2
1170	2
1171	8
1172	0
1173	2
1174	6
1175	5
1176	2
1177	3
1178	1
1179	1
1180	4
1181	6
1182	0
1183	7
1184	3
1185	6
1186	4
1187	4
1188	3
1189	7
1190	3
1191	5
1192	4
1193	4
1194	6
1195	4
1196	2
1197	4
1198	3
1199	6
1200	3
1201	9
1202	4
1203	1
1204	5
1205	3
1206	8
1207	5
1208	4
1209	1
1210	3
1211	4
1212	3
1213	4
1214	4
1215	1
1216	2
1217	6
1218	5
1219	7
1220	6
1221	4
1222	3
1223	1
1224	2
1225	3
1226	4
1227	6
1228	6
1229	6
1230	11
1231	5
1232	5
1233	6
1234	8
1235	3
1236	3
1237	4
1238	2
1239	3
1240	2
1241	4
1242	4
1243	6
1244	7
1245	4
1246	3
1247	3
1248	4
1249	8
1250	8
1251	6
1252	6
1253	5
1254	2
1255	7
1256	8
1257	3
1258	3
1259	5
1260	1
1261	6
1262	4
1263	4
1264	7
1265	3
1266	6
1267	6
1268	8
1269	7
1270	6
1271	6
1272	5
1273	2
1274	4
1275	6
1276	5
1277	7
1278	9
1279	9
1280	11
1281	6
1282	7
1283	7
1284	6
1285	7
1286	3
1287	8
1288	8
1289	8
1290	8
1291	9
1292	7
1293	6
1294	11
1295	4
1296	3
1297	7
1298	10
1299	6
1300	8
1301	7
1302	3
1303	7
1304	8
1305	4
1306	4
1307	11
1308	5
1309	10
1310	4
1311	5
1312	6
1313	8
1314	2
1315	5
1316	7
1317	8
1318	10
1319	4
1320	9
1321	6
1322	6
1323	7
1324	5
1325	9
1326	3
1327	5
1328	5
1329	9
1330	7
1331	3
1332	2
1333	7
1334	7
1335	10
1336	5
1337	8
1338	3
1339	2
1340	6
1341	5
1342	5
1343	8
1344	6
1345	7
1346	7
1347	3
1348	5
1349	7
1350	9
1351	5
1352	7
1353	5
1354	6
1355	8
1356	3
1357	6
1358	4
1359	4
1360	9
1361	7
1362	2
1363	4
1364	9
1365	6
1366	5
1367	5
1368	8
1369	9
1370	2
1371	2
1372	3
1373	10
1374	11
1375	8
1376	8
1377	7
1378	13
1379	10
1380	9
1381	8
1382	12
1383	5
1384	8
1385	10
1386	9
1387	10
1388	7
1389	12
1390	11
1391	7
1392	7
1393	11
1394	10
1395	18
1396	10
1397	20
1398	16
1399	15
1400	8
1401	3
1402	20
1403	14
1404	16
1405	16
1406	13
1407	12
1408	14
1409	18
1410	19
1411	16
1412	10
1413	20
1414	20
1415	14
1416	21
1417	21
1418	24
1419	17
1420	18
1421	17
1422	18
1423	22
1424	24
1425	26
1426	22
1427	25
1428	28
1429	21
1430	38
1431	28
1432	33
1433	38
1434	43
1435	34
1436	36
1437	30
1438	48
1439	48
1440	55
1441	44
1442	57
1443	45
1444	47
1445	45
1446	60
1447	58
1448	65
1449	65
1450	80
1451	61
1452	73
1453	68
1454	69
1455	56
1456	84
1457	84
1458	104
1459	83
1460	106
1461	103
1462	99
1463	105
1464	130
1465	108
1466	122
1467	125
1468	135
1469	130
1470	143
1471	151
1472	134
1473	135
1474	168
1475	170
1476	155
1477	164
1478	169
1479	149
1480	171
1481	171
1482	190
1483	184
1484	201
1485	212
1486	207
1487	221
1488	208
1489	219
1490	253
1491	256
1492	270
1493	281
1494	251
1495	287
1496	263
1497	283
1498	277
1499	293
1500	273
1501	323
1502	300
1503	331
1504	316
1505	332
1506	368
1507	344
1508	355
1509	354
1510	369
1511	377
1512	361
1513	384
1514	367
1515	387
1516	396
1517	417
1518	397
1519	369
1520	402
1521	418
1522	386
1523	454
1524	401
1525	446
1526	435
1527	444
1528	414
1529	415
1530	444
1531	445
1532	432
1533	472
1534	437
1535	422
1536	450
1537	429
1538	459
1539	422
1540	469
1541	432
1542	435
1543	464
1544	461
1545	429
1546	409
1547	417
1548	481
1549	410
1550	422
1551	437
1552	426
1553	411
1554	387
1555	437
1556	440
1557	400
1558	419
1559	399
1560	400
1561	400
1562	394
1563	401
1564	373
1565	366
1566	354
1567	358
1568	358
1569	341
1570	326
1571	326
1572	330
1573	335
1574	319
1575	304
1576	300
1577	298
1578	281
1579	298
1580	291
1581	245
1582	267
1583	267
1584	267
1585	245
1586	265
1587	250
1588	234
1589	208
1590	216
1591	185
1592	187
1593	243
1594	184
1595	166
1596	173
1597	183
1598	158
1599	181
1600	167
1601	159
1602	127
1603	120
1604	151
1605	135
1606	142
1607	151
1608	146
1609	113
1610	90
1611	103
1612	112
1613	101
1614	92
1615	82
1616	90
1617	80
1618	66
1619	95
1620	92
1621	65
1622	76
1623	52
1624	63
1625	57
1626	59
1627	52
1628	53
1629	55
1630	44
1631	46
1632	55
1633	46
1634	39
1635	44
1636	35
1637	42
1638	37
1639	31
1640	25
1641	32
1642	28
1643	28
1644	25
1645	16
1646	24
1647	28
1648	19
1649	24
1650	10
1651	18
1652	19
1653	13
1654	11
1655	10
1656	10
1657	8
1658	9
1659	13
1660	13
1661	9
1662	5
1663	10
1664	7
1665	6
1666	3
1667	10
1668	3
1669	3
1670	4
1671	6
1672	5
1673	2
1674	2
1675	4
1676	4
1677	2
1678	1
1679	0
1680	0
1681	2
1682	1
1683	2
1684	0
1685	2
1686	2
1687	1
1688	1
1689	0
1690	1
1691	1
1692	0
1693	1
1694	0
1695	1
1696	1
1697	0
1698	1
1699	0
1700	0
1701	0
1702	0
1703	0
1704	0
1705	0
1706	3
1707	0
1708	1
1709	0
1710	0
1711	1
1712	0
1713	0
1714	0
1715	0
1716	0
1717	0
1718	0
1719	0
1720	0
1721	0
1722	0
1723	0
1724	0
1725	0
1726	0
1727	0
1728	0
1729	0
1730	0
1731	1
1732	0
1733	0
1734	0
1735	0
1736	0
1737	0
1738	0
1739	0
1740	0
1741	0
1742	0
1743	0
1744	0
1745	0
1746	0
1747	0
1748	0
1749	0
1750	0
1751	0
1752	0
1753	0
1754	0
1755	0
1756	0
1757	0
1758	0
1759	0
1760	0
1761	0
1762	0
1763	0
1764	1
1765	0
1766	0
1767	0
1768	0
1769	0
1770	0
1771	0
1772	0
1773	0
1774	0
1775	0
1776	0
1777	0
1778	0
1779	0
1780	0
1781	0
1782	0
1783	0
1784	0
1785	0
1786	0
1787	0
1788	0
1789	0
1790	1
1791	0
1792	0
1793	0
1794	0
1795	0
1796	0
1797	0
1798	0
1799	0
1800	0
1801	0
1802	0
1803	0
1804	0
1805	0
1806	0
1807	0
1808	0
1809	0
1810	0
1811	0
1812	0
1813	0
1814	0
1815	0
1816	0
1817	0
1818	0
1819	0
1820	0
1821	0
1822	0
1823	0
1824	0
1825	0
1826	0
1827	0
1828	0
1829	0
1830	1
1831	0
1832	0
1833	0
1834	0
1835	0
1836	0
1837	0
1838	0
1839	0
1840	0
1841	0
1842	0
1843	0
1844	0
1845	0
1846	0
1847	0
1848	0
1849	0
1850	0
1851	0
1852	0
1853	0
1854	0
1855	0
1856	0
1857	0
1858	0
1859	0
1860	0
1861	0
1862	0
1863	0
1864	0
1865	0
1866	0
1867	0
1868	0
1869	0
1870	1
1871	0
1872	0
1873	1
1874	0
1875	0
1876	0
1877	0
1878	0
1879	0
1880	0
1881	0
1882	0
1883	0
1884	0
1885	0
1886	0
1887	0
1888	0
1889	0
1890	0
1891	0
1892	0
1893	0
1894	0
1895	0
1896	0
1897	0
1898	0
1899	0
1900	0
1901	0
1902	0
1903	0
1904	0
1905	0
1906	0
1907	0
1908	0
1909	0
1910	0
1911	0
1912	0
1913	0
1914	0
1915	0
1916	0
1917	0
1918	0
1919	0
1920	0
1921	0
1922	0
1923	0
1924	0
1925	0
1926	0
1927	0
1928	0
1929	0
1930	0
1931	0
1932	0
1933	0
1934	0
1935	0
1936	0
1937	0
1938	0
1939	0
1940	1
1941	0
1942	0
1943	0
1944	0
1945	0
1946	0
1947	0
1948	0
1949	0
1950	0
1951	0
1952	0
1953	0
1954	0
1955	0
1956	0
1957	1
1958	0
1959	0
1960	0
1961	0
1962	0
1963	0
1964	0
1965	1
1966	0
1967	0
1968	0
1969	0
1970	0
1971	0
1972	0
1973	0
1974	0
1975	0
1976	0
1977	0
1978	0
1979	1
1980	0
1981	0
1982	0
1983	0
1984	0
1985	0
1986	0
1987	0
1988	0
1989	0
1990	0
1991	0
1992	0
1993	0
1994	1
1995	0
1996	0
1997	0
1998	0
1999	0
2000	0
2001	0
2002	0
2003	0
2004	0
2005	0
2006	0
2007	0
2008	0
2009	0
2010	0
2011	0
2012	0
2013	0
2014	0
2015	0
2016	0
2017	0
2018	0
2019	0
2020	0
2021	0
2022	0
2023	0
2024	0
2025	0
2026	0
2027	0
2028	0
2029	0
2030	0
2031	0
2032	0
2033	0
2034	0
2035	0
2036	0
2037	0
2038	0
2039	0
2040	0
2041	0
2042	0
2043	0
2044	0
2045	0
2046	0
2047	0
