$SPEC_ID:
No sample description was entered.
$SPEC_REM:
DET# 1
DETDESC# 
AP# Maestro Version 6.08
$DATE_MEA:
09/21/2017 09:32:09
$MEAS_TIM:
120 120
$DATA:
0 2047
       0
       0
       0
       0
       0
       0
       0
       0
       0
       0
       0
       0
       0
       0
       0
       0
       0
       0
       0
       0
       0
       0
       0
       0
       0
       0
       0
       0
       0
       0
       0
       0
       0
       0
       0
       0
       0
       0
       0
       0
       0
       0
       0
       0
       0
       0
       0
       0
       0
       0
       0
       0
       0
       0
       0
       0
       0
       0
       0
       0
       0
       0
       0
       0
       0
       0
       0
       0
       0
       0
       0
       0
       0
       0
       0
       0
       0
       0
       0
       0
       0
       0
       0
       0
       0
       0
       0
       0
       0
       0
       0
       0
       0
       0
       0
       0
       0
       0
       0
       0
       0
       0
       0
       0
       0
       0
       0
       0
       0
       0
       0
       0
       0
       0
       0
       0
       0
       0
       0
       0
       0
       0
       0
       0
       0
       0
       0
       0
       0
       0
       0
       0
       0
       0
       0
       0
       0
       0
       0
       0
       0
       0
       0
       0
       0
       0
       0
       0
       0
       0
       0
       0
       0
       0
       0
       0
       0
       0
       0
       0
       0
       0
       0
       0
       0
       0
       0
       0
       0
       0
       0
       0
       0
       0
       0
       0
       0
       0
       0
       0
       0
       0
       0
       0
       0
       0
       0
       0
       0
       0
       0
       0
       0
       0
       0
       0
       0
       0
       1
       5
       1
       1
       2
       1
       1
       0
       4
       3
       0
       0
       3
       2
       1
       2
       3
       1
       6
       1
       1
       1
       2
       0
       0
       0
       3
       2
       0
       1
       3
       5
       1
       3
       2
       3
       2
       2
       2
       3
       1
       2
       4
       1
       1
       1
       1
       2
       1
       0
       1
       4
       1
       0
       0
       0
       0
       1
       2
       0
       4
       1
       2
       2
       2
       1
       2
       2
       5
       2
       0
       2
       4
       1
       0
       0
       1
       2
       0
       0
       1
       1
       2
       2
       5
       3
       0
       1
       2
       0
       2
       3
       2
       1
       3
       2
       0
       1
       1
       0
       2
       1
       0
       3
       0
       2
       1
       0
       3
       2
       1
       0
       0
       1
       1
       0
       0
       1
       2
       4
       2
       0
       1
       1
       1
       2
       1
       1
       1
       2
       1
       4
       0
       0
       1
       1
       1
       2
       0
       4
       3
       1
       1
       3
       2
       3
       5
       7
       2
       2
       2
       1
       1
       6
       2
       3
       4
       2
       0
       2
       2
       2
       2
       1
       2
       1
       2
       2
       2
       5
       0
       4
       2
       2
       3
       3
       4
       2
       2
       2
       0
       1
       2
       1
       1
       3
       3
       1
       2
       4
       2
       2
       1
       3
       5
       1
       1
       3
       1
       1
       1
       2
       4
       2
       1
       1
       0
       4
       1
       0
       1
       1
       2
       1
       2
       0
       3
       1
       1
       4
       2
       4
       1
       2
       2
       3
       2
       6
       1
       1
       3
       2
       0
       4
       2
       2
       2
       1
       0
       3
       3
       1
       2
       2
       2
       1
       3
       1
       1
       1
       2
       1
       4
       6
       0
       2
       6
       3
       0
       2
       0
       0
       4
       3
       0
       0
       3
       7
       1
       2
       3
       2
       4
       1
       2
       0
       1
       2
       0
       1
       2
       2
       3
       3
       0
       1
       1
       0
       0
       3
       1
       2
       2
       4
       4
       4
       2
       0
       2
       2
       0
       1
       1
       2
       3
       2
       3
       2
       1
       1
       0
       2
       1
       2
       1
       1
       4
       1
       5
       1
       1
       1
       2
       4
       3
       1
       2
       1
       0
       3
       2
       2
       2
       2
       2
       1
       1
       2
       2
       3
       2
       4
       1
       4
       1
       5
       5
       2
       2
       2
       6
       5
       1
       2
       2
       4
       2
       5
       3
       1
       1
       0
       4
       2
       1
       0
       1
       3
       2
       0
       5
       1
       2
       2
       3
       2
       0
       2
       1
       3
       3
       3
       2
       0
       0
       1
       1
       1
       3
       3
       0
       1
       3
       3
       3
       1
       1
       1
       1
       4
       2
       0
       0
       3
       1
       1
       0
       2
       3
       2
       1
       2
       5
       0
       2
       2
       2
       2
       5
       1
       2
       2
       1
       1
       1
       0
       0
       3
       5
       2
       2
       0
       1
       3
       1
       4
       0
       0
       1
       2
       0
       1
       3
       1
       4
       5
       1
       5
       2
       2
       1
       1
       2
       2
       0
       3
       2
       3
       1
       2
       3
       2
       3
       0
       1
       1
       1
       5
       0
       1
       4
       2
       0
       2
       3
       1
       2
       2
       3
       3
       1
       2
       4
       2
       0
       1
       2
       0
       5
       5
       0
       3
       1
       5
       0
       1
       0
       3
       1
       0
       1
       1
       4
       4
       4
       3
       1
       4
       1
       4
       0
       2
       3
       0
       2
       2
       0
       3
       2
       2
       1
       3
       2
       4
       0
       1
       2
       1
       1
       4
       3
       3
       1
       2
       0
       3
       0
       1
       1
       0
       2
       2
       3
       1
       3
       3
       3
       3
       2
       1
       2
       4
       3
       2
       0
       6
       3
       2
       3
       5
       8
       0
       1
       1
       4
       2
       3
       4
       2
       2
       1
       3
       2
       4
       2
       3
       2
       3
       0
       3
       0
       0
       4
       0
       1
       1
       2
       2
       3
       3
       1
       3
       1
       2
       4
       0
       2
       4
       3
       0
       3
       3
       2
       2
       1
       2
       4
       3
       4
       2
       1
       0
       3
       1
       2
       2
       1
       5
       1
       4
       5
       1
       2
       0
       1
       2
       3
       5
       3
       4
       3
       2
       2
       0
       1
       5
       5
       2
       4
       4
       1
       3
       1
       3
       2
       4
       5
       1
       0
       4
       2
       1
       2
       1
       4
       2
       4
       0
       2
       1
       5
       3
       4
       6
       4
       5
       2
       6
       7
       5
       2
       3
       1
       3
       2
       2
       2
       1
       4
       3
       2
       4
       0
       1
       6
       6
       2
       0
       0
       3
       2
       3
       2
       4
       2
       1
       2
       2
       2
       0
       5
       3
       4
       0
       1
       3
       5
       2
       2
       2
       1
       0
       3
       0
       1
       1
       2
       2
       2
       0
       3
       4
       0
       1
       3
       4
       2
       2
       0
       2
       1
       4
       1
       3
       2
       1
       3
       0
       3
       3
       2
       3
       3
       6
       1
       2
       2
       0
       5
       0
       1
       2
       2
       1
       2
       2
       4
       2
       4
       1
       3
       1
       2
       3
       3
       1
       2
       3
       3
       3
       3
       3
       2
       4
       4
       2
       2
       2
       2
       3
       0
       2
       1
       4
       2
       4
       3
       3
       2
       3
       3
       3
       3
       0
       1
       1
       3
       4
       0
       4
       1
       2
       2
       1
       3
       0
       2
       6
       2
       1
       1
       6
       0
       3
       2
       6
       1
       1
       3
       5
       3
       4
       2
       0
       1
       1
       2
       5
       2
       3
       5
       0
       3
       2
       0
       2
       2
       2
       2
       2
       2
       2
       1
       3
       4
       1
       1
       2
       1
       6
       5
       4
       4
       0
       3
       1
       3
       1
       1
       2
       2
       4
       3
       0
       3
       4
       2
       2
       4
       1
       1
       0
       2
       3
       3
       6
       3
       4
       3
       2
       4
       3
       3
       6
       3
       0
       5
       2
       2
       1
       1
       9
       0
       0
       3
       1
       0
       0
       2
       2
       4
       1
       2
       1
       2
       0
       1
       2
       1
       3
       1
       3
       1
       3
       3
       6
       5
       3
       0
       1
       0
       4
       3
       4
       1
       0
       0
       3
       2
       4
       2
       2
       1
       3
       2
       4
       2
       3
       1
       1
       2
       6
       3
       1
       5
       4
       1
       1
       5
       1
       3
       3
       2
       1
       3
       1
       2
       3
       3
       1
       2
       0
       4
       1
       1
       6
       0
       2
       4
       1
       1
       3
       4
       4
       1
       3
       3
       4
       0
       5
       3
       4
       2
       2
       7
       0
       1
       2
       1
       4
       4
       1
       1
       6
       2
       2
       3
       2
       3
       0
       6
       0
       2
       3
       5
       0
       2
       4
       4
       1
       1
       4
       7
       3
       0
       3
       4
       2
       2
       2
       2
       6
       2
       3
       2
       7
       1
       3
       2
       3
       5
       2
       2
       4
       6
       7
       4
       7
       6
       2
      13
       5
       3
       6
       2
       3
       6
       3
       6
       6
       7
       6
       6
       4
       9
       3
       7
       2
       2
       9
       2
       5
       4
      11
       6
       8
       5
      12
       6
       4
       8
       1
       6
      10
       4
      11
       3
      10
       4
       6
       1
       8
       3
       7
       5
       6
       1
      11
       7
       4
       2
       5
       8
       6
       1
      11
      11
       5
       7
       9
       8
       6
       5
       8
       5
       5
       7
       7
       9
       6
       4
       3
       5
       8
       6
       0
      11
       7
       7
       2
       6
      10
       7
       3
       8
       5
       3
       7
       6
       5
       4
       8
       4
       7
       7
       4
       5
       5
       7
       7
       9
       8
       3
       4
       7
       8
       4
       2
       5
       8
       8
       4
      10
       7
       4
       5
       9
       3
       7
       5
       5
       7
       5
       3
       3
       5
       6
      12
       8
       5
       7
      10
       5
       4
       5
      13
       5
       7
      10
      10
       8
       4
       6
       4
       8
       6
       7
       6
       6
      10
       8
       9
      10
       7
       7
       6
       8
      11
       7
      14
       3
      11
      10
      11
      17
      12
      13
      14
      13
      13
      14
      12
      11
      12
      27
      14
      14
      24
      10
      17
      24
      12
      28
      18
      18
      31
      23
      20
      26
      20
      24
      27
      37
      32
      31
      22
      32
      34
      34
      38
      35
      44
      47
      42
      43
      35
      62
      46
      50
      63
      56
      55
      48
      56
      68
      51
      62
      73
      80
      72
      91
      92
      93
      94
     103
      98
      80
     105
      91
     108
     108
     130
     138
     141
     142
     134
     136
     150
     178
     157
     165
     166
     172
     187
     163
     186
     208
     185
     194
     210
     223
     230
     217
     228
     233
     254
     244
     270
     258
     253
     270
     317
     310
     315
     310
     323
     330
     330
     336
     359
     355
     362
     345
     374
     385
     357
     379
     405
     392
     409
     407
     367
     402
     453
     402
     448
     441
     460
     446
     472
     467
     448
     463
     439
     449
     435
     461
     458
     476
     480
     448
     474
     485
     503
     483
     430
     489
     449
     469
     480
     451
     478
     454
     452
     463
     467
     423
     459
     439
     458
     421
     427
     427
     407
     439
     425
     376
     408
     393
     369
     345
     367
     347
     328
     375
     349
     328
     324
     324
     290
     293
     293
     311
     274
     262
     295
     291
     284
     239
     247
     235
     221
     234
     200
     212
     201
     205
     182
     197
     178
     188
     153
     167
     138
     138
     174
     139
     142
     132
     138
     151
     124
     115
      96
      95
      86
      85
      96
      81
      77
      89
      96
      72
      77
      57
      54
      68
      65
      47
      55
      67
      53
      39
      44
      47
      34
      35
      29
      28
      35
      28
      26
      17
      28
      32
      21
      13
      23
      13
      10
      15
      13
      12
      15
      13
      13
      17
      13
       7
       2
       5
       6
       5
       7
       5
       3
       2
       7
       2
       4
       2
       8
       2
       3
       3
       1
       4
       2
       3
       0
       1
       2
       0
       1
       1
       2
       1
       1
       1
       0
       0
       0
       0
       0
       1
       0
       0
       0
       0
       0
       0
       0
       0
       0
       1
       0
       0
       0
       0
       0
       0
       0
       0
       0
       0
       0
       0
       0
       0
       0
       0
       0
       0
       0
       0
       0
       0
       0
       0
       0
       0
       0
       0
       0
       0
       0
       0
       0
       0
       0
       0
       0
       0
       0
       0
       0
       0
       0
       0
       0
       0
       0
       0
       0
       0
       0
       0
       0
       0
       0
       0
       0
       0
       0
       0
       0
       0
       0
       0
       0
       0
       0
       0
       0
       1
       0
       0
       0
       0
       0
       0
       0
       0
       0
       0
       0
       0
       0
       0
       0
       0
       0
       0
       0
       1
       0
       0
       0
       0
       0
       0
       0
       0
       0
       0
       0
       0
       0
       0
       0
       0
       0
       0
       0
       0
       1
       0
       0
       0
       0
       0
       0
       0
       0
       0
       0
       0
       0
       0
       0
       0
       0
       0
       0
       0
       0
       0
       0
       0
       0
       0
       0
       0
       0
       0
       0
       0
       0
       1
       0
       0
       0
       0
       0
       0
       0
       0
       0
       0
       0
       0
       0
       0
       1
       0
       1
       0
       0
       1
       0
       0
       0
       0
       0
       0
       0
       0
       0
       0
       0
       0
       0
       0
       1
       0
       0
       0
       0
       0
       0
       0
       0
       0
       1
       0
       0
       0
       0
       0
       0
       0
       0
       0
       1
       0
       0
       0
       0
       0
       0
       0
       0
       0
       0
       0
       0
       0
       0
       0
       0
       0
       0
       0
       0
       0
       0
       0
       0
       0
       0
       0
       0
       0
       0
       0
       0
       0
       0
       0
       0
       0
       0
       0
       0
       0
       0
       0
       0
       0
       0
       0
       0
       0
       0
       0
       0
       0
       0
       0
       0
       1
       0
       0
       0
       0
       0
       0
       0
       0
       0
       0
       0
       0
       0
       0
       0
       0
       0
       0
       0
       0
       0
       0
       0
       0
       0
       0
       0
       0
       0
       0
       0
       0
       0
       0
       0
       0
       0
       0
       0
       0
       0
       0
       0
       0
       0
       0
       0
       0
       0
       0
       0
       0
       0
       0
       0
       0
       0
       0
       0
       0
       0
       0
       0
       0
       0
       0
       0
       0
       0
       0
       0
       0
       0
       0
       0
       0
       0
       0
       0
       0
       0
       0
       0
       0
       0
       0
       0
       0
       0
$ROI:
0
$PRESETS:
Live Time
120
0
$ENER_FIT:
0.000000 0.002526
$MCA_CAL:
3
0.000000E+000 2.525835E-003 0.000000E+000 keV
$SHAPE_CAL:
3
0.000000E+000 0.000000E+000 0.000000E+000
