$SPEC_ID:
No sample description was entered.
$SPEC_REM:
DET# 1
DETDESC# 
AP# Maestro Version 6.08
$DATE_MEA:
09/21/2017 09:40:11
$MEAS_TIM:
120 120
$DATA:
0 2047
       0
       0
       0
       0
       0
       0
       0
       0
       0
       0
       0
       0
       0
       0
       0
       0
       0
       0
       0
       0
       0
       0
       0
       0
       0
       0
       0
       0
       0
       0
       0
       0
       0
       0
       0
       0
       0
       0
       0
       0
       0
       0
       0
       0
       0
       0
       0
       0
       0
       0
       0
       0
       0
       0
       0
       0
       0
       0
       0
       0
       0
       0
       0
       0
       0
       0
       0
       0
       0
       0
       0
       0
       0
       0
       0
       0
       0
       0
       0
       0
       0
       0
       0
       0
       0
       0
       0
       0
       0
       0
       0
       0
       0
       0
       0
       0
       0
       0
       0
       0
       0
       0
       0
       0
       0
       0
       0
       0
       0
       0
       0
       0
       0
       0
       0
       0
       0
       0
       0
       0
       0
       0
       0
       0
       0
       0
       0
       0
       0
       0
       0
       0
       0
       0
       0
       0
       0
       0
       0
       0
       0
       0
       0
       0
       0
       0
       0
       0
       0
       0
       0
       0
       0
       0
       0
       0
       0
       0
       0
       0
       0
       0
       0
       0
       0
       0
       0
       0
       0
       0
       0
       0
       0
       0
       0
       0
       0
       0
       0
       0
       0
       0
       0
       0
       0
       0
       0
       0
       0
       0
       0
       0
       0
       0
       0
       0
       0
       0
       2
       3
       1
       2
       4
       2
       2
       0
       0
       3
       3
       4
       1
       0
       0
       0
       0
       2
       2
       0
       3
       4
       1
       3
       1
       2
       1
       2
       1
       0
       4
       3
       2
       0
       1
       1
       1
       2
       1
       0
       2
       1
       0
       0
       1
       5
       1
       2
       4
       1
       0
       2
       4
       5
       2
       3
       3
       2
       3
       3
       0
       1
       2
       0
       3
       3
       1
       4
       1
       3
       0
       2
       3
       1
       3
       2
       1
       1
       1
       2
       2
       2
       1
       0
       2
       1
       2
       1
       2
       1
       3
       4
       1
       1
       3
       2
       3
       1
       0
       4
       1
       0
       1
       3
       0
       1
       0
       2
       1
       1
       2
       0
       0
       0
       1
       2
       0
       0
       4
       2
       1
       1
       2
       2
       0
       1
       0
       1
       0
       2
       0
       4
       1
       0
       1
       2
       1
       1
       0
       2
       2
       2
       2
       2
       4
       1
       2
       2
       2
       0
       4
       1
       2
       2
       0
       2
       2
       1
       1
       1
       0
       1
       1
       3
       1
       2
       3
       1
       0
       2
       1
       0
       2
       2
       3
       1
       1
       2
       6
       2
       2
       1
       5
       6
       2
       5
       2
       4
       5
       1
       1
       0
       1
       2
       0
       1
       0
       3
       0
       2
       1
       0
       3
       0
       2
       2
       3
       2
       4
       2
       1
       3
       3
       2
       1
       2
       1
       3
       4
       2
       1
       2
       1
       2
       1
       2
       2
       2
       3
       3
       1
       2
       3
       3
       3
       2
       3
       1
       1
       1
       2
       1
       6
       2
       2
       7
       3
       1
       2
       2
       3
       4
       2
       1
       1
       0
       1
       1
       2
       0
       3
       2
       2
       1
       3
       3
       2
       1
       1
       1
       2
       0
       0
       2
       4
       2
       1
       3
       0
       3
       2
       2
       0
       1
       3
       6
       3
       1
       0
       2
       1
       2
       2
       2
       1
       0
       2
       1
       2
       2
       1
       0
       0
       5
       0
       2
       3
       1
       0
       3
       2
       1
       1
       3
       1
       0
       2
       3
       2
       1
       4
       2
       0
       1
       0
       3
       0
       4
       1
       2
       3
       1
       4
       3
       0
       2
       0
       1
       3
       2
       0
       1
       2
       3
       2
       4
       0
       2
       4
       2
       6
       0
       1
       0
       1
       4
       5
       1
       1
       1
       2
       3
       3
       0
       0
       2
       2
       1
       0
       0
       4
       1
       2
       2
       4
       2
       1
       2
       0
       2
       0
       6
       6
       1
       3
       1
       1
       2
       3
       2
       0
       1
       0
       4
       4
       2
       0
       3
       2
       2
       0
       2
       0
       1
       0
       1
       0
       1
       2
       2
       1
       0
       2
       1
       2
       1
       2
       4
       1
       5
       2
       2
       2
       1
       1
       3
       1
       0
       2
       0
       2
       0
       0
       1
       2
       3
       1
       3
       4
       4
       3
       2
       3
       3
       2
       3
       2
       3
       0
       1
       4
       2
       2
       2
       0
       2
       1
       2
       2
       3
       2
       2
       6
       2
       1
       1
       2
       3
       2
       2
       2
       1
       5
       2
       1
       0
       1
       2
       1
       1
       2
       1
       1
       3
       0
       1
       0
       2
       5
       2
       3
       1
       2
       1
       3
       3
       1
       3
       1
       2
       2
       2
       1
       3
       3
       0
       0
       3
       4
       1
       3
       3
       0
       4
       2
       4
       0
       3
       6
       2
       1
       5
       3
       3
       2
       1
       0
       6
       2
       2
       3
       1
       2
       1
       3
       2
       5
       4
       2
       1
       5
       5
       1
       4
       3
       1
       4
       1
       1
       1
       3
       1
       1
       2
       2
       2
       1
       3
       4
       1
       5
       2
       2
       1
       1
       4
       3
       2
       5
       1
       5
       0
       2
       2
       2
       3
       1
       1
       1
       3
       6
       3
       2
       5
       5
       4
       1
       5
       4
       3
       2
       4
       1
       2
       1
       4
       2
       2
       3
       1
       6
       0
       2
       2
       2
       1
       1
       1
       0
       0
       2
       3
       3
       1
       2
       1
       1
       1
       3
       4
       0
       2
       1
       2
       2
       4
       2
       3
       0
       3
       3
       2
       1
       3
       2
       3
       1
       2
       5
       3
       1
       4
       1
       3
       2
       0
       3
       3
       1
       3
       2
       0
       1
       1
       1
       5
       3
       2
       2
       4
       4
       2
       1
       7
       2
       1
       2
       1
       0
       3
       4
       3
       4
       0
       1
       3
       6
       3
       1
       3
       1
       2
       3
       2
       2
       2
       1
       5
       3
       4
       2
       1
       0
       0
       4
       4
       3
       3
       1
       3
       4
       3
       2
       1
       1
       3
       2
       1
       3
       5
       5
       2
       3
       3
       2
       1
       4
       3
       2
       1
       4
       1
       3
       4
       4
       4
       2
       1
       3
       2
       2
       5
       3
       2
       3
       3
       3
       2
       4
       2
       2
       1
       1
       3
       1
       4
       4
       5
       4
       3
       0
       3
       2
       1
       4
       2
       4
       4
       7
       1
       3
       2
       1
       1
       1
       5
       3
       5
       2
       1
       3
       3
       1
       4
       1
       1
       2
       2
       3
       6
       3
       2
       2
       2
       2
       1
       4
       2
       2
       2
       1
       5
       3
       2
       3
       1
       2
       3
       2
       3
       3
       3
       3
       2
       3
       2
       3
       0
       2
       2
       4
       1
       0
       1
       2
       2
       1
       3
       3
       2
       3
       2
       0
       1
       1
       2
       5
       1
       2
       4
       1
       3
       1
       2
       2
       3
       2
       1
       1
       0
       1
       1
       4
       4
       2
       1
       2
       2
       3
       2
       1
       2
       4
       3
       3
       4
       2
       3
       3
       1
       3
       2
       0
       3
       2
       1
       2
       3
       0
       1
       2
       1
       4
       3
       2
       3
       1
       4
       1
       6
       2
       3
       2
       1
       2
       1
       6
       3
       1
       2
       3
       4
       6
       3
       2
       1
       4
       2
       6
       5
       4
       4
       1
       4
       4
       1
       2
       1
       2
       2
       4
       2
       3
       4
       2
       2
       2
       1
       3
       2
       5
       2
       6
       3
       1
       3
       1
       4
       3
       3
       0
       1
       3
       1
       1
       2
       2
       1
       5
       2
       1
       4
       1
       2
       2
       1
       4
       3
       6
       1
       3
       4
       3
       1
       2
       1
       3
       1
       2
       3
       1
       2
       3
       2
       2
       2
       4
       7
       4
       2
       6
       6
       4
       2
       3
       3
       2
       3
       1
       1
       1
       3
       3
       3
       4
       3
       1
       3
       3
       2
       5
       2
       3
       2
       2
       2
       2
       8
       2
       6
       3
       3
       5
       4
       4
       4
       7
       3
       5
       2
       3
       4
       4
       3
       1
       4
       7
       2
       6
       4
       6
       2
       5
       4
       3
       5
       5
       4
       6
       3
       3
       6
       3
       1
       4
       2
       8
       6
       6
       8
       7
       7
       3
       7
       4
       6
       8
       6
       6
       4
       8
       6
       3
       7
       6
       4
       6
       8
       5
       3
       3
       8
       1
       4
       4
       4
       4
       3
       6
       5
       5
       1
       5
       4
      10
       6
       5
       7
       3
       2
       5
       9
       9
      11
       3
       6
       7
       4
       8
       7
       3
       6
       6
       6
       8
       7
       6
       4
       7
       8
       2
       4
       5
       7
      10
       2
       6
       4
       4
       4
       4
       5
       9
       6
       7
       3
       5
       8
       6
       5
       5
       4
       3
       4
       5
      13
       5
       7
       4
       7
       7
       4
       2
       2
       6
       9
       8
       6
       4
       7
       8
       3
       5
       7
       9
       6
       3
       6
       4
      12
       1
       7
       6
       9
       6
       2
       6
       7
       3
      11
       6
       7
       9
       5
       8
       5
       5
       7
       3
       5
       5
       7
       8
       6
       5
       5
       7
       8
       2
       7
       2
      12
       7
      11
      10
      14
       3
      11
      13
      10
      13
       8
       9
       4
      14
      10
       4
      13
      12
      13
      12
      13
       6
      12
      10
      10
      11
      21
      15
      11
       9
      18
      14
      16
      18
      17
      14
      14
      15
      16
      20
      14
      21
      23
      26
      34
      32
      25
      27
      24
      22
      26
      46
      35
      31
      34
      28
      32
      41
      37
      33
      35
      39
      42
      47
      39
      43
      53
      43
      70
      59
      55
      71
      62
      57
      70
      75
      78
      64
      69
      91
      87
      86
      90
      96
      93
      88
     114
      93
     107
     126
     143
     111
     141
     148
     152
     152
     155
     164
     164
     165
     163
     180
     203
     196
     197
     208
     220
     207
     199
     217
     200
     216
     228
     214
     253
     254
     261
     248
     296
     272
     317
     305
     309
     325
     272
     317
     348
     371
     361
     348
     335
     364
     376
     368
     409
     398
     391
     393
     417
     381
     415
     408
     433
     464
     425
     359
     426
     450
     447
     469
     442
     420
     474
     448
     464
     488
     462
     494
     448
     462
     451
     443
     441
     476
     454
     471
     441
     448
     480
     427
     450
     423
     431
     448
     414
     425
     442
     398
     424
     445
     381
     411
     423
     414
     392
     385
     394
     380
     377
     321
     334
     333
     324
     366
     316
     336
     304
     298
     297
     297
     290
     305
     299
     264
     266
     244
     232
     212
     249
     241
     194
     195
     217
     221
     173
     190
     179
     173
     185
     151
     168
     170
     161
     149
     152
     131
     121
     122
     136
     111
     111
     124
      99
      87
      84
      89
      85
      80
      78
      70
      66
      80
      61
      58
      56
      65
      49
      46
      48
      48
      44
      45
      44
      31
      35
      40
      22
      27
      37
      26
      22
      36
      20
      18
      18
      26
      15
      16
      12
      13
      26
       7
      16
      13
      12
       7
      14
       8
      11
       6
       5
       3
       1
       7
       9
       3
       2
       5
       4
       2
       1
       2
       5
       3
       3
       1
       1
       1
       0
       1
       3
       0
       0
       1
       1
       2
       2
       1
       1
       0
       0
       0
       1
       0
       2
       1
       0
       1
       0
       0
       0
       0
       0
       0
       0
       0
       0
       0
       0
       0
       1
       1
       0
       0
       0
       0
       0
       0
       0
       0
       0
       0
       1
       0
       0
       0
       0
       0
       0
       0
       0
       0
       0
       0
       0
       0
       0
       0
       0
       1
       0
       0
       0
       0
       0
       0
       0
       0
       0
       0
       0
       0
       0
       0
       0
       0
       0
       0
       0
       0
       0
       0
       0
       0
       0
       0
       0
       0
       0
       0
       0
       0
       0
       0
       0
       0
       0
       0
       0
       0
       0
       0
       0
       0
       1
       0
       0
       0
       0
       0
       0
       0
       0
       0
       0
       0
       0
       0
       0
       0
       0
       0
       0
       0
       0
       0
       0
       0
       0
       0
       0
       0
       0
       0
       0
       0
       0
       0
       0
       0
       0
       0
       0
       0
       0
       0
       0
       0
       0
       0
       0
       0
       0
       0
       0
       0
       0
       0
       0
       0
       0
       0
       0
       0
       0
       0
       0
       0
       0
       0
       0
       1
       0
       0
       0
       1
       0
       0
       0
       0
       0
       0
       0
       1
       0
       0
       0
       0
       0
       0
       0
       0
       0
       0
       0
       0
       0
       0
       0
       0
       0
       0
       0
       0
       0
       0
       0
       0
       0
       0
       0
       0
       0
       0
       0
       0
       0
       0
       0
       1
       0
       0
       0
       0
       0
       0
       0
       0
       0
       0
       0
       0
       0
       0
       0
       0
       0
       0
       0
       0
       0
       0
       0
       0
       0
       0
       0
       0
       0
       0
       0
       0
       0
       0
       0
       0
       0
       0
       0
       0
       0
       0
       0
       0
       0
       0
       0
       0
       0
       0
       0
       0
       0
       0
       0
       0
       0
       0
       0
       1
       0
       0
       0
       0
       0
       0
       0
       0
       0
       0
       0
       0
       0
       0
       0
       0
       0
       0
       0
       0
       0
       0
       0
       0
       0
       0
       0
       0
       0
       0
       0
       0
       0
       0
       0
       0
       1
       0
       0
       0
       0
       0
       0
       0
       0
       0
       0
       0
       0
       0
       0
       0
       0
       1
       0
       1
       0
       0
       0
       0
       0
       0
       0
       0
       0
       0
       0
       0
       0
       0
       0
       0
       0
       0
       0
       0
       0
       0
       0
       0
       0
       0
       0
       0
       0
       0
       0
       0
       0
$ROI:
0
$PRESETS:
Live Time
120
0
$ENER_FIT:
0.000000 0.002526
$MCA_CAL:
3
0.000000E+000 2.525835E-003 0.000000E+000 keV
$SHAPE_CAL:
3
0.000000E+000 0.000000E+000 0.000000E+000
