$SPEC_ID:
No sample description was entered.
$SPEC_REM:
DET# 1
DETDESC# 
AP# Maestro Version 6.08
$DATE_MEA:
09/21/2017 09:46:12
$MEAS_TIM:
120 120
$DATA:
0 2047
       0
       0
       0
       0
       0
       0
       0
       0
       0
       0
       0
       0
       0
       0
       0
       0
       0
       0
       0
       0
       0
       0
       0
       0
       0
       0
       0
       0
       0
       0
       0
       0
       0
       0
       0
       0
       0
       0
       0
       0
       0
       0
       0
       0
       0
       0
       0
       0
       0
       0
       0
       0
       0
       0
       0
       0
       0
       0
       0
       0
       0
       0
       0
       0
       0
       0
       0
       0
       0
       0
       0
       0
       0
       0
       0
       0
       0
       0
       0
       0
       0
       0
       0
       0
       0
       0
       0
       0
       0
       0
       0
       0
       0
       0
       0
       0
       0
       0
       0
       0
       0
       0
       0
       0
       0
       0
       0
       0
       0
       0
       0
       0
       0
       0
       0
       0
       0
       0
       0
       0
       0
       0
       0
       0
       0
       0
       0
       0
       0
       0
       0
       0
       0
       0
       0
       0
       0
       0
       0
       0
       0
       0
       0
       0
       0
       0
       0
       0
       0
       0
       0
       0
       0
       0
       0
       0
       0
       0
       0
       0
       0
       0
       0
       0
       0
       0
       0
       0
       0
       0
       0
       0
       0
       0
       0
       0
       0
       0
       0
       0
       0
       0
       0
       0
       0
       0
       0
       0
       0
       0
       0
       0
       0
       0
       0
       0
       0
       1
       3
       2
       2
       2
       2
       2
       0
       4
       0
       3
       2
       0
       2
       1
       1
       0
       4
       1
       0
       1
       2
       3
       3
       0
       0
       3
       2
       2
       2
       2
       2
       1
       1
       2
       1
       3
       1
       2
       1
       1
       1
       0
       1
       0
       0
       1
       4
       2
       2
       0
       3
       1
       3
       2
       2
       2
       1
       1
       2
       1
       5
       0
       0
       2
       2
       2
       0
       2
       1
       1
       3
       1
       5
       2
       1
       0
       0
       1
       0
       1
       0
       0
       0
       3
       2
       0
       0
       2
       1
       1
       0
       0
       4
       0
       0
       1
       1
       3
       2
       0
       2
       1
       2
       0
       2
       3
       2
       1
       1
       1
       4
       0
       1
       0
       3
       1
       3
       1
       2
       2
       1
       0
       0
       2
       5
       0
       4
       1
       2
       1
       4
       4
       4
       0
       3
       1
       3
       0
       1
       4
       5
       0
       2
       0
       2
       0
       4
       2
       0
       4
       0
       1
       0
       1
       0
       1
       1
       1
       1
       1
       3
       1
       2
       3
       2
       0
       2
       0
       0
       2
       3
       2
       0
       2
       0
       2
       1
       0
       0
       2
       1
       2
       2
       1
       1
       1
       0
       3
       2
       2
       1
       1
       1
       1
       1
       2
       0
       0
       3
       1
       3
       0
       2
       3
       4
       0
       1
       1
       1
       1
       1
       0
       2
       2
       2
       4
       4
       1
       3
       2
       2
       0
       0
       1
       1
       3
       3
       0
       3
       0
       2
       1
       1
       2
       0
       0
       2
       0
       2
       5
       2
       3
       1
       1
       2
       2
       1
       3
       1
       2
       0
       2
       2
       4
       0
       2
       3
       2
       0
       2
       3
       2
       3
       2
       0
       1
       1
       2
       2
       5
       1
       4
       0
       6
       2
       2
       3
       2
       1
       2
       2
       1
       2
       3
       2
       2
       0
       1
       7
       2
       5
       1
       0
       1
       3
       2
       0
       0
       4
       4
       1
       1
       2
       2
       1
       1
       3
       1
       1
       1
       2
       1
       1
       0
       4
       3
       3
       3
       0
       3
       4
       2
       2
       5
       1
       1
       3
       2
       1
       5
       1
       3
       0
       1
       2
       1
       1
       0
       0
       0
       3
       2
       1
       1
       0
       3
       2
       1
       0
       2
       4
       0
       1
       0
       3
       3
       1
       3
       2
       5
       3
       2
       2
       1
       2
       2
       2
       3
       1
       1
       2
       4
       0
       2
       4
       0
       1
       0
       2
       3
       3
       1
       3
       1
       1
       2
       5
       0
       5
       0
       1
       1
       3
       1
       1
       1
       2
       0
       2
       4
       2
       2
       4
       0
       0
       0
       1
       2
       2
       2
       3
       0
       2
       4
       3
       0
       2
       3
       2
       2
       1
       3
       4
       2
       2
       2
       3
       1
       1
       2
       1
       5
       4
       1
       4
       1
       3
       3
       2
       5
       1
       3
       3
       1
       3
       7
       2
       1
       4
       3
       4
       3
       2
       4
       3
       2
       0
       1
       4
       3
       2
       2
       1
       6
       3
       1
       2
       2
       1
       1
       2
       4
       1
       1
       6
       2
       3
       1
       3
       2
       4
       1
       1
       3
       4
       3
       8
       4
       2
       2
       5
       2
       5
       3
       1
       2
       3
       1
       3
       1
       0
       4
       3
       4
       2
       3
       6
       3
       2
       3
       3
       2
       1
       1
       4
       1
       0
       3
       2
       3
       0
       2
       1
       2
       1
       3
       1
       1
       3
       0
       3
       4
       5
       2
       3
       4
       2
       4
       1
       4
       2
       2
       2
       1
       3
       3
       3
       1
       2
       3
       0
       1
       8
       1
       4
       2
       1
       3
       3
       2
       1
       4
       1
       1
       6
       5
       2
       0
       3
       1
       2
       3
       1
       2
       3
       3
       2
       2
       3
       4
       3
       6
       3
       5
       3
       1
       6
       4
       1
       3
       3
       1
       2
       1
       4
       2
       1
       6
       4
       2
       4
       2
       2
       2
       4
       1
       4
       1
       3
       0
       6
       1
       1
       2
       3
       5
       3
       2
       2
       3
       5
       1
       3
       4
       6
       4
       1
       1
       1
       4
       2
       4
       7
       2
       8
       0
       1
       1
       1
       4
       3
       5
       3
       5
       1
       2
       3
       2
       4
       4
       1
       3
       3
       2
       2
       2
       1
       0
       2
       3
       5
       2
       1
       2
       3
       4
       3
       2
       0
       0
       0
       5
       0
       5
       0
       7
       0
       4
       9
       1
       1
       3
       4
       0
       1
       2
       4
       4
       4
       1
       3
       3
       2
       1
       5
       2
       2
       2
       3
       2
       2
       4
       2
       3
       0
       1
       2
       2
       3
       3
       3
       3
       4
       1
       1
       3
       5
       0
       1
       1
       0
       2
       3
       3
       2
       0
       2
       4
       3
       2
       3
       2
       2
       0
       3
       2
       5
       2
       3
       4
       0
       3
       2
       5
       3
       2
       1
       2
       6
       1
       3
       1
       3
       2
       1
       0
       1
       2
       1
       2
       1
       2
       4
       3
       2
       1
       4
       2
       5
       4
       3
       4
       2
       2
       0
       1
       3
       1
       4
       1
       2
       3
       3
       0
       6
       1
       3
       4
       1
       1
       2
       2
       4
       1
       1
       3
       2
       2
       1
       1
       3
       4
       3
       4
       3
       2
       0
       1
       5
       2
       0
       5
       4
       4
       1
       0
       3
       1
       2
       2
       4
       2
       1
       1
       0
       3
       3
       2
       4
       2
       3
       4
       1
       2
       1
       2
       2
       2
       3
       2
       4
       1
       4
       0
       2
       2
       2
       4
       2
       7
       3
       6
       1
       3
       3
       2
       2
       2
       0
       3
       5
       1
       2
       1
       0
       1
       0
       1
       2
       1
       5
       4
       2
       1
       1
       4
       4
       2
       2
       1
       3
       1
       3
       3
       2
       1
       1
       4
       4
       3
       6
       3
       3
       3
       1
       2
       2
       3
       0
       1
       3
       3
       3
       2
       6
       4
       3
       2
       4
       0
       1
       4
       3
       3
       3
       3
       2
       4
       4
       4
       0
       3
       4
       2
       3
       3
       1
       0
       2
       4
       1
       3
       4
       1
       3
       1
       2
       4
       5
       4
       0
       1
       2
       2
       2
       1
       4
       0
       1
       3
       3
       1
       1
       2
       3
       1
       1
       3
       0
       1
       0
       1
       2
       1
       1
       4
       4
       3
       5
       3
       3
       2
       3
       5
       4
       2
       7
       5
       3
       1
       3
       4
       4
       1
       3
       0
       0
       4
       2
       3
       3
       3
       5
       2
       4
       2
       3
       5
       2
       3
       4
       5
       2
       5
       5
       4
       1
       5
       4
       3
       3
       1
       1
       6
       2
       2
       6
       0
       2
       2
       2
       3
       6
       2
       4
       3
       5
       7
       4
       5
       3
       5
       5
       2
       7
       4
       5
      10
       3
       7
       2
       6
       3
       5
       2
       7
       3
       9
       5
       4
       8
      10
       5
       4
       5
       5
       6
       3
       9
       6
       4
       5
       6
       8
       5
       4
       8
       9
       9
       7
       6
       9
       5
       7
       7
       4
       2
       6
       9
       4
       8
       5
       8
       6
       6
       5
       8
       2
       1
       7
       5
       3
       4
       5
       7
       3
       6
       7
       4
       6
       5
       5
      10
       5
      14
       5
      10
       5
       5
      10
      10
       6
       5
       4
       6
       2
       8
       6
       6
       9
      10
       3
       2
       9
       5
       9
       7
       6
       7
       7
       5
       9
       4
       4
       7
       5
       5
       4
       2
       9
       6
       2
       5
       4
       4
       6
       5
       6
       2
       6
       3
       8
      11
       5
       7
       8
       6
       6
       4
       9
       5
       8
       5
       6
       5
       6
       6
       4
       6
       9
       4
       6
       6
       7
      11
       3
      12
       7
       9
       6
       8
       8
       7
      18
      10
       5
       6
       8
      11
       7
      15
      12
       5
       8
      11
       8
      10
       8
       9
       9
       9
      14
      16
       7
      12
      14
      13
      13
       9
      19
      12
      10
      22
      24
      16
      12
      10
      14
      14
      15
      16
      22
      15
      27
      18
      23
      26
      41
      25
      26
      24
      42
      20
      31
      41
      28
      30
      37
      38
      42
      39
      53
      45
      43
      50
      55
      50
      56
      48
      56
      57
      59
      57
      71
      73
      55
      74
      86
      82
      81
      90
      93
     101
      74
     103
      92
     121
     117
     122
     133
     127
     133
     127
     137
     147
     151
     153
     162
     157
     170
     165
     171
     161
     178
     174
     167
     195
     215
     212
     174
     213
     232
     207
     242
     272
     242
     263
     279
     272
     296
     288
     282
     301
     307
     337
     325
     337
     345
     345
     356
     377
     386
     374
     390
     339
     381
     434
     361
     397
     389
     437
     376
     420
     449
     431
     432
     426
     415
     456
     442
     452
     444
     426
     444
     463
     490
     457
     491
     477
     451
     469
     466
     452
     438
     446
     456
     464
     453
     413
     454
     432
     458
     462
     430
     432
     430
     433
     437
     408
     437
     409
     392
     417
     398
     385
     375
     380
     370
     367
     356
     360
     367
     376
     355
     365
     343
     344
     288
     327
     334
     316
     285
     279
     269
     274
     257
     237
     276
     234
     238
     216
     182
     202
     193
     214
     173
     165
     165
     188
     170
     157
     157
     150
     149
     142
     143
     133
     139
     138
     127
     117
      98
     108
     110
     123
      94
      82
      93
      75
      91
      90
      82
      72
      69
      72
      58
      64
      58
      49
      63
      42
      36
      38
      45
      49
      32
      26
      32
      38
      29
      37
      33
      24
      28
      22
      24
      25
      17
      15
      18
       8
      10
      11
       8
       9
      12
       4
      10
      10
       4
      13
       4
       4
       9
       4
       6
       8
       6
       2
       3
       2
       2
       0
       2
       1
       2
       1
       0
       3
       4
       0
       4
       0
       0
       2
       0
       0
       0
       2
       0
       0
       2
       0
       0
       0
       0
       0
       1
       0
       0
       0
       0
       0
       0
       0
       1
       0
       0
       0
       0
       1
       1
       0
       0
       0
       0
       2
       0
       0
       0
       0
       0
       0
       0
       0
       0
       0
       0
       0
       0
       0
       0
       0
       0
       0
       0
       0
       0
       0
       0
       0
       0
       0
       0
       0
       0
       0
       0
       0
       0
       0
       0
       0
       0
       0
       0
       0
       0
       0
       0
       0
       0
       0
       0
       0
       0
       0
       0
       0
       0
       0
       0
       0
       0
       0
       0
       0
       0
       0
       0
       0
       0
       0
       0
       0
       0
       0
       0
       0
       0
       0
       0
       0
       0
       0
       0
       0
       0
       0
       0
       0
       0
       1
       0
       0
       0
       0
       0
       0
       0
       0
       0
       0
       1
       0
       0
       0
       0
       0
       0
       0
       0
       0
       0
       0
       0
       0
       1
       0
       0
       0
       0
       0
       0
       0
       0
       0
       0
       0
       0
       0
       0
       0
       0
       0
       0
       0
       0
       0
       0
       0
       0
       0
       0
       0
       0
       0
       0
       0
       0
       0
       0
       0
       0
       0
       0
       0
       0
       0
       0
       0
       0
       0
       0
       0
       2
       0
       0
       0
       0
       0
       0
       0
       0
       0
       0
       0
       0
       0
       1
       0
       0
       0
       0
       0
       0
       0
       0
       0
       0
       0
       0
       0
       0
       0
       0
       0
       0
       0
       0
       0
       0
       0
       0
       0
       0
       0
       0
       1
       0
       0
       0
       0
       0
       0
       0
       0
       0
       0
       0
       1
       0
       0
       0
       0
       0
       0
       0
       0
       0
       0
       0
       1
       0
       0
       0
       0
       0
       0
       0
       0
       0
       0
       0
       0
       0
       0
       0
       0
       0
       0
       0
       0
       0
       0
       0
       0
       0
       0
       0
       0
       0
       0
       0
       0
       0
       0
       1
       0
       0
       0
       0
       0
       0
       0
       0
       0
       0
       0
       0
       0
       0
       0
       0
       0
       0
       0
       0
       0
       0
       0
       0
       0
       0
       0
       0
       1
       1
       0
       0
       0
       0
       0
       0
       0
       0
       0
       0
       0
       0
       0
       0
       0
       0
       0
       0
       0
       0
       0
       0
       0
       0
       0
       0
       0
       0
       0
       0
       0
       0
       0
       0
       0
       0
       0
       0
       0
       0
       0
       0
$ROI:
0
$PRESETS:
Live Time
120
0
$ENER_FIT:
0.000000 0.002526
$MCA_CAL:
3
0.000000E+000 2.525835E-003 0.000000E+000 keV
$SHAPE_CAL:
3
0.000000E+000 0.000000E+000 0.000000E+000
