$SPEC_ID:
No sample description was entered.
$SPEC_REM:
DET# 1
DETDESC# 
AP# Maestro Version 6.08
$DATE_MEA:
09/21/2017 09:30:08
$MEAS_TIM:
120 120
$DATA:
0 2047
       0
       0
       0
       0
       0
       0
       0
       0
       0
       0
       0
       0
       0
       0
       0
       0
       0
       0
       0
       0
       0
       0
       0
       0
       0
       0
       0
       0
       0
       0
       0
       0
       0
       0
       0
       0
       0
       0
       0
       0
       0
       0
       0
       0
       0
       0
       0
       0
       0
       0
       0
       0
       0
       0
       0
       0
       0
       0
       0
       0
       0
       0
       0
       0
       0
       0
       0
       0
       0
       0
       0
       0
       0
       0
       0
       0
       0
       0
       0
       0
       0
       0
       0
       0
       0
       0
       0
       0
       0
       0
       0
       0
       0
       0
       0
       0
       0
       0
       0
       0
       0
       0
       0
       0
       0
       0
       0
       0
       0
       0
       0
       0
       0
       0
       0
       0
       0
       0
       0
       0
       0
       0
       0
       0
       0
       0
       0
       0
       0
       0
       0
       0
       0
       0
       0
       0
       0
       0
       0
       0
       0
       0
       0
       0
       0
       0
       0
       0
       0
       0
       0
       0
       0
       0
       0
       0
       0
       0
       0
       0
       0
       0
       0
       0
       0
       0
       0
       0
       0
       0
       0
       0
       0
       0
       0
       0
       0
       0
       0
       0
       0
       0
       0
       0
       0
       0
       0
       0
       0
       0
       0
       0
       0
       0
       0
       0
       0
       0
       3
       1
       1
       4
       1
       1
       1
       3
       3
       2
       1
       2
       4
       5
       1
       1
       2
       1
       3
       1
       3
       4
       0
       2
       5
       3
       6
       3
       6
       3
       4
       2
       2
       1
       1
       2
       5
       3
       3
       1
       2
       1
       1
       0
       0
       1
       0
       1
       1
       2
       1
       4
       1
       0
       1
       1
       1
       3
       4
       0
       1
       3
       1
       2
       4
       1
       5
       0
       1
       1
       3
       3
       2
       2
       4
       4
       4
       1
       3
       1
       4
       0
       2
       2
       3
       5
       2
       1
       2
       3
       1
       2
       3
       1
       2
       5
       1
       3
       3
       1
       1
       3
       3
       3
       0
       0
       3
       5
       0
       3
       1
       2
       0
       1
       2
       1
       2
       2
       3
       4
       0
       2
       2
       3
       1
       2
       3
       3
       3
       2
       1
       4
       3
       0
       1
       4
       0
       2
       1
       2
       0
       7
       2
       2
       0
       1
       5
       3
       3
       4
       2
       2
       3
       0
       2
       3
       4
       5
       3
       3
       2
       3
       0
       1
       2
       3
       4
       3
       3
       3
       3
       0
       1
       0
       3
       2
       2
       1
       1
       3
       1
       3
       1
       0
       1
       3
       3
       2
       0
       3
       3
       3
       4
       2
       2
       3
       1
       2
       0
       1
       2
       2
       1
       4
       2
       1
       2
       2
       1
       1
       2
       3
       3
       2
       2
       3
       0
       0
       0
       1
       1
       1
       0
       2
       3
       3
       3
       4
       3
       4
       2
       1
       2
       3
       3
       2
       1
       1
       2
       3
       0
       0
       2
       3
       2
       3
       1
       1
       1
       2
       6
       3
       0
       1
       3
       2
       2
       2
       3
       2
       1
       2
       3
       2
       0
       3
       1
       3
       2
       1
       1
       1
       3
       1
       2
       1
       1
       2
       1
       7
       2
       3
       3
       3
       3
       3
       2
       1
       5
       4
       3
       0
       2
       0
       1
       2
       1
       2
       1
       4
       4
       2
       2
       0
       3
       5
       3
       3
       3
       4
       1
       0
       0
       5
       1
       0
       3
       0
       0
       4
       2
       2
       4
       1
       2
       2
       3
       2
       2
       1
       2
       5
       1
       3
       4
       1
       4
       1
       2
       0
       0
       0
       0
       1
       6
       3
       0
       2
       0
       4
       1
       1
       1
       1
       3
       4
       0
       1
       5
       2
       2
       2
       3
       4
       1
       4
       4
       3
       3
       2
       1
       1
       2
       2
       2
       2
       0
       2
       4
       0
       3
       2
       5
       2
       3
       2
       2
       1
       1
       4
       1
       2
       7
       1
       3
       0
       6
       1
       1
       1
       0
       1
       1
       2
       5
       1
       0
       3
       4
       3
       1
       1
       2
       1
       1
       1
       5
       1
       4
       0
       1
       3
       2
       0
       2
       0
       1
       2
       2
       1
       2
       2
       2
       2
       4
       2
       1
       2
       1
       0
       2
       1
       0
       1
       2
       1
       2
       2
       3
       2
       3
       0
       4
       2
       0
       1
       1
       1
       5
       1
       0
       1
       0
       1
       4
       2
       4
       2
       4
       1
       1
       3
       0
       3
       0
       2
       3
       2
       2
       6
       2
       1
       2
       4
       5
       2
       3
       1
       0
       4
       2
       1
       3
       0
       2
       2
       6
       2
       4
       1
       1
       2
       1
       5
       4
       2
       2
       3
       2
       3
       2
       3
       3
       2
       1
       3
       2
       1
       3
       3
       2
       0
       4
       3
       3
       2
       2
       3
       1
       1
       3
       0
       0
       1
       4
       4
       1
       1
       2
       1
       2
       1
       2
       5
       1
       1
       4
       2
       4
       5
       1
       3
       3
       2
       3
       3
       2
       2
       3
       6
       5
       3
       5
       1
       1
       2
       3
       2
       3
       2
       1
       2
       4
       2
       2
       1
       2
       3
       2
       2
       1
       6
       3
       2
       3
       2
       2
       7
       3
       2
       5
       4
       1
       0
       5
       0
       2
       3
       3
       0
       2
       5
       0
       0
       0
       4
       4
       4
       6
       3
       3
       2
       1
       2
       2
       4
       4
       3
       2
       0
       3
       2
       3
       2
       4
       3
       1
       2
       1
       3
       3
       4
       3
       2
       1
       2
       3
       4
       2
       2
       1
       4
       2
       3
       2
       1
       1
       2
       0
       3
       2
       1
       3
       6
       2
       3
       2
       1
       3
       1
       2
       1
       2
       1
       2
       7
       2
       2
       0
       3
       2
       3
       1
       1
       1
       2
       3
       4
       3
       2
       5
       2
       4
       4
       4
       3
       1
       1
       3
       4
       3
       1
       6
       2
       2
       1
       0
       2
       3
       1
       3
       2
       4
       6
       2
       3
       1
       1
       1
       1
       4
       1
       8
       0
       1
       0
       3
       2
       4
       1
       1
       1
       3
       4
       1
       4
       2
       4
       4
       4
       4
       5
       5
       3
       0
       2
       4
       1
       0
       3
       0
       3
       2
       1
       2
       3
       2
       2
       1
       3
       4
       2
       3
       1
       1
       3
       4
       3
       3
       0
       4
       2
       0
       2
       3
       1
       1
       2
       2
       2
       4
       3
       4
       4
       4
       2
       4
       7
       1
       6
       3
       1
       2
       4
       5
       6
       6
       1
       3
       0
       1
       3
       4
       0
       2
       2
       3
       1
       2
       2
       3
       3
       2
       3
       1
       5
       2
       1
       0
       1
       1
       6
       1
       4
       4
       5
       3
       2
       2
       5
       4
       4
       4
       1
       1
       2
       1
       2
       5
       1
       0
       4
       1
       1
       2
       0
       4
       5
       1
       3
       1
       3
       1
       4
       3
       2
       2
       3
       2
       5
       1
       1
       4
       4
       0
       2
       3
       1
       3
       1
       3
       1
       1
       3
       3
       4
       2
       3
       0
       2
       1
       3
       1
       4
       4
       3
       1
       5
       2
       2
       2
       2
       7
       1
       2
       5
       4
       2
       4
       4
       4
       3
       6
       1
       1
       1
       2
       2
       1
       2
       4
       2
       2
       2
       2
       2
       4
       4
       3
       1
       2
       4
       2
       2
       2
       5
       4
       3
       1
       2
       3
       3
       4
       5
       2
       5
       1
       4
       2
       2
       4
       1
       3
       5
       2
       3
       5
       1
       5
       2
       1
       5
       1
       1
       2
       3
       1
       4
       2
       3
       5
       4
       2
       0
       2
       1
       4
       4
       3
       3
       2
       1
       3
       4
       1
       3
       3
       3
       2
       1
       1
       3
       2
       2
       6
       4
       4
       1
       2
       6
       3
       4
       2
       1
       2
       3
       3
       4
       5
       3
       1
       3
       1
       6
       4
       4
       4
       3
       3
       2
       4
       4
       1
       1
       0
       1
       3
       8
       3
       7
       1
       6
       1
       3
       4
       2
       2
       3
       3
       5
       0
       4
       3
       6
       4
       4
       2
       5
       5
       3
       6
       2
       4
       3
       4
       5
       3
       5
       4
       6
       4
       2
       5
       1
       4
       7
       7
       7
       3
       4
      11
       4
       7
       5
       5
       6
       5
       4
       5
       7
       3
       5
      11
       4
       5
       6
       9
       2
       5
       4
       8
       3
       9
      10
       6
       2
       1
       4
       5
       6
       4
       6
       4
       5
       9
       5
       3
       3
       5
       5
       5
       5
       4
       2
       8
       7
       3
       5
      11
       1
       5
       7
      11
       7
       5
       9
       3
       5
       1
       8
       5
      10
       5
       4
       8
       9
       6
       7
       6
       5
       5
       4
       5
       8
       3
       2
       3
       3
       3
      10
       7
       4
       4
       6
       6
       7
       7
       5
       9
       5
       7
       4
      11
       3
       9
       6
       7
       7
       2
       4
       7
       6
       8
       8
       6
       8
       3
       3
       7
      11
       3
       6
       9
       7
       6
       3
       7
       7
       5
       7
       7
       2
       6
       7
       4
       9
       9
       8
       9
       6
       2
       8
       5
       5
       6
      10
       8
       6
       6
      12
      12
       7
       7
      12
      11
      17
       6
      11
      12
       9
      13
      11
      12
      10
      15
      14
      12
      10
       9
       8
      16
      19
      11
      13
      20
      16
      18
      18
      19
      19
      19
      24
      18
      18
      23
      23
      21
      17
      22
      22
      24
      34
      25
      34
      33
      34
      26
      42
      25
      29
      26
      48
      42
      44
      42
      42
      33
      58
      45
      70
      59
      54
      53
      50
      61
      73
      55
      61
      70
      75
      83
      86
      87
      91
      85
      78
     102
      87
      89
     111
     106
     106
     108
     117
     117
     152
     140
     136
     156
     143
     123
     155
     140
     172
     201
     182
     191
     179
     212
     202
     213
     196
     218
     203
     232
     250
     252
     242
     257
     245
     270
     270
     282
     261
     311
     304
     326
     302
     329
     360
     296
     329
     358
     354
     363
     389
     389
     389
     360
     413
     399
     396
     408
     400
     400
     422
     466
     392
     438
     425
     439
     428
     417
     441
     446
     464
     454
     461
     457
     449
     412
     460
     480
     494
     473
     451
     452
     446
     439
     481
     494
     444
     457
     460
     466
     438
     440
     442
     456
     456
     480
     402
     427
     411
     409
     417
     386
     389
     396
     346
     384
     404
     405
     340
     350
     335
     314
     302
     362
     324
     303
     323
     269
     310
     274
     267
     273
     264
     265
     259
     241
     225
     218
     208
     193
     214
     210
     212
     217
     193
     176
     159
     155
     162
     130
     158
     127
     143
     171
     140
     105
     114
     131
     124
     109
     124
      98
      96
      82
      99
      78
      76
      84
      84
      63
      74
      70
      51
      56
      53
      52
      58
      47
      57
      51
      48
      45
      28
      28
      34
      36
      34
      29
      31
      27
      32
      19
      23
      18
      13
      26
      16
      13
      15
      10
      11
       9
      16
       8
      13
       7
       8
       6
       7
       4
       7
       8
       8
       5
       5
       2
       2
       5
       0
       2
       2
       2
       3
       3
       0
       1
       2
       1
       0
       1
       3
       0
       0
       0
       0
       0
       1
       0
       0
       0
       0
       0
       0
       0
       0
       0
       0
       0
       0
       1
       0
       0
       0
       0
       0
       1
       0
       0
       0
       0
       0
       0
       1
       0
       0
       0
       0
       0
       0
       0
       0
       0
       0
       0
       0
       0
       0
       0
       0
       0
       0
       0
       0
       0
       1
       0
       0
       0
       0
       0
       0
       0
       0
       0
       0
       0
       0
       0
       0
       0
       0
       0
       0
       0
       0
       0
       0
       0
       0
       0
       0
       0
       0
       0
       0
       0
       0
       0
       0
       0
       0
       0
       0
       0
       0
       0
       0
       0
       0
       0
       0
       0
       0
       0
       0
       0
       0
       0
       0
       0
       1
       0
       0
       0
       0
       0
       0
       0
       0
       0
       0
       0
       0
       0
       0
       0
       0
       0
       0
       0
       0
       0
       0
       0
       0
       0
       0
       0
       0
       0
       0
       0
       0
       0
       0
       0
       0
       0
       0
       0
       0
       0
       0
       0
       0
       0
       0
       1
       0
       0
       0
       0
       0
       0
       0
       0
       1
       0
       0
       0
       0
       0
       0
       1
       0
       0
       0
       0
       0
       0
       0
       0
       0
       0
       0
       0
       0
       0
       0
       0
       0
       0
       0
       0
       0
       0
       0
       0
       0
       0
       0
       0
       0
       0
       0
       0
       0
       1
       0
       0
       0
       0
       0
       0
       0
       0
       0
       0
       0
       0
       0
       0
       0
       0
       0
       0
       0
       0
       0
       0
       0
       0
       0
       0
       0
       0
       2
       0
       0
       0
       0
       0
       0
       0
       0
       0
       0
       0
       0
       0
       0
       0
       0
       0
       0
       0
       0
       0
       0
       0
       0
       0
       0
       0
       0
       0
       0
       0
       0
       0
       0
       0
       0
       0
       0
       0
       0
       0
       0
       0
       0
       0
       0
       0
       0
       0
       0
       1
       0
       0
       0
       0
       0
       0
       0
       0
       0
       0
       0
       0
       0
       0
       0
       0
       0
       0
       0
       0
       0
       0
       0
       0
       0
       0
       0
       0
       0
       0
       0
       0
       0
       1
       0
       0
       0
       0
       0
       0
       0
       0
       0
       0
       0
       0
       0
       0
       0
       0
       0
       0
       0
       0
       0
       0
       0
       0
       0
       0
       0
       0
       0
       0
       0
       0
       0
       0
       0
       0
       0
       0
       0
       0
       0
       0
       0
$ROI:
0
$PRESETS:
Live Time
120
0
$ENER_FIT:
0.000000 0.002526
$MCA_CAL:
3
0.000000E+000 2.525835E-003 0.000000E+000 keV
$SHAPE_CAL:
3
0.000000E+000 0.000000E+000 0.000000E+000
