$SPEC_ID:
No sample description was entered.
$SPEC_REM:
DET# 1
DETDESC# 
AP# Maestro Version 6.08
$DATE_MEA:
09/21/2017 09:34:09
$MEAS_TIM:
120 120
$DATA:
0 2047
       0
       0
       0
       0
       0
       0
       0
       0
       0
       0
       0
       0
       0
       0
       0
       0
       0
       0
       0
       0
       0
       0
       0
       0
       0
       0
       0
       0
       0
       0
       0
       0
       0
       0
       0
       0
       0
       0
       0
       0
       0
       0
       0
       0
       0
       0
       0
       0
       0
       0
       0
       0
       0
       0
       0
       0
       0
       0
       0
       0
       0
       0
       0
       0
       0
       0
       0
       0
       0
       0
       0
       0
       0
       0
       0
       0
       0
       0
       0
       0
       0
       0
       0
       0
       0
       0
       0
       0
       0
       0
       0
       0
       0
       0
       0
       0
       0
       0
       0
       0
       0
       0
       0
       0
       0
       0
       0
       0
       0
       0
       0
       0
       0
       0
       0
       0
       0
       0
       0
       0
       0
       0
       0
       0
       0
       0
       0
       0
       0
       0
       0
       0
       0
       0
       0
       0
       0
       0
       0
       0
       0
       0
       0
       0
       0
       0
       0
       0
       0
       0
       0
       0
       0
       0
       0
       0
       0
       0
       0
       0
       0
       0
       0
       0
       0
       0
       0
       0
       0
       0
       0
       0
       0
       0
       0
       0
       0
       0
       0
       0
       0
       0
       0
       0
       0
       0
       0
       0
       0
       0
       0
       0
       0
       0
       0
       0
       0
       0
       0
       1
       2
       4
       5
       3
       3
       4
       3
       2
       0
       0
       1
       1
       0
       1
       0
       2
       2
       3
       4
       0
       1
       1
       1
       1
       0
       1
       2
       0
       1
       2
       1
       2
       1
       2
       4
       4
       1
       2
       1
       1
       2
       5
       1
       2
       1
       0
       3
       2
       1
       1
       1
       1
       1
       3
       3
       1
       0
       1
       3
       4
       3
       1
       1
       4
       0
       1
       3
       0
       0
       1
       0
       0
       1
       0
       4
       1
       1
       2
       0
       1
       1
       3
       1
       1
       0
       3
       1
       1
       2
       1
       0
       4
       3
       0
       0
       2
       3
       4
       3
       1
       4
       1
       0
       1
       2
       1
       1
       0
       2
       1
       0
       1
       3
       1
       0
       2
       0
       2
       2
       1
       2
       2
       2
       2
       1
       1
       1
       1
       3
       5
       2
       1
       2
       1
       1
       5
       2
       1
       1
       4
       0
       5
       3
       1
       3
       1
       1
       1
       0
       1
       4
       1
       1
       1
       1
       0
       4
       3
       1
       3
       2
       2
       3
       2
       2
       1
       3
       2
       2
       3
       1
       2
       3
       3
       2
       3
       1
       3
       1
       3
       1
       4
       1
       3
       3
       0
       2
       3
       0
       1
       4
       1
       3
       1
       2
       1
       1
       1
       2
       0
       2
       0
       1
       1
       1
       2
       2
       3
       0
       4
       1
       1
       0
       1
       1
       1
       0
       1
       1
       4
       4
       1
       1
       2
       2
       2
       2
       0
       2
       2
       1
       2
       0
       0
       1
       2
       2
       1
       2
       1
       2
       1
       2
       1
       3
       2
       4
       1
       0
       4
       3
       3
       0
       2
       2
       1
       4
       1
       1
       1
       1
       1
       2
       1
       3
       2
       1
       1
       2
       5
       1
       4
       2
       2
       2
       1
       0
       3
       4
       1
       4
       3
       1
       2
       0
       2
       1
       1
       1
       3
       4
       2
       2
       4
       3
       5
       2
       2
       4
       5
       1
       0
       3
       3
       1
       3
       2
       0
       1
       2
       2
       2
       2
       5
       3
       2
       4
       1
       1
       2
       2
       3
       4
       2
       2
       3
       6
       4
       3
       3
       2
       1
       4
       2
       3
       3
       3
       2
       1
       4
       3
       2
       0
       0
       4
       2
       2
       1
       0
       2
       0
       5
       1
       2
       1
       3
       4
       3
       3
       3
       2
       0
       2
       2
       1
       2
       2
       0
       0
       4
       3
       1
       2
       4
       2
       4
       2
       1
       4
       3
       2
       2
       1
       2
       1
       1
       2
       4
       2
       1
       0
       1
       5
       1
       2
       3
       2
       5
       2
       3
       3
       2
       1
       4
       3
       2
       3
       1
       3
       0
       2
       3
       2
       1
       1
       1
       2
       3
       2
       1
       1
       2
       1
       1
       4
       3
       0
       2
       2
       0
       2
       3
       1
       2
       2
       2
       2
       6
       0
       3
       1
       1
       1
       1
       0
       2
       3
       1
       2
       2
       2
       0
       2
       1
       4
       1
       5
       3
       1
       1
       1
       2
       3
       1
       4
       1
       2
       3
       1
       4
       0
       3
       1
       1
       3
       3
       2
       1
       4
       1
       4
       0
       3
       5
       4
       0
       1
       3
       5
       4
       2
       1
       1
       1
       0
       4
       2
       2
       3
       2
       0
       4
       3
       2
       2
       2
       4
       5
       1
       1
       2
       0
       4
       6
       1
       2
       4
       5
       2
       0
       3
       1
       3
       1
       2
       0
       1
       1
       5
       4
       3
       2
       2
       4
       2
       1
       4
       3
       1
       4
       1
       1
       3
       0
       4
       4
       3
       3
       0
       2
       1
       3
       5
       2
       1
       1
       2
       2
       1
       4
       0
       0
       2
       2
       2
       1
       2
       0
       5
       4
       0
       3
       0
       4
       3
       0
       2
       1
       1
       2
       2
       1
       3
       3
       6
       2
       3
       2
       4
       1
       2
       4
       3
       2
       2
       2
       1
       0
       2
       3
       1
       4
       2
       5
       8
       1
       4
       1
       4
       3
       3
       2
       1
       4
       2
       4
       1
       0
       3
       1
       1
       4
       0
       4
       5
       1
       0
       3
       1
       5
       3
       5
       5
       6
       4
       3
       4
       2
       2
       4
       4
       3
       2
       2
       3
       3
       1
       2
       0
       5
       3
       2
       1
       1
       2
       1
       4
       3
       1
       2
       1
       2
       1
       3
       4
       2
       1
       1
       5
       6
       1
       1
       2
       4
       4
       1
       1
       1
       2
       5
       2
       3
       3
       2
       1
       2
       2
       3
       4
       2
       1
       5
       2
       2
       1
       2
       1
       1
       2
       1
       2
       2
       1
       1
       1
       2
       1
       2
       1
       2
       2
       1
       1
       3
       1
       4
       3
       1
       4
       2
       4
       3
       2
       1
       3
       2
       3
       1
       1
       2
       1
       3
       3
       3
       1
       2
       4
       5
       4
       2
       3
       0
       3
       2
       0
       2
       0
       5
       1
       5
       3
       3
       3
       2
       2
       2
       0
       2
       2
       0
       4
       2
       1
       3
       4
       3
       6
       3
       2
       2
       2
       1
       3
       2
       1
       0
       5
       1
       1
       1
       1
       1
       1
       4
       3
       0
       3
       4
       1
       3
       3
       4
       4
       2
       3
       2
       2
       2
       2
       1
       1
       3
       4
       6
       2
       7
       4
       3
       3
       3
       2
       4
       1
       2
       1
       1
       2
       5
       3
       2
       1
       5
       5
       1
       3
       2
       2
       3
       3
       4
       0
       3
       4
       1
       6
       2
       3
       3
       3
       2
       4
       1
       1
       0
       3
       2
       5
       2
       0
       3
       4
       2
       3
       6
       1
       0
       3
       1
       1
       0
       1
       2
       3
       2
       3
       3
       2
       5
       3
       4
       4
       0
       4
       2
       6
       2
       5
       3
       0
       5
       0
       4
       2
       3
       2
       4
       0
       2
       2
       2
       4
       1
       3
       3
       5
       4
       3
       1
       3
       5
       3
       3
       1
       2
       1
       3
       5
       5
       0
       2
       5
       0
       3
       3
       3
       3
       6
       7
       4
       1
       3
       1
       3
       1
       5
       0
       3
       2
       4
       5
       1
       3
       2
       3
       7
       3
       1
       2
       1
       1
       3
       3
       2
       2
       4
       2
       2
       1
       1
       6
       1
       2
       5
       4
       4
       4
       2
       0
       2
       1
       2
       3
       3
       7
       4
       1
       1
       3
       5
       4
       5
       3
       3
       4
       4
       5
       1
       3
       2
       3
       1
       3
       3
       8
       3
       3
       5
       2
       8
       1
       3
       4
       2
       3
       6
       4
       0
       6
       2
       2
       4
       2
       4
       2
       8
       3
       2
       4
       0
       3
       4
       2
       6
       1
       7
       4
       2
       4
       4
       5
       2
       4
       5
       1
       6
       2
       3
       1
       8
       6
       3
       4
       4
       7
       7
       2
       7
       6
       6
       6
       6
       8
       4
       1
       1
       5
       4
       3
       4
       7
       5
       6
       7
       4
       2
       8
       2
       3
       2
       8
       4
       5
       5
      10
       6
       5
       3
       7
       7
       4
       1
       4
       5
       4
       7
       6
       6
       7
       6
       4
       5
       6
       8
       5
      10
       6
       7
       7
       4
       8
       4
       8
       7
       3
       7
       5
       6
       4
       5
       6
       8
       5
       7
       3
       9
       3
       6
       8
       6
       6
       7
       8
       4
       2
       7
       7
       6
       7
       9
       6
       6
       4
       7
       5
       4
       3
       7
       4
       4
       6
       2
       5
      10
       4
       9
       9
       6
       9
      11
       7
      10
       7
       5
       7
       6
       7
       5
       7
       5
       6
       4
       7
       1
       7
       4
       7
       6
      11
       4
       9
       5
       6
       9
       3
       7
       6
       5
       9
       3
       8
      10
       4
       8
      10
      18
       3
      11
       7
       9
       3
       5
       8
       3
       5
       9
       7
       4
       9
      11
       5
       9
      10
       9
       8
       6
       7
       7
      17
      11
      12
      14
       9
      12
      15
      10
      13
      12
      18
      12
      14
      13
      16
      18
      16
       9
      15
      13
      17
      14
      18
      20
      16
      19
      22
      19
      23
      25
      30
      21
      27
      26
      24
      25
      30
      46
      37
      40
      24
      32
      37
      50
      36
      39
      37
      44
      57
      67
      52
      53
      42
      60
      58
      71
      58
      66
      91
      74
     102
      78
      86
      88
      85
     106
      96
     102
     101
     102
     123
     118
     126
     142
     137
     138
     123
     136
     128
     151
     147
     147
     160
     160
     170
     192
     196
     193
     189
     210
     215
     226
     215
     216
     238
     242
     256
     268
     276
     293
     280
     274
     296
     297
     297
     340
     315
     331
     306
     303
     325
     366
     313
     344
     348
     367
     363
     397
     384
     413
     399
     425
     403
     420
     429
     462
     425
     447
     429
     433
     453
     449
     460
     440
     441
     462
     461
     453
     488
     473
     442
     499
     516
     494
     489
     449
     451
     472
     469
     444
     472
     409
     473
     441
     447
     437
     386
     453
     407
     454
     416
     384
     451
     414
     422
     391
     393
     356
     345
     362
     421
     378
     345
     387
     343
     364
     293
     340
     300
     323
     334
     273
     304
     261
     277
     270
     262
     250
     256
     234
     236
     243
     206
     224
     211
     183
     209
     183
     174
     194
     182
     170
     156
     165
     146
     160
     176
     142
     120
     127
     125
     118
     133
      95
      93
      90
      91
      87
      79
      79
      93
      79
      69
      63
      71
      63
      67
      60
      65
      59
      57
      58
      35
      42
      34
      46
      32
      29
      24
      26
      27
      25
      29
      23
      20
      23
      30
      19
      26
      11
      18
      16
      12
      17
      14
      14
      10
      12
       9
      14
       3
       8
       6
       5
       2
       9
       0
       7
       3
       3
       2
       1
       3
       0
       1
       2
       1
       2
       1
       4
       1
       0
       3
       0
       0
       0
       0
       1
       1
       0
       0
       2
       0
       0
       0
       0
       1
       0
       1
       0
       0
       0
       0
       0
       0
       0
       0
       0
       0
       1
       0
       0
       0
       0
       0
       0
       0
       1
       0
       0
       0
       0
       0
       0
       0
       0
       0
       0
       0
       0
       0
       0
       0
       0
       0
       0
       0
       0
       0
       0
       0
       0
       0
       0
       0
       0
       0
       0
       0
       0
       0
       0
       0
       0
       0
       0
       0
       0
       0
       0
       0
       0
       0
       0
       0
       0
       0
       0
       0
       0
       0
       0
       0
       0
       0
       0
       0
       0
       0
       0
       0
       0
       0
       1
       0
       0
       0
       0
       0
       0
       0
       0
       0
       0
       1
       0
       0
       0
       0
       0
       0
       0
       0
       0
       0
       0
       0
       0
       0
       0
       0
       0
       0
       1
       0
       0
       0
       0
       0
       0
       0
       0
       0
       0
       0
       0
       0
       0
       0
       0
       0
       0
       0
       0
       0
       0
       0
       0
       0
       0
       0
       0
       0
       0
       0
       0
       0
       0
       0
       0
       0
       0
       0
       0
       0
       1
       0
       0
       0
       0
       0
       0
       0
       0
       0
       0
       0
       0
       0
       0
       0
       0
       0
       0
       0
       0
       0
       0
       0
       0
       0
       0
       0
       0
       0
       0
       0
       0
       0
       0
       0
       0
       0
       0
       0
       0
       0
       0
       0
       0
       0
       0
       0
       0
       0
       0
       0
       0
       0
       0
       0
       0
       0
       1
       0
       0
       0
       0
       0
       0
       0
       0
       0
       0
       0
       0
       0
       0
       0
       0
       0
       0
       0
       0
       0
       0
       0
       0
       0
       0
       0
       0
       0
       0
       0
       0
       0
       0
       0
       0
       0
       0
       0
       0
       0
       0
       0
       0
       0
       0
       0
       0
       1
       0
       0
       0
       0
       0
       0
       0
       0
       0
       0
       0
       0
       0
       0
       1
       0
       0
       1
       0
       0
       0
       0
       0
       0
       0
       0
       0
       0
       0
       0
       0
       0
       0
       0
       0
       0
       0
       0
       0
       0
       0
       0
       0
       0
       0
       0
       0
       0
       0
       0
       0
       0
       0
       0
       0
       0
       0
       0
       0
       0
       0
       0
       0
       0
       0
       0
       0
       0
       0
       0
       0
       0
       0
       0
       0
       0
       0
       0
       0
       0
       0
       0
       0
       0
       0
       0
       0
       0
$ROI:
0
$PRESETS:
Live Time
120
0
$ENER_FIT:
0.000000 0.002526
$MCA_CAL:
3
0.000000E+000 2.525835E-003 0.000000E+000 keV
$SHAPE_CAL:
3
0.000000E+000 0.000000E+000 0.000000E+000
