$SPEC_ID:
No sample description was entered.
$SPEC_REM:
DET# 1
DETDESC# 
AP# Maestro Version 6.08
$DATE_MEA:
09/21/2017 09:42:11
$MEAS_TIM:
120 120
$DATA:
0 2047
       0
       0
       0
       0
       0
       0
       0
       0
       0
       0
       0
       0
       0
       0
       0
       0
       0
       0
       0
       0
       0
       0
       0
       0
       0
       0
       0
       0
       0
       0
       0
       0
       0
       0
       0
       0
       0
       0
       0
       0
       0
       0
       0
       0
       0
       0
       0
       0
       0
       0
       0
       0
       0
       0
       0
       0
       0
       0
       0
       0
       0
       0
       0
       0
       0
       0
       0
       0
       0
       0
       0
       0
       0
       0
       0
       0
       0
       0
       0
       0
       0
       0
       0
       0
       0
       0
       0
       0
       0
       0
       0
       0
       0
       0
       0
       0
       0
       0
       0
       0
       0
       0
       0
       0
       0
       0
       0
       0
       0
       0
       0
       0
       0
       0
       0
       0
       0
       0
       0
       0
       0
       0
       0
       0
       0
       0
       0
       0
       0
       0
       0
       0
       0
       0
       0
       0
       0
       0
       0
       0
       0
       0
       0
       0
       0
       0
       0
       0
       0
       0
       0
       0
       0
       0
       0
       0
       0
       0
       0
       0
       0
       0
       0
       0
       0
       0
       0
       0
       0
       0
       0
       0
       0
       0
       0
       0
       0
       0
       0
       0
       0
       0
       0
       0
       0
       0
       0
       0
       0
       0
       0
       0
       0
       0
       0
       0
       0
       1
       3
       1
       1
       3
       2
       2
       1
       1
       0
       1
       2
       2
       1
       1
       2
       1
       0
       1
       0
       5
       0
       1
       1
       3
       2
       1
       0
       1
       3
       1
       0
       2
       2
       5
       0
       0
       1
       4
       3
       1
       2
       4
       1
       2
       3
       2
       1
       2
       0
       4
       1
       2
       2
       2
       2
       1
       3
       1
       1
       1
       3
       1
       1
       0
       1
       0
       4
       1
       4
       2
       2
       3
       3
       1
       1
       2
       0
       0
       0
       2
       2
       4
       0
       2
       1
       2
       3
       0
       0
       4
       3
       1
       3
       0
       0
       4
       2
       1
       1
       3
       1
       2
       0
       3
       2
       0
       2
       1
       1
       1
       1
       1
       3
       5
       3
       3
       3
       6
       1
       2
       3
       0
       2
       2
       0
       1
       0
       1
       0
       1
       1
       1
       2
       0
       0
       2
       2
       1
       1
       3
       0
       2
       1
       3
       0
       1
       2
       2
       2
       2
       1
       1
       1
       1
       2
       1
       2
       0
       4
       1
       1
       1
       2
       1
       1
       3
       3
       1
       1
       1
       1
       2
       5
       2
       2
       2
       1
       2
       5
       1
       3
       3
       0
       0
       1
       2
       0
       1
       1
       1
       0
       3
       2
       0
       2
       1
       0
       0
       3
       1
       1
       1
       1
       1
       3
       0
       3
       0
       1
       2
       2
       2
       0
       2
       1
       0
       1
       2
       2
       0
       4
       2
       2
       0
       2
       2
       2
       3
       2
       3
       4
       3
       3
       2
       1
       1
       1
       2
       2
       0
       1
       3
       0
       1
       3
       1
       1
       0
       2
       1
       2
       2
       0
       5
       1
       2
       1
       3
       1
       0
       1
       0
       3
       0
       3
       1
       4
       3
       1
       1
       1
       1
       2
       2
       1
       3
       3
       3
       3
       2
       3
       1
       3
       2
       1
       0
       1
       1
       0
       2
       1
       1
       0
       4
       2
       1
       0
       4
       0
       2
       0
       1
       1
       3
       3
       3
       2
       1
       2
       3
       1
       0
       2
       4
       0
       1
       3
       3
       2
       1
       3
       1
       4
       2
       0
       0
       3
       1
       3
       1
       2
       2
       1
       1
       1
       2
       2
       0
       4
       1
       1
       3
       1
       1
       0
       4
       2
       1
       1
       4
       3
       1
       3
       0
       1
       3
       3
       4
       2
       5
       1
       4
       0
       0
       3
       1
       1
       2
       0
       1
       2
       2
       2
       0
       0
       1
       2
       2
       3
       1
       2
       2
       3
       5
       2
       3
       1
       0
       3
       1
       0
       5
       2
       1
       1
       1
       3
       7
       1
       2
       0
       3
       0
       3
       3
       1
       2
       3
       0
       4
       1
       2
       2
       3
       1
       1
       1
       2
       0
       2
       3
       3
       2
       4
       1
       2
       4
       2
       2
       1
       3
       4
       2
       3
       3
       3
       1
       3
       2
       0
       1
       3
       0
       5
       2
       2
       0
       0
       1
       3
       4
       4
       0
       2
       1
       2
       2
       1
       5
       3
       2
       1
       2
       3
       2
       1
       1
       2
       3
       3
       2
       0
       2
       1
       3
       4
       2
       2
       1
       3
       2
       4
       3
       3
       0
       2
       1
       2
       3
       2
       2
       2
       2
       5
       2
       3
       5
       2
       2
       1
       4
       1
       2
       3
       1
       0
       4
       1
       1
       3
       2
       1
       1
       2
       5
       3
       1
       3
       0
       2
       4
       1
       3
       2
       2
       2
       0
       1
       4
       0
       0
       0
       4
       4
       2
       4
       2
       3
       2
       5
       4
       1
       3
       3
       1
       4
       5
       2
       3
       3
       1
       3
       2
       2
       0
       5
       0
       2
       2
       1
       0
       3
       0
       2
       4
       1
       4
       1
       2
       3
       0
       2
       2
       2
       1
       1
       1
       4
       3
       2
       2
       2
       2
       5
       1
       0
       3
       3
       0
       3
       0
       3
       1
       1
       2
       3
       5
       4
       4
       2
       3
       3
       1
       3
       1
       3
       1
       2
       4
       3
       4
       3
       1
       2
       3
       3
       1
       0
       2
       2
       1
       2
       0
       0
       1
       3
       4
       2
       4
       3
       2
       1
       2
       5
       4
       2
       3
       2
       4
       1
       3
       6
       1
       1
       3
       4
       2
       2
       1
       2
       4
       2
       4
       8
       2
       3
       1
       1
       4
       3
       4
       1
       3
       3
       4
       5
       3
       3
       4
       2
       2
       3
       6
       4
       5
       5
       2
       3
       4
       2
       1
       4
       1
       0
       0
       1
       4
       3
       0
       2
       0
       3
       0
       6
       3
       2
       2
       2
       0
       5
       3
       3
       3
       3
       2
       3
       2
       1
       1
       3
       4
       1
       3
       1
       3
       4
       2
       5
       1
       5
       1
       1
       2
       3
       5
       1
       5
       2
       1
       3
       1
       2
       2
       1
       2
       4
       3
       6
       2
       5
       4
       2
       3
       4
       2
       2
       3
       5
       2
       0
       4
       0
       1
       4
       1
       1
       1
       3
       3
       1
       2
       2
       3
       1
       3
       4
       3
       0
       6
       3
       1
       0
       2
       1
       3
       6
       3
       2
       3
       2
       0
       0
       4
       1
       1
       2
       0
       2
       0
       0
       2
       1
       2
       2
       5
       4
       2
       0
       0
       2
       3
       0
       3
       6
       2
       5
       3
       2
       1
       3
       3
       6
       2
       0
       4
       1
       4
       3
       3
       6
       4
       3
       0
       2
       4
       2
       6
       1
       1
       1
       4
       2
       2
       1
       6
       7
       2
       1
       6
       4
       4
       4
       2
       2
       4
       3
       1
       2
       4
       2
       0
       1
       2
       2
       7
       3
       0
       2
       1
       3
       0
       3
       1
       0
       4
       1
       2
       2
       2
       0
       5
       3
       4
       0
       0
       3
       2
       0
       2
       4
       5
       1
       2
       4
       7
       3
       3
       1
       1
       3
       1
       0
       2
       3
       0
       1
       3
       1
       2
       1
       4
       3
       3
       6
       4
       6
       4
       4
       0
       4
       1
       1
       3
       2
       2
       4
       1
       6
       2
       4
       2
       3
       2
       1
       5
       7
       1
       2
       3
       1
       5
       0
       2
       0
       5
       3
       1
       4
       0
       2
       4
       4
       0
       1
       6
       5
       1
       5
       1
       3
       0
       3
       2
       2
       3
       1
       3
       3
       3
       2
       0
       3
       2
       2
       3
       3
       3
       2
       5
       2
       0
       3
       4
       2
       3
       5
       4
       7
       5
       2
       1
       0
       5
       4
       1
       2
       6
       5
       5
       4
       4
       2
       5
       7
       4
       3
       3
       1
       3
       3
       5
       4
       2
       4
       5
       6
       5
       2
       6
       3
       0
       4
       3
       0
       2
       4
       3
       2
       6
       4
       1
       6
       3
       5
       6
       7
       4
       4
       5
       4
       7
       4
       4
       3
       9
       8
       6
       8
       3
       3
       4
       5
       3
       7
       2
       0
       5
       7
       5
       7
       7
       4
       7
       3
       6
       6
       7
       2
       4
       4
       6
       5
       2
       7
       7
       1
      10
       9
       7
       9
      10
       8
       9
       2
       8
       6
       5
       1
       5
       6
       5
       4
       7
       7
       5
       6
       5
      11
       5
       7
       5
       6
       4
       5
       8
      15
      14
       5
       5
      11
       7
       7
       7
       7
       8
       9
       7
       4
       4
       6
       7
      11
       5
       6
       5
       8
       3
       7
       2
       2
       4
       7
       8
       4
       8
       4
       3
      11
       6
       5
       4
       6
       8
       8
       6
      13
       6
       4
       3
       6
       3
      11
       4
       6
       3
       7
       8
       5
       7
       3
       4
       6
       8
       6
      13
       8
      11
       7
       7
       4
       4
       9
       3
       3
       7
       4
       9
       8
       5
      10
       9
      14
       4
       8
       7
       8
       8
       6
       7
       6
       9
       6
       7
       6
       9
       6
      10
       9
       8
       7
      12
      11
       8
       8
      13
      12
       7
      11
      15
       9
       9
       7
      18
      11
      13
      11
      13
      11
       8
      13
      10
      12
      12
      22
      14
      24
      14
      28
      23
      14
      17
      18
      21
      20
      19
      20
      28
      28
      31
      35
      31
      25
      34
      33
      40
      33
      26
      41
      43
      37
      38
      46
      36
      48
      48
      53
      45
      53
      56
      75
      60
      57
      63
      74
      68
      73
      74
      71
      73
      77
      90
      86
     102
      93
      91
     111
     122
     116
     125
     121
     130
     140
     152
     129
     138
     138
     157
     154
     144
     170
     187
     160
     191
     176
     190
     186
     192
     196
     207
     198
     246
     236
     238
     270
     238
     256
     293
     277
     271
     327
     281
     303
     285
     288
     349
     298
     323
     322
     337
     339
     366
     358
     402
     355
     339
     341
     393
     386
     360
     404
     411
     467
     368
     426
     412
     404
     448
     394
     416
     406
     467
     423
     422
     481
     450
     463
     428
     505
     457
     443
     494
     417
     466
     463
     459
     440
     443
     431
     438
     424
     461
     465
     438
     443
     442
     417
     445
     439
     417
     426
     420
     409
     378
     428
     365
     418
     377
     378
     363
     362
     339
     333
     320
     350
     364
     326
     322
     299
     305
     284
     312
     296
     251
     238
     270
     264
     251
     244
     268
     223
     242
     228
     206
     198
     216
     195
     205
     191
     169
     171
     165
     166
     151
     140
     147
     146
     150
     138
     121
     154
     112
     126
     134
      90
      97
      87
      82
      87
      71
      74
      75
      84
      87
      69
      63
      75
      84
      67
      61
      60
      43
      53
      48
      38
      54
      42
      35
      39
      31
      27
      32
      29
      32
      24
      20
      22
      29
      21
      20
      22
      20
      24
      18
      14
      11
      15
      10
      13
      14
       9
       8
       5
       8
       4
       9
       3
       4
       4
       2
       8
       4
       7
       5
       0
       4
       0
       1
       2
       0
       1
       2
       2
       0
       3
       1
       1
       0
       0
       0
       0
       0
       1
       0
       0
       2
       0
       1
       1
       0
       0
       1
       0
       0
       0
       0
       0
       0
       0
       0
       0
       0
       0
       0
       0
       0
       0
       0
       0
       0
       0
       0
       0
       0
       0
       0
       0
       0
       0
       0
       0
       0
       0
       0
       0
       0
       0
       0
       0
       0
       0
       0
       0
       0
       0
       0
       0
       0
       0
       0
       0
       0
       0
       0
       0
       0
       0
       0
       0
       0
       0
       0
       0
       0
       0
       0
       0
       0
       0
       0
       0
       0
       0
       0
       0
       0
       0
       0
       0
       0
       0
       0
       0
       0
       0
       0
       0
       0
       0
       0
       0
       0
       0
       0
       0
       0
       0
       0
       0
       0
       0
       0
       0
       0
       0
       0
       0
       0
       0
       0
       0
       0
       0
       0
       0
       0
       0
       0
       0
       0
       0
       0
       0
       0
       0
       0
       0
       0
       0
       0
       0
       0
       0
       0
       0
       0
       0
       0
       0
       0
       0
       0
       0
       0
       0
       0
       0
       0
       0
       0
       0
       0
       0
       0
       0
       0
       0
       0
       0
       0
       1
       0
       0
       0
       0
       0
       0
       0
       0
       0
       0
       0
       0
       0
       0
       0
       0
       0
       0
       1
       0
       0
       0
       0
       0
       0
       0
       0
       0
       0
       0
       0
       0
       0
       0
       0
       0
       0
       0
       0
       0
       0
       0
       0
       0
       0
       0
       0
       0
       0
       0
       0
       0
       0
       0
       0
       0
       0
       0
       0
       0
       0
       0
       0
       0
       0
       0
       0
       0
       0
       0
       0
       0
       0
       0
       0
       0
       0
       0
       0
       0
       0
       0
       0
       0
       0
       0
       0
       0
       0
       0
       0
       1
       0
       0
       0
       0
       0
       0
       0
       0
       0
       0
       0
       0
       0
       0
       0
       1
       0
       0
       0
       0
       0
       0
       0
       0
       0
       0
       0
       0
       0
       0
       0
       0
       0
       0
       0
       0
       0
       0
       0
       0
       0
       0
       0
       0
       0
       0
       0
       0
       0
       0
       0
       0
       0
       0
       0
       0
       0
       0
       0
       0
       0
       0
       0
       0
       0
       0
       0
       0
       0
       0
       0
       0
       0
       0
       0
       0
       0
       0
       0
       0
       0
       0
       0
       0
       0
       0
       0
       0
       0
       0
       0
       0
       0
       0
       0
       0
       0
       0
$ROI:
0
$PRESETS:
Live Time
120
0
$ENER_FIT:
0.000000 0.002526
$MCA_CAL:
3
0.000000E+000 2.525835E-003 0.000000E+000 keV
$SHAPE_CAL:
3
0.000000E+000 0.000000E+000 0.000000E+000
