$SPEC_ID:
No sample description was entered.
$SPEC_REM:
DET# 1
DETDESC# 
AP# Maestro Version 6.08
$DATE_MEA:
09/21/2017 09:38:10
$MEAS_TIM:
120 120
$DATA:
0 2047
       0
       0
       0
       0
       0
       0
       0
       0
       0
       0
       0
       0
       0
       0
       0
       0
       0
       0
       0
       0
       0
       0
       0
       0
       0
       0
       0
       0
       0
       0
       0
       0
       0
       0
       0
       0
       0
       0
       0
       0
       0
       0
       0
       0
       0
       0
       0
       0
       0
       0
       0
       0
       0
       0
       0
       0
       0
       0
       0
       0
       0
       0
       0
       0
       0
       0
       0
       0
       0
       0
       0
       0
       0
       0
       0
       0
       0
       0
       0
       0
       0
       0
       0
       0
       0
       0
       0
       0
       0
       0
       0
       0
       0
       0
       0
       0
       0
       0
       0
       0
       0
       0
       0
       0
       0
       0
       0
       0
       0
       0
       0
       0
       0
       0
       0
       0
       0
       0
       0
       0
       0
       0
       0
       0
       0
       0
       0
       0
       0
       0
       0
       0
       0
       0
       0
       0
       0
       0
       0
       0
       0
       0
       0
       0
       0
       0
       0
       0
       0
       0
       0
       0
       0
       0
       0
       0
       0
       0
       0
       0
       0
       0
       0
       0
       0
       0
       0
       0
       0
       0
       0
       0
       0
       0
       0
       0
       0
       0
       0
       0
       0
       0
       0
       0
       0
       0
       0
       0
       0
       0
       0
       0
       0
       0
       0
       0
       0
       1
       3
       2
       5
       5
       3
       6
       1
       1
       1
       3
       4
       3
       6
       3
       3
       1
       5
       1
       2
       0
       0
       3
       2
       0
       3
       2
       4
       3
       3
       2
       1
       2
       3
       3
       6
       2
       2
       1
       4
       3
       0
       4
       1
       1
       2
       1
       1
       2
       3
       2
       0
       2
       4
       2
       2
       1
       2
       2
       0
       0
       0
       1
       1
       3
       0
       1
       1
       0
       1
       1
       2
       0
       1
       2
       3
       3
       2
       2
       0
       1
       1
       1
       2
       1
       0
       2
       3
       1
       1
       0
       2
       2
       0
       3
       2
       2
       1
       3
       1
       0
       1
       2
       2
       2
       0
       2
       0
       4
       2
       2
       3
       2
       1
       1
       3
       2
       4
       1
       3
       2
       2
       0
       4
       1
       2
       2
       0
       0
       0
       5
       0
       0
       0
       7
       2
       1
       3
       2
       4
       1
       1
       4
       1
       5
       1
       1
       1
       4
       0
       2
       2
       1
       1
       2
       1
       1
       3
       4
       2
       3
       7
       3
       0
       0
       2
       1
       2
       0
       1
       3
       4
       0
       0
       3
       2
       4
       2
       3
       1
       1
       0
       1
       4
       2
       0
       2
       3
       2
       0
       4
       3
       2
       0
       0
       1
       3
       5
       0
       2
       1
       3
       3
       0
       2
       1
       2
       2
       1
       2
       1
       2
       1
       0
       4
       3
       2
       4
       2
       0
       0
       1
       3
       1
       1
       2
       0
       6
       4
       5
       0
       1
       1
       4
       4
       0
       2
       3
       0
       1
       1
       0
       1
       1
       0
       3
       4
       4
       1
       1
       0
       2
       1
       1
       1
       0
       2
       2
       0
       3
       2
       1
       1
       2
       1
       1
       0
       1
       2
       2
       3
       2
       1
       2
       3
       3
       5
       2
       2
       1
       3
       2
       1
       3
       3
       0
       1
       4
       1
       1
       0
       0
       2
       3
       2
       5
       2
       3
       4
       2
       1
       2
       5
       0
       5
       1
       0
       0
       4
       3
       1
       4
       2
       2
       0
       3
       2
       2
       2
       1
       2
       4
       1
       1
       0
       3
       1
       1
       3
       2
       1
       0
       5
       1
       0
       2
       4
       1
       3
       2
       2
       1
       4
       1
       1
       1
       0
       1
       2
       3
       5
       1
       2
       4
       5
       0
       1
       5
       0
       5
       0
       1
       2
       1
       2
       3
       0
       5
       1
       3
       0
       4
       1
       4
       1
       2
       4
       1
       1
       2
       2
       5
       1
       2
       2
       0
       5
       3
       3
       0
       3
       2
       5
       1
       1
       2
       5
       2
       2
       2
       5
       3
       2
       3
       6
       4
       3
       2
       5
       1
       1
       3
       1
       3
       0
       2
       1
       0
       3
       0
       6
       0
       1
       0
       2
       1
       1
       2
       4
       5
       3
       0
       3
       3
       1
       2
       0
       1
       3
       1
       1
       3
       1
       1
       3
       3
       3
       1
       2
       2
       2
       2
       3
       1
       1
       5
       1
       2
       1
       1
       0
       2
       2
       1
       1
       4
       1
       4
       3
       1
       2
       1
       2
       0
       3
       1
       0
       3
       4
       2
       0
       1
       2
       1
       1
       3
       2
       1
       2
       3
       0
       1
       2
       4
       6
       1
       2
       1
       1
       1
       4
       0
       1
       2
       4
       1
       1
       4
       2
       1
       1
       6
       5
       3
       2
       5
       0
       2
       4
       2
       2
       0
       4
       0
       0
       0
       1
       0
       1
       3
       2
       2
       1
       3
       4
       4
       3
       1
       3
       3
       2
       2
       2
       5
       3
       2
       3
       2
       4
       2
       1
       1
       1
       1
       2
       4
       3
       2
       3
       1
       2
       3
       3
       3
       1
       3
       2
       1
       2
       1
       1
       5
       1
       2
       2
       1
       2
       3
       1
       1
       3
       3
       2
       2
       0
       0
       2
       3
       5
       2
       2
       3
       4
       5
       4
       0
       1
       0
       4
       0
       4
       2
       3
       1
       1
       4
       2
       5
       0
       5
       3
       1
       1
       2
       3
       3
       2
       3
       1
       3
       3
       3
       2
       0
       6
       4
       4
       5
       4
       4
       1
       6
       2
       1
       2
       6
       1
       1
       5
       4
       1
       2
       1
       3
       3
       2
       6
       4
       2
       3
       3
       1
       3
       3
       1
       5
       2
       4
       1
       5
       4
       4
       4
       2
       3
       1
       0
       1
       2
       2
       1
       5
       3
       2
       1
       2
       4
       2
       0
       2
       3
       2
       3
       2
       3
       3
       4
       2
       1
       4
       1
       3
       1
       5
       2
       1
       0
       2
       0
       4
       3
       1
       1
       3
       1
       5
       1
       0
       3
       4
       7
       1
       3
       5
       3
       2
       3
       1
       3
       3
       3
       5
       3
       0
       1
       1
       2
       1
       0
       4
       1
       2
       1
       3
       2
       1
       2
       1
       1
       2
       6
       5
       1
       1
       4
       2
       2
       5
       6
       1
       3
       2
       1
       1
       3
       4
       5
       4
       5
       2
       0
       5
       2
       0
       5
       2
       1
       4
       1
       5
       5
       2
       0
       2
       3
       3
       2
       2
       1
       2
       3
       1
       1
       4
       5
       3
       2
       1
       4
       3
       3
       2
       1
       1
       3
       2
       1
       2
       4
       0
       1
       1
       5
       4
       3
       1
       3
       2
       1
       2
       2
       2
       3
       4
       0
       1
       3
       1
       4
       4
       3
       3
       6
       1
       2
       3
       5
       3
       2
       3
       5
       3
       3
       4
       3
       2
       3
       2
       5
       3
       5
       4
       2
       4
       4
       0
       2
       3
       3
       7
       2
       1
       1
       3
       5
       1
       2
       2
       3
       1
       0
       4
       1
       0
       3
       0
       2
       4
       4
       6
       3
       6
       3
       2
       3
       4
       4
       2
       0
       4
       5
       1
       3
       0
       4
       3
       3
       1
       1
       5
       4
       3
       3
       1
       3
       4
       2
       5
       2
       1
       0
       5
       3
       3
       3
       5
       0
       1
       3
       6
       2
       1
       2
       2
       3
       1
       1
       3
       1
       1
       4
       3
       2
       4
       5
       1
       2
       3
       1
       1
       6
       3
       1
       2
       1
       2
       6
       3
       2
       4
       3
       4
       1
       3
       4
       2
       4
       3
       3
       0
       0
       2
       3
       3
       4
       2
       5
       2
       2
       5
       5
       5
       1
       2
       0
       1
       3
       4
       2
       7
       1
       4
       5
       3
       1
       4
       2
       1
       1
       1
       5
       2
       4
       3
       2
       1
       3
       4
       2
       2
       4
       5
       2
       4
       7
       1
       2
       3
       2
       1
       2
       4
       4
       1
       6
       4
       3
       2
       3
       4
       1
       2
       2
       4
       3
       3
       4
       4
       2
       5
       5
       3
       7
       2
       2
       5
       4
       3
       4
       6
       5
       8
       2
       4
       5
       5
       4
       3
       5
       5
       5
       3
       3
       3
       3
       7
       3
       3
       6
       9
       7
       3
       4
       4
       4
       4
       5
       3
       4
       3
       5
       3
       4
       5
       9
       4
       9
       7
       7
       2
       6
       3
       7
       6
       2
       7
       5
       5
       2
      11
       7
       6
       3
       6
       6
       7
       8
       5
       7
       4
       3
       9
       6
       3
      13
       8
       9
      11
       5
       7
       1
       3
       6
       5
       9
       5
       7
       2
       6
       2
       8
       5
       7
       9
       5
       1
       5
       4
       4
       8
       4
       3
       2
       6
       4
       6
       6
       5
       4
       5
       7
       6
       1
       5
       4
       4
       6
       6
       4
      12
       9
       8
       8
       9
       6
       4
       7
       4
       2
      11
       7
       5
       6
       5
       4
       4
       7
       8
       7
       6
       7
       6
      13
       7
       3
       6
       5
       4
       8
       6
       7
       6
       5
       5
       7
       6
       7
       9
       9
       3
       9
       6
      13
       9
      10
      11
      10
       9
      14
       7
       4
      15
       9
       7
       7
       8
       9
       4
       9
      11
      13
      15
      19
      13
      14
      11
       8
      15
      15
      15
      19
      13
      19
      19
      14
      12
      13
      19
      24
      17
      32
      28
      19
      22
      24
      21
      22
      15
      32
      23
      12
      33
      28
      36
      27
      33
      37
      22
      30
      50
      37
      35
      52
      53
      41
      51
      54
      46
      45
      59
      62
      67
      59
      75
      67
      64
      63
      71
      82
      79
      75
      83
      70
     103
      94
      94
     120
     101
      95
     116
     124
     141
     116
     117
     135
     153
     131
     150
     144
     159
     162
     184
     173
     156
     182
     193
     188
     189
     191
     180
     219
     241
     235
     256
     240
     249
     262
     261
     240
     255
     272
     290
     296
     278
     302
     330
     319
     361
     318
     334
     343
     367
     360
     365
     377
     359
     388
     411
     396
     404
     374
     416
     423
     439
     416
     418
     422
     391
     443
     424
     417
     446
     451
     431
     434
     470
     444
     462
     467
     467
     465
     497
     460
     483
     457
     496
     460
     488
     435
     487
     473
     442
     445
     448
     457
     405
     458
     412
     463
     437
     425
     427
     388
     403
     382
     408
     358
     362
     367
     377
     368
     350
     349
     344
     343
     337
     323
     331
     339
     333
     298
     286
     296
     307
     277
     282
     261
     235
     244
     262
     239
     233
     244
     244
     198
     211
     200
     197
     209
     200
     173
     149
     181
     156
     144
     152
     138
     133
     151
     108
     122
     114
     131
     119
     103
     112
      80
      95
      74
      75
      87
      54
      67
      70
      67
      64
      71
      90
      65
      56
      61
      54
      51
      48
      40
      35
      37
      49
      34
      36
      35
      30
      29
      26
      23
      21
      29
      29
       7
      11
       9
      16
      16
      16
      13
      12
      13
      10
      10
       9
       7
       4
      12
       7
       9
       7
      10
       7
       5
       5
       6
       4
       2
       3
       0
       2
       1
       1
       2
       1
       0
       2
       1
       2
       4
       1
       3
       0
       0
       0
       1
       0
       2
       2
       1
       0
       0
       0
       0
       0
       0
       0
       0
       0
       0
       0
       0
       0
       0
       0
       0
       0
       0
       0
       0
       0
       0
       0
       0
       0
       0
       0
       0
       1
       0
       0
       0
       0
       0
       0
       0
       0
       0
       0
       0
       0
       0
       0
       0
       0
       0
       0
       0
       0
       0
       0
       0
       0
       0
       0
       0
       0
       0
       0
       0
       0
       1
       0
       0
       0
       0
       0
       0
       0
       0
       0
       0
       0
       0
       0
       0
       0
       0
       0
       0
       0
       1
       0
       0
       0
       0
       0
       0
       0
       0
       0
       1
       0
       0
       0
       0
       0
       0
       0
       0
       0
       0
       0
       0
       0
       0
       0
       0
       0
       0
       0
       0
       0
       0
       0
       0
       0
       0
       0
       0
       0
       0
       0
       0
       0
       0
       0
       0
       0
       0
       0
       0
       0
       0
       1
       0
       0
       0
       0
       0
       1
       0
       0
       0
       0
       0
       0
       0
       0
       0
       0
       0
       0
       0
       0
       0
       0
       1
       0
       1
       0
       0
       0
       0
       0
       0
       1
       0
       0
       0
       0
       0
       0
       0
       0
       0
       0
       0
       0
       0
       0
       0
       0
       0
       0
       0
       0
       0
       0
       0
       0
       0
       0
       0
       0
       0
       0
       0
       0
       1
       0
       0
       0
       0
       0
       0
       0
       0
       0
       0
       1
       0
       0
       0
       0
       0
       0
       0
       0
       0
       0
       0
       0
       0
       0
       0
       0
       0
       0
       0
       1
       0
       0
       0
       0
       0
       0
       0
       0
       0
       0
       0
       0
       0
       0
       0
       0
       0
       0
       0
       0
       0
       0
       0
       0
       0
       0
       0
       0
       0
       0
       0
       0
       0
       0
       0
       0
       0
       0
       0
       0
       0
       0
       0
       0
       0
       0
       0
       0
       0
       0
       0
       0
       0
       0
       0
       0
       0
       0
       0
       0
       0
       0
       0
       0
       0
       0
       0
       0
       0
       0
       0
       0
       0
       0
       0
       1
       0
       0
       0
       0
       0
       0
       0
       0
       0
       0
       0
       0
       0
       0
       0
       0
       0
       0
       0
       0
       0
       0
       0
       0
       0
       0
       0
       0
       0
       0
       0
       0
       0
       0
       0
       0
       0
       0
       0
       0
       0
       0
       0
       0
       0
       0
       0
       0
       0
$ROI:
0
$PRESETS:
Live Time
120
0
$ENER_FIT:
0.000000 0.002526
$MCA_CAL:
3
0.000000E+000 2.525835E-003 0.000000E+000 keV
$SHAPE_CAL:
3
0.000000E+000 0.000000E+000 0.000000E+000
