$SPEC_ID:
No sample description was entered.
$SPEC_REM:
DET# 1
DETDESC# 
AP# Maestro Version 6.08
$DATE_MEA:
09/21/2017 09:36:10
$MEAS_TIM:
120 120
$DATA:
0 2047
       0
       0
       0
       0
       0
       0
       0
       0
       0
       0
       0
       0
       0
       0
       0
       0
       0
       0
       0
       0
       0
       0
       0
       0
       0
       0
       0
       0
       0
       0
       0
       0
       0
       0
       0
       0
       0
       0
       0
       0
       0
       0
       0
       0
       0
       0
       0
       0
       0
       0
       0
       0
       0
       0
       0
       0
       0
       0
       0
       0
       0
       0
       0
       0
       0
       0
       0
       0
       0
       0
       0
       0
       0
       0
       0
       0
       0
       0
       0
       0
       0
       0
       0
       0
       0
       0
       0
       0
       0
       0
       0
       0
       0
       0
       0
       0
       0
       0
       0
       0
       0
       0
       0
       0
       0
       0
       0
       0
       0
       0
       0
       0
       0
       0
       0
       0
       0
       0
       0
       0
       0
       0
       0
       0
       0
       0
       0
       0
       0
       0
       0
       0
       0
       0
       0
       0
       0
       0
       0
       0
       0
       0
       0
       0
       0
       0
       0
       0
       0
       0
       0
       0
       0
       0
       0
       0
       0
       0
       0
       0
       0
       0
       0
       0
       0
       0
       0
       0
       0
       0
       0
       0
       0
       0
       0
       0
       0
       0
       0
       0
       0
       0
       0
       0
       0
       0
       0
       0
       0
       0
       0
       0
       0
       0
       0
       0
       0
       0
       0
       3
       3
       1
       2
       0
       0
       2
       1
       4
       1
       0
       0
       1
       0
       1
       1
       1
       0
       2
       1
       3
       1
       3
       1
       1
       2
       2
       1
       0
       1
       1
       2
       3
       3
       1
       1
       2
       2
       0
       1
       2
       1
       3
       3
       1
       0
       0
       1
       2
       0
       0
       4
       0
       1
       2
       1
       4
       1
       2
       3
       3
       2
       3
       1
       1
       3
       2
       2
       1
       2
       2
       4
       2
       1
       1
       1
       4
       1
       0
       0
       1
       1
       0
       2
       1
       0
       1
       1
       2
       1
       2
       2
       2
       0
       2
       4
       1
       1
       1
       5
       1
       3
       1
       0
       2
       2
       3
       1
       2
       1
       1
       3
       4
       2
       2
       2
       2
       0
       3
       2
       4
       6
       1
       2
       4
       2
       2
       1
       3
       1
       2
       0
       3
       2
       3
       3
       4
       0
       3
       2
       3
       0
       1
       0
       3
       2
       2
       1
       1
       0
       3
       2
       1
       4
       4
       2
       1
       2
       2
       1
       3
       3
       3
       1
       3
       3
       0
       1
       2
       1
       2
       0
       1
       3
       0
       2
       1
       2
       0
       1
       2
       0
       0
       2
       2
       1
       1
       0
       1
       1
       2
       1
       2
       2
       3
       2
       3
       1
       1
       7
       3
       2
       2
       1
       2
       0
       1
       1
       1
       2
       3
       2
       1
       1
       2
       1
       3
       1
       0
       1
       5
       1
       2
       3
       3
       3
       4
       3
       1
       1
       3
       0
       2
       1
       1
       1
       2
       3
       2
       2
       4
       2
       3
       1
       1
       2
       1
       1
       1
       0
       2
       5
       3
       0
       1
       0
       1
       1
       2
       1
       6
       1
       2
       1
       2
       4
       1
       0
       4
       6
       3
       3
       2
       0
       1
       3
       2
       1
       1
       5
       3
       3
       2
       3
       2
       2
       1
       2
       2
       4
       3
       4
       2
       2
       1
       0
       0
       2
       2
       1
       0
       0
       1
       3
       3
       2
       1
       2
       2
       0
       1
       4
       1
       1
       5
       0
       0
       2
       2
       1
       1
       1
       3
       1
       2
       1
       1
       1
       1
       5
       3
       2
       2
       1
       3
       3
       1
       2
       1
       2
       3
       2
       0
       2
       1
       2
       2
       4
       1
       2
       4
       0
       2
       1
       2
       2
       3
       2
       0
       1
       1
       2
       2
       1
       1
       3
       3
       5
       4
       1
       2
       1
       1
       1
       2
       1
       4
       0
       1
       1
       0
       1
       1
       2
       1
       2
       3
       2
       4
       1
       1
       1
       2
       1
       2
       0
       6
       2
       2
       3
       0
       2
       1
       2
       2
       2
       5
       4
       2
       4
       0
       2
       3
       4
       2
       3
       0
       1
       2
       2
       1
       1
       6
       1
       2
       0
       2
       1
       2
       2
       1
       0
       2
       1
       1
       1
       1
       0
       3
       3
       5
       3
       4
       3
       1
       0
       0
       2
       2
       2
       3
       3
       3
       4
       1
       2
       3
       1
       1
       1
       2
       1
       0
       4
       1
       2
       2
       1
       2
       1
       2
       3
       1
       0
       4
       3
       2
       1
       4
       3
       1
       0
       3
       1
       3
       4
       0
       3
       1
       3
       1
       3
       6
       3
       6
       4
       5
       4
       3
       2
       2
       2
       4
       0
       0
       3
       0
       3
       6
       1
       3
       4
       0
       1
       3
       1
       4
       3
       3
       3
       2
       2
       4
       3
       0
       3
       1
       6
       3
       1
       5
       1
       1
       4
       4
       2
       4
       2
       0
       2
       1
       2
       0
       3
       4
       1
       3
       1
       5
       3
       4
       2
       0
       1
       1
       3
       1
       1
       2
       4
       4
       3
       4
       1
       5
       3
       5
       1
       4
       1
       2
       5
       4
       4
       3
       2
       3
       0
       1
       2
       2
       5
       2
       1
       4
       2
       2
       4
       4
       3
       1
       4
       1
       1
       1
       2
       1
       7
       5
       3
       4
       3
       2
       3
       1
       0
       3
       1
       4
       3
       3
       2
       2
       3
       3
       3
       1
       3
       1
       0
       4
       2
       1
       3
       3
       2
       1
       1
       5
       3
       0
       1
       5
       2
       4
       4
       1
       1
       2
       2
       3
       5
       2
       3
       1
       1
       0
       2
       5
       3
       2
       1
       3
       5
       2
       1
       2
       2
       2
       1
       2
       1
       1
       2
       1
       4
       1
       2
       2
       0
       2
       1
       3
       3
       4
       7
       5
       1
       2
       2
       1
       2
       4
       3
       0
       2
       1
       1
       2
       3
       2
       4
       4
       2
       2
       3
       2
       4
       2
       3
       3
       3
       4
       3
       1
       5
       3
       3
       2
       3
       1
       4
       2
       0
       2
       1
       3
       3
       0
       2
       3
       3
       0
       2
       3
       4
       4
       1
       3
       1
       1
       2
       4
       3
       3
       2
       3
       5
       3
       0
       5
       1
       2
       1
       2
       2
       2
       1
       3
       0
       4
       3
       0
       1
       0
       3
       6
       3
       3
       3
       2
       3
       3
       1
       8
       2
       2
       1
       1
       3
       4
       1
       4
       1
       0
       5
       5
       3
       5
       1
       2
       3
       3
       0
       2
       4
       3
       3
       1
       1
       1
       3
       1
       2
       4
       1
       2
       1
       3
       4
       0
       1
       3
       2
       5
       3
       4
       3
       1
       4
       2
       2
       2
       1
       4
       1
       3
       5
       1
       5
       2
       6
       6
       1
       2
       2
       2
       3
       1
       4
       2
       1
       1
       3
       0
       2
       1
       0
       0
       4
       1
       0
       3
       2
       3
       1
       2
       2
       4
       2
       3
       3
       1
       4
       0
       0
       1
       3
       3
       2
       0
       2
       2
       4
       1
       6
       1
       1
       2
       3
       2
       1
       2
       1
       2
       2
       3
       4
       7
       1
       6
       2
       4
       5
       0
       2
       2
       1
       3
       3
       9
       4
       7
       5
       0
       3
       4
       3
       3
       1
       1
       3
       2
       2
       1
       2
       3
       3
       1
       2
       1
       3
       1
       0
       2
       4
       5
       2
       6
       3
       3
       4
       1
       3
       0
       4
       6
       3
       6
       3
       2
       2
       2
       1
       1
       1
       1
       0
       3
       6
       5
       1
       1
       4
       3
       2
       3
       4
       2
       0
       3
       4
       3
       1
       1
       3
       2
       1
       2
       1
       3
       5
       0
       3
       1
       2
       5
       4
       4
       5
       6
       6
       2
       1
       4
       3
       1
       1
       2
       2
       6
       3
       6
       4
       3
       2
       2
       3
       2
       0
       4
       4
       3
       4
       3
       3
       5
       3
       0
       3
       2
       4
       7
       3
       3
       2
       4
       3
       5
       6
       5
       7
       3
       1
       3
       2
       4
       3
       5
       4
       4
       2
       6
       4
       3
       4
       5
       8
       5
       2
       2
       3
       3
       3
       2
       4
       3
       8
       7
       3
       9
       6
       6
       5
       6
       5
       3
       8
       3
       8
       5
       5
       3
       6
       5
       7
       3
       2
       8
       5
       6
       4
       5
       3
       6
       3
       6
       5
       6
       7
       9
       8
       6
       8
       3
       2
      12
       3
       8
       5
       2
       6
      13
       6
       8
       8
       2
       9
      11
       9
       3
       6
       7
       5
      10
       5
       2
       5
       6
       6
       5
      11
       1
       5
       7
      11
       7
       6
       7
       3
       6
       4
       8
       5
       6
      10
       5
       7
       3
       2
       5
       3
       3
       8
       9
       2
       1
       1
       2
      11
       4
       6
       5
       3
      11
       4
       5
       6
       2
       4
      11
       2
       3
       2
       4
       8
       6
       5
       3
       5
       5
      11
      11
       3
       9
       4
       3
      11
       4
       5
       7
       1
       3
       3
       9
       3
       6
       7
       6
       6
       5
       7
       6
       6
      12
       8
      12
       3
       5
       9
       8
       4
       5
       3
       7
      12
       8
       5
       9
      12
       8
      13
      10
      12
      14
      11
      12
      13
       4
      15
      13
       8
      10
       5
      12
       8
      13
      14
      18
      11
      15
      18
      14
      13
      11
      19
      23
      17
      16
      19
      22
      27
      23
      29
      20
      21
      21
      23
      24
      26
      27
      24
      41
      27
      31
      41
      33
      27
      30
      36
      44
      46
      48
      60
      50
      47
      52
      57
      45
      45
      58
      53
      67
      57
      63
      80
      70
      77
      82
      75
      95
      69
      90
      96
     104
     111
      93
     127
     102
     104
     122
     142
     108
     124
     148
     150
     169
     153
     150
     164
     152
     171
     175
     196
     176
     185
     179
     225
     214
     195
     218
     242
     238
     241
     244
     243
     262
     264
     306
     299
     282
     292
     321
     284
     278
     315
     337
     353
     306
     370
     385
     382
     388
     376
     355
     390
     400
     359
     401
     420
     399
     450
     403
     437
     436
     413
     480
     457
     453
     450
     453
     470
     506
     484
     457
     525
     492
     486
     470
     491
     474
     480
     490
     488
     473
     478
     458
     457
     477
     478
     457
     471
     446
     477
     465
     464
     440
     433
     427
     450
     436
     403
     409
     374
     401
     404
     410
     370
     373
     393
     337
     336
     346
     317
     319
     366
     337
     351
     299
     334
     292
     284
     290
     284
     260
     254
     233
     246
     252
     239
     261
     203
     181
     206
     205
     219
     171
     178
     162
     154
     178
     155
     171
     127
     125
     156
     124
     122
     122
     121
     111
      98
     103
      92
      84
      84
      87
      85
      79
      72
      67
      82
      75
      70
      72
      48
      58
      44
      39
      47
      45
      49
      35
      42
      36
      29
      40
      29
      28
      33
      35
      26
      21
      28
      20
      19
      19
      14
      20
      21
       8
      15
      12
      16
      10
       9
       7
       9
       4
       7
       7
       6
       4
       8
       8
       2
       7
       4
       4
       2
       2
       3
       3
       4
       3
       0
       3
       0
       1
       2
       3
       1
       2
       1
       1
       0
       2
       1
       0
       0
       0
       0
       0
       0
       0
       0
       1
       1
       0
       0
       0
       0
       0
       0
       0
       0
       0
       0
       1
       0
       1
       0
       1
       0
       0
       0
       0
       1
       0
       0
       0
       0
       0
       0
       0
       0
       0
       0
       0
       0
       0
       0
       0
       0
       0
       0
       0
       0
       0
       0
       0
       0
       1
       0
       0
       1
       1
       0
       0
       0
       0
       0
       0
       0
       0
       0
       0
       0
       0
       0
       0
       0
       0
       0
       0
       0
       0
       0
       0
       0
       0
       0
       0
       0
       0
       0
       0
       0
       0
       0
       0
       0
       0
       0
       0
       0
       0
       0
       0
       0
       0
       0
       0
       0
       0
       0
       0
       0
       0
       0
       0
       0
       0
       0
       0
       0
       0
       1
       0
       0
       0
       0
       0
       0
       0
       0
       0
       1
       0
       0
       0
       0
       0
       0
       0
       0
       0
       0
       0
       0
       0
       0
       0
       1
       0
       2
       0
       0
       0
       0
       0
       0
       0
       0
       0
       0
       0
       0
       0
       0
       0
       0
       0
       0
       0
       0
       0
       0
       0
       0
       0
       0
       0
       0
       0
       0
       0
       0
       0
       0
       0
       0
       0
       0
       0
       0
       0
       0
       0
       0
       0
       0
       0
       0
       0
       0
       0
       0
       0
       0
       0
       0
       0
       0
       0
       0
       0
       0
       0
       0
       0
       0
       0
       0
       0
       0
       0
       0
       0
       0
       0
       0
       0
       0
       0
       0
       1
       0
       0
       0
       0
       0
       0
       0
       0
       1
       0
       0
       0
       0
       0
       0
       0
       0
       0
       0
       0
       0
       0
       0
       0
       0
       0
       0
       0
       0
       0
       0
       0
       0
       0
       0
       0
       0
       0
       0
       0
       0
       0
       1
       0
       0
       0
       0
       0
       0
       0
       0
       0
       0
       0
       0
       0
       0
       0
       0
       0
       0
       0
       0
       0
       1
       0
       0
       0
       0
       0
       0
       0
       0
       0
       0
       0
       0
       0
       0
       0
       0
       0
       0
       0
       0
       0
       0
       0
       0
       0
       0
       0
       0
       0
       0
       0
       0
       0
       0
       0
       0
       0
       0
       0
       0
       0
       0
       0
       0
       0
       0
       0
       0
       0
       0
       0
       0
       0
       0
       0
       0
       0
       0
       0
       0
       0
       0
       0
       0
       0
       0
       0
$ROI:
0
$PRESETS:
Live Time
120
0
$ENER_FIT:
0.000000 0.002526
$MCA_CAL:
3
0.000000E+000 2.525835E-003 0.000000E+000 keV
$SHAPE_CAL:
3
0.000000E+000 0.000000E+000 0.000000E+000
