$SPEC_ID:
No sample description was entered.
$SPEC_REM:
DET# 1
DETDESC# 
AP# Maestro Version 6.08
$DATE_MEA:
09/21/2017 09:48:13
$MEAS_TIM:
120 120
$DATA:
0 2047
       0
       0
       0
       0
       0
       0
       0
       0
       0
       0
       0
       0
       0
       0
       0
       0
       0
       0
       0
       0
       0
       0
       0
       0
       0
       0
       0
       0
       0
       0
       0
       0
       0
       0
       0
       0
       0
       0
       0
       0
       0
       0
       0
       0
       0
       0
       0
       0
       0
       0
       0
       0
       0
       0
       0
       0
       0
       0
       0
       0
       0
       0
       0
       0
       0
       0
       0
       0
       0
       0
       0
       0
       0
       0
       0
       0
       0
       0
       0
       0
       0
       0
       0
       0
       0
       0
       0
       0
       0
       0
       0
       0
       0
       0
       0
       0
       0
       0
       0
       0
       0
       0
       0
       0
       0
       0
       0
       0
       0
       0
       0
       0
       0
       0
       0
       0
       0
       0
       0
       0
       0
       0
       0
       0
       0
       0
       0
       0
       0
       0
       0
       0
       0
       0
       0
       0
       0
       0
       0
       0
       0
       0
       0
       0
       0
       0
       0
       0
       0
       0
       0
       0
       0
       0
       0
       0
       0
       0
       0
       0
       0
       0
       0
       0
       0
       0
       0
       0
       0
       0
       0
       0
       0
       0
       0
       0
       0
       0
       0
       0
       0
       0
       0
       0
       0
       0
       0
       0
       0
       0
       0
       0
       0
       0
       0
       0
       0
       1
       1
       3
       3
       1
       0
       0
       0
       3
       2
       3
       0
       0
       2
       5
       1
       1
       1
       1
       2
       3
       1
       2
       1
       0
       1
       1
       2
       2
       1
       0
       0
       1
       2
       2
       2
       3
       1
       0
       0
       0
       0
       0
       2
       2
       0
       2
       3
       1
       1
       1
       3
       4
       3
       0
       2
       3
       1
       2
       4
       0
       4
       2
       1
       1
       4
       0
       1
       1
       0
       1
       0
       1
       1
       0
       1
       2
       4
       0
       2
       1
       0
       1
       0
       0
       2
       0
       2
       1
       3
       1
       3
       3
       2
       0
       2
       0
       0
       3
       0
       1
       0
       2
       2
       0
       2
       2
       0
       0
       0
       0
       2
       3
       4
       0
       1
       2
       2
       2
       1
       1
       3
       0
       0
       2
       0
       0
       3
       0
       2
       1
       0
       0
       0
       3
       5
       1
       2
       4
       1
       2
       4
       0
       1
       2
       1
       0
       1
       0
       0
       2
       2
       1
       1
       0
       0
       2
       0
       0
       1
       3
       3
       3
       0
       4
       2
       2
       2
       0
       3
       2
       2
       6
       1
       3
       4
       1
       1
       1
       4
       0
       2
       0
       2
       1
       0
       2
       0
       0
       1
       2
       1
       1
       3
       1
       3
       0
       1
       0
       1
       3
       2
       0
       1
       2
       1
       3
       2
       3
       1
       3
       3
       2
       2
       1
       2
       2
       2
       4
       0
       1
       2
       2
       1
       2
       2
       0
       2
       0
       2
       2
       1
       2
       1
       2
       1
       0
       2
       2
       4
       1
       1
       1
       0
       1
       1
       5
       1
       1
       0
       3
       1
       2
       3
       1
       3
       5
       0
       1
       1
       2
       1
       2
       0
       1
       2
       5
       2
       1
       2
       1
       1
       1
       0
       4
       5
       2
       2
       2
       3
       5
       1
       0
       5
       1
       3
       2
       1
       1
       1
       2
       2
       3
       6
       2
       2
       2
       2
       1
       2
       1
       4
       1
       2
       3
       5
       0
       3
       0
       4
       3
       1
       2
       6
       1
       1
       2
       2
       2
       1
       1
       1
       1
       3
       5
       0
       0
       7
       1
       0
       2
       2
       1
       1
       5
       3
       3
       2
       0
       1
       1
       1
       1
       2
       1
       0
       1
       5
       4
       2
       2
       1
       2
       1
       0
       1
       2
       3
       3
       2
       2
       4
       1
       2
       3
       2
       0
       2
       2
       2
       1
       4
       3
       4
       0
       0
       4
       2
       3
       0
       1
       0
       3
       0
       1
       4
       2
       0
       2
       2
       1
       2
       3
       4
       0
       1
       0
       0
       2
       3
       5
       1
       2
       4
       0
       3
       2
       1
       1
       5
       3
       3
       2
       1
       3
       2
       4
       1
       5
       3
       0
       0
       1
       0
       3
       3
       0
       4
       2
       1
       2
       2
       2
       0
       2
       1
       3
       0
       2
       1
       2
       2
       2
       1
       1
       1
       4
       2
       3
       1
       1
       0
       3
       0
       4
       1
       3
       3
       0
       1
       6
       1
       2
       2
       4
       4
       3
       2
       4
       2
       2
       5
       1
       3
       2
       1
       0
       2
       0
       2
       2
       2
       1
       3
       1
       4
       1
       4
       1
       4
       3
       0
       1
       2
       2
       1
       1
       2
       1
       4
       1
       5
       2
       3
       3
       4
       4
       1
       2
       2
       1
       4
       2
       1
       2
       4
       0
       0
       2
       0
       1
       2
       1
       0
       3
       1
       2
       2
       1
       4
       1
       3
       3
       1
       3
       0
       3
       4
       4
       4
       2
       3
       0
       0
       2
       4
       6
       1
       2
       0
       1
       4
       3
       2
       3
       3
       1
       1
       0
       5
       2
       2
       5
       2
       2
       0
       2
       4
       2
       2
       3
       4
       3
       2
       2
       0
       4
       3
       1
       2
       4
       1
       6
       4
       4
       3
       1
       3
       0
       5
       0
       0
       1
       3
       4
       3
       2
       3
       2
       2
       2
       4
       2
       3
       0
       1
       2
       4
       4
       3
       6
       6
       5
       2
       2
       2
       6
       0
       1
       2
       2
       0
       2
       3
       3
       3
       4
       3
       6
       0
       4
       2
       2
       5
       1
       2
       0
       2
       0
       2
       1
       1
       1
       2
       2
       3
       1
       5
       1
       0
       4
       2
       2
       3
       1
       5
       3
       2
       1
       0
       2
       5
       1
       2
       4
       1
       3
       2
       2
       3
       6
       4
       2
       0
       5
       5
       3
       3
       3
       4
       4
       2
       3
       3
       3
       1
       5
       2
       1
       7
       3
       4
       1
       3
       2
       2
       4
       2
       0
       0
       3
       0
       3
       3
       5
       3
       1
       1
       1
       1
       5
       6
       2
       0
       3
       2
       2
       3
       0
       1
       2
       1
       0
       2
       4
       1
       0
       2
       5
       3
       3
       2
       0
       1
       1
       2
       1
       2
       3
       4
       4
       3
       3
       2
       1
       1
       3
       1
       3
       1
       0
       2
       3
       4
       2
       4
       2
       1
       1
       2
       2
       1
       1
       3
       5
       1
       4
       1
       3
       4
       3
       0
       1
       2
       5
       3
       0
       2
       6
       3
       1
       0
       3
       1
       4
       2
       3
       0
       2
       4
       6
       2
       0
       1
       0
       4
       2
       3
       4
       2
       5
       3
       6
       1
       5
       6
       3
       1
       4
       2
       4
       6
       1
       1
       1
       2
       3
       2
       1
       3
       1
       4
       2
       2
       3
       2
       2
       2
       2
       3
       2
       4
       4
       2
       5
       3
       5
       0
       2
       0
       2
       5
       3
       3
       0
       5
       3
       2
       2
       0
       3
       5
       5
       5
       3
       2
       1
       1
       2
       3
       4
       3
       2
       4
       2
       2
       1
       4
       0
       3
       2
       0
       3
       4
       1
       0
       3
       5
       3
       2
       3
       1
       2
       4
       1
       5
       2
       3
       2
       3
       0
       3
       6
       2
       2
       3
       1
       2
       2
       2
       3
       1
       1
       6
       2
       4
       1
       7
       1
       8
       2
       0
       1
       4
       4
       1
       2
       3
       5
       4
       2
       3
       0
       1
       2
       2
       5
       0
       2
       2
       4
       3
       4
       4
       0
       1
       7
       3
       1
       4
       3
       2
       1
       4
       2
       4
       4
       1
       1
       2
       5
       2
       1
       6
       2
       4
       4
       3
       2
       2
       1
       5
       7
       3
       4
       2
       3
       2
       1
       3
       3
       3
       4
       2
       2
       0
       2
       3
       5
       6
       2
       2
       2
       4
       4
       3
       5
       3
       4
       4
       2
       2
       2
       2
       2
       5
       5
       6
       4
       2
       6
       3
       4
       3
       5
       3
       5
       1
       7
       4
       3
       4
       1
       4
       1
       7
       6
       1
       5
       3
       7
       3
       4
       2
       1
       5
       3
       4
      11
       3
       5
       4
       3
       3
       4
       7
       6
       7
       5
       5
       5
       3
       5
       6
       5
       5
       4
       7
       0
       9
       4
       2
       4
       1
       3
       7
       5
       7
       5
       5
       8
       6
       1
       5
       9
       8
      10
       8
       3
       7
       5
       6
       4
       4
       5
       6
       5
       6
       9
       3
       6
       4
       2
       5
       2
       7
       5
       4
      10
       0
       8
       6
       6
       8
       4
       4
       4
      10
       5
      10
       4
       9
       7
      13
      10
       8
       8
       4
       4
       9
       6
       8
       6
       5
       7
       6
       3
       6
       3
       4
       5
       4
       5
      11
      11
       4
       4
       4
       9
       5
       7
       5
       4
       8
       2
       1
       4
       7
       5
       8
       8
       3
       9
       5
       2
       3
       9
       6
       7
       8
       6
       4
       6
       2
       4
       5
       6
       6
       8
       3
       9
      10
       7
       2
       6
       9
       8
      12
      12
       3
       3
       2
       4
       5
       6
       7
       6
       6
       7
       7
       8
       8
       9
       8
      12
       8
       8
       4
       6
       5
      12
       7
       8
       7
       9
       9
      10
       4
       8
       8
      11
       9
      13
      17
      14
      21
      10
      14
      20
      13
      18
      13
      17
      12
      14
      11
      18
      13
      11
      18
      17
      21
      19
      24
      25
      20
      28
      27
      16
      28
      26
      18
      30
      22
      31
      27
      39
      30
      29
      43
      40
      45
      44
      51
      39
      52
      44
      47
      47
      48
      58
      61
      64
      62
      76
      70
      71
      65
      76
      80
      92
      79
     104
      96
      96
     111
     127
     106
      98
     121
     118
     123
     146
     135
     121
     128
     145
     183
     144
     154
     157
     154
     194
     179
     168
     179
     188
     212
     204
     184
     217
     248
     225
     228
     224
     258
     261
     271
     280
     257
     295
     267
     290
     309
     328
     290
     338
     348
     319
     357
     325
     359
     384
     377
     350
     360
     408
     363
     388
     362
     400
     388
     413
     451
     438
     432
     428
     387
     477
     413
     402
     484
     461
     466
     463
     493
     443
     502
     470
     474
     471
     474
     444
     412
     460
     479
     461
     414
     476
     507
     451
     446
     461
     460
     431
     429
     437
     434
     436
     428
     395
     422
     441
     423
     415
     403
     378
     384
     360
     368
     359
     346
     342
     383
     341
     319
     320
     325
     304
     297
     287
     290
     299
     281
     234
     271
     252
     272
     239
     235
     242
     216
     216
     221
     198
     181
     206
     201
     197
     187
     170
     166
     158
     180
     171
     118
     129
     151
     126
     112
     123
     121
     116
     115
     116
     105
     102
      77
      96
      68
      93
      81
      60
      63
      62
      58
      57
      46
      58
      52
      57
      41
      45
      48
      53
      38
      32
      35
      45
      31
      30
      30
      21
      32
      27
      28
      21
      24
      23
      14
      13
      20
      15
      13
       9
      11
       6
       7
       6
       5
       5
       9
       9
      10
       4
       8
       3
       2
       4
       4
       1
       3
       2
       3
       2
       6
       3
       3
       1
       0
       3
       2
       0
       1
       1
       1
       1
       1
       2
       3
       2
       0
       0
       0
       0
       0
       0
       0
       0
       1
       0
       2
       0
       0
       1
       0
       0
       0
       0
       0
       0
       0
       0
       0
       0
       0
       0
       0
       0
       0
       0
       0
       0
       0
       0
       0
       0
       0
       0
       0
       0
       0
       0
       0
       0
       0
       0
       0
       0
       0
       0
       0
       0
       1
       0
       0
       0
       0
       0
       0
       0
       0
       0
       0
       0
       0
       0
       0
       0
       0
       0
       0
       0
       0
       0
       0
       0
       0
       0
       0
       0
       0
       0
       0
       0
       0
       0
       0
       0
       0
       0
       0
       0
       0
       0
       0
       0
       0
       0
       0
       0
       0
       0
       0
       0
       0
       0
       0
       0
       0
       0
       0
       0
       0
       0
       0
       0
       0
       0
       0
       0
       0
       0
       0
       0
       0
       0
       0
       0
       0
       0
       0
       0
       0
       0
       0
       0
       0
       0
       0
       0
       0
       0
       0
       0
       0
       0
       0
       0
       0
       0
       0
       0
       0
       0
       0
       0
       0
       0
       0
       0
       0
       0
       0
       0
       0
       0
       0
       0
       0
       0
       0
       0
       0
       0
       1
       0
       0
       0
       0
       0
       0
       0
       0
       0
       0
       0
       0
       0
       0
       0
       0
       0
       0
       0
       0
       0
       0
       0
       0
       0
       0
       0
       0
       0
       0
       0
       0
       0
       0
       0
       0
       0
       0
       0
       0
       0
       0
       0
       0
       0
       0
       0
       0
       0
       0
       0
       0
       0
       0
       0
       0
       0
       0
       0
       0
       0
       0
       0
       0
       0
       0
       0
       0
       0
       0
       0
       0
       0
       0
       0
       0
       0
       0
       0
       0
       0
       0
       0
       0
       0
       0
       0
       0
       0
       0
       0
       0
       0
       0
       0
       0
       0
       0
       0
       0
       0
       0
       0
       0
       0
       0
       0
       0
       0
       0
       0
       0
       0
       1
       0
       0
       0
       0
       0
       0
       0
       0
       0
       0
       0
       0
       0
       0
       0
       0
       0
       0
       0
       0
       0
       0
       0
       0
       0
       0
       0
       0
       0
       0
       0
       0
       0
       0
       0
       1
       0
       0
       0
       0
       0
       0
       0
       0
       0
       0
       0
       0
       0
       0
       0
       0
       0
       0
       0
       0
       0
       0
       0
       0
       0
       0
       0
       0
       0
       0
       0
       0
       0
       0
       0
$ROI:
0
$PRESETS:
Live Time
120
0
$ENER_FIT:
0.000000 0.002526
$MCA_CAL:
3
0.000000E+000 2.525835E-003 0.000000E+000 keV
$SHAPE_CAL:
3
0.000000E+000 0.000000E+000 0.000000E+000
