$SPEC_ID:
No sample description was entered.
$SPEC_REM:
DET# 1
DETDESC# 
AP# Maestro Version 6.08
$DATE_MEA:
09/21/2017 09:44:12
$MEAS_TIM:
120 120
$DATA:
0 2047
       0
       0
       0
       0
       0
       0
       0
       0
       0
       0
       0
       0
       0
       0
       0
       0
       0
       0
       0
       0
       0
       0
       0
       0
       0
       0
       0
       0
       0
       0
       0
       0
       0
       0
       0
       0
       0
       0
       0
       0
       0
       0
       0
       0
       0
       0
       0
       0
       0
       0
       0
       0
       0
       0
       0
       0
       0
       0
       0
       0
       0
       0
       0
       0
       0
       0
       0
       0
       0
       0
       0
       0
       0
       0
       0
       0
       0
       0
       0
       0
       0
       0
       0
       0
       0
       0
       0
       0
       0
       0
       0
       0
       0
       0
       0
       0
       0
       0
       0
       0
       0
       0
       0
       0
       0
       0
       0
       0
       0
       0
       0
       0
       0
       0
       0
       0
       0
       0
       0
       0
       0
       0
       0
       0
       0
       0
       0
       0
       0
       0
       0
       0
       0
       0
       0
       0
       0
       0
       0
       0
       0
       0
       0
       0
       0
       0
       0
       0
       0
       0
       0
       0
       0
       0
       0
       0
       0
       0
       0
       0
       0
       0
       0
       0
       0
       0
       0
       0
       0
       0
       0
       0
       0
       0
       0
       0
       0
       0
       0
       0
       0
       0
       0
       0
       0
       0
       0
       0
       0
       0
       0
       0
       0
       0
       0
       0
       0
       0
       0
       1
       3
       1
       2
       1
       2
       3
       0
       2
       3
       1
       3
       4
       2
       1
       2
       1
       2
       2
       1
       2
       2
       2
       1
       1
       6
       1
       1
       2
       2
       1
       2
       1
       2
       1
       1
       1
       1
       2
       4
       1
       2
       2
       4
       0
       0
       0
       3
       2
       1
       1
       4
       1
       4
       3
       1
       1
       1
       1
       1
       1
       2
       2
       3
       1
       1
       0
       2
       5
       3
       2
       1
       0
       2
       2
       1
       5
       3
       1
       1
       2
       1
       4
       2
       2
       3
       0
       0
       2
       0
       5
       1
       4
       2
       2
       3
       1
       3
       2
       0
       3
       1
       1
       1
       1
       3
       3
       1
       3
       1
       1
       0
       2
       2
       1
       2
       0
       1
       1
       3
       1
       1
       3
       1
       1
       2
       1
       2
       6
       3
       1
       0
       1
       2
       3
       2
       0
       6
       1
       2
       1
       1
       0
       3
       0
       3
       2
       2
       2
       1
       4
       5
       4
       4
       0
       1
       3
       0
       2
       2
       2
       1
       0
       1
       2
       2
       1
       1
       1
       4
       4
       2
       2
       0
       1
       3
       1
       1
       1
       2
       0
       2
       3
       2
       2
       2
       0
       0
       0
       2
       2
       0
       0
       0
       3
       1
       2
       1
       0
       0
       0
       4
       3
       0
       2
       0
       3
       1
       1
       1
       3
       0
       2
       1
       2
       2
       1
       2
       2
       2
       2
       0
       1
       1
       2
       3
       1
       1
       2
       3
       3
       2
       1
       0
       1
       1
       0
       4
       0
       2
       3
       3
       1
       0
       1
       1
       2
       1
       3
       0
       1
       2
       0
       2
       2
       3
       2
       5
       3
       0
       4
       2
       1
       2
       4
       2
       2
       1
       2
       3
       4
       7
       2
       2
       1
       1
       2
       1
       2
       2
       4
       0
       0
       1
       2
       2
       1
       2
       1
       1
       1
       1
       2
       3
       2
       1
       4
       0
       0
       0
       0
       1
       2
       2
       0
       2
       2
       2
       2
       3
       1
       0
       5
       2
       3
       2
       4
       2
       4
       0
       1
       3
       0
       0
       4
       0
       2
       5
       0
       4
       1
       3
       1
       1
       1
       2
       3
       4
       0
       2
       2
       1
       3
       5
       2
       1
       3
       1
       2
       0
       1
       2
       1
       3
       2
       2
       2
       2
       1
       2
       1
       2
       2
       1
       5
       4
       3
       0
       1
       0
       4
       2
       0
       1
       0
       2
       2
       1
       4
       0
       0
       2
       1
       5
       1
       3
       1
       3
       4
       1
       1
       1
       3
       1
       1
       1
       5
       3
       1
       0
       1
       1
       1
       0
       3
       0
       4
       1
       1
       2
       2
       1
       3
       5
       3
       3
       4
       3
       5
       1
       1
       3
       1
       1
       2
       0
       2
       1
       2
       2
       0
       2
       3
       1
       2
       4
       4
       0
       1
       3
       6
       2
       3
       0
       4
       3
       2
       4
       3
       3
       4
       3
       2
       3
       3
       5
       4
       1
       3
       2
       3
       2
       1
       1
       3
       1
       0
       3
       7
       2
       4
       2
       1
       3
       1
       2
       3
       1
       0
       1
       3
       1
       0
       0
       5
       1
       1
       5
       2
       1
       3
       0
       4
       2
       0
       6
       2
       0
       0
       3
       2
       2
       2
       0
       3
       5
       2
       3
       3
       3
       0
       1
       3
       1
       2
       6
       2
       1
       1
       1
       1
       1
       1
       0
       2
       1
       1
       2
       0
       7
       3
       3
       3
       2
       1
       1
       2
       3
       2
       3
       2
       2
       3
       3
       2
       3
       3
       1
       3
       5
       1
       0
       1
       4
       6
       1
       1
       0
       5
       1
       1
       4
       2
       3
       1
       0
       1
       7
       6
       2
       0
       3
       2
       0
       0
       3
       2
       2
       2
       1
       5
       2
       1
       3
       6
       1
       4
       3
       1
       4
       3
       2
       1
       0
       2
       2
       2
       3
       3
       1
       1
       2
       2
       6
       2
       0
       4
       3
       3
       1
       0
       3
       1
       1
       5
       2
       0
       2
       1
       1
       3
       4
       4
       1
       2
       0
       3
       1
       5
       4
       0
       3
       4
       1
       3
       4
       3
       3
       2
       0
       2
       2
       1
       2
       4
       2
       3
       1
       5
       5
       4
       2
       0
       4
       3
       3
       5
       1
       7
       2
       3
       1
       0
       1
       1
       3
       2
       3
       1
       4
       2
       6
       4
       0
       4
       6
       1
       2
       3
       2
       1
       1
       4
       2
       1
       3
       0
       2
       4
       3
       2
       3
       0
       5
       3
       3
       1
       1
       3
       5
       2
       3
       2
       2
       3
       4
       1
       1
       1
       4
       3
       3
       5
       2
       2
       3
       2
       5
       1
       2
       2
       3
       2
       2
       0
       0
       2
       7
       3
       1
       4
       4
       1
       0
       3
       1
       2
       3
       2
       4
       3
       0
       5
       4
       1
       1
       3
       1
       1
       2
       4
       1
       1
       3
       3
       6
       4
       1
       3
       2
       1
       4
       2
       0
       1
       1
       2
       3
       5
       2
       2
       2
       3
       3
       4
       5
       3
       0
       3
       4
       2
       1
       4
       4
       2
       0
       1
       1
       1
       2
       3
       3
       7
       6
       3
       1
       6
       3
       4
       2
       6
       4
       2
       4
       0
       2
       4
       3
       3
       4
       3
       0
       2
       4
       2
       2
       2
       5
       1
       1
       1
       3
       4
       0
       2
       8
       3
       3
       3
       4
       2
       5
       3
       1
       1
       1
       1
       3
       1
       3
       4
       1
       2
       1
       3
       1
       3
       3
       4
       1
       1
       3
       5
       2
       3
       3
       0
       3
       4
       2
       2
       3
       3
       4
       4
       0
       4
       3
       4
       4
       2
       0
       2
       5
       2
       3
       3
       6
       2
       2
       0
       2
       1
       4
       2
       1
       2
       1
       6
       2
       2
       4
       2
       3
       2
       1
       2
       3
       0
       0
       1
       5
       0
       2
       1
       2
       3
       1
       4
       3
       1
       5
       1
       3
       3
       5
       0
       8
       3
       2
       5
       3
       4
       0
       4
       1
       0
       3
       5
       5
       4
       0
       2
       2
       2
       5
       3
       1
       1
       2
       2
       4
       3
       0
       2
       3
       5
       4
       5
       0
       6
       3
       3
       2
       7
       0
       2
       3
       6
       3
       5
       2
       0
       4
       2
       5
       4
       2
       4
       1
       2
       2
       8
       0
       2
       6
       5
       2
       3
       1
       1
       4
       6
       0
       7
       3
       6
       4
       4
       3
       7
       3
       5
       4
       4
       6
       4
       2
       4
       3
       6
       3
       9
       4
       1
       5
       3
       8
       5
       4
       1
       3
       4
       3
       4
       4
       1
       2
       6
       5
       7
       6
       4
       3
       1
       2
       3
       4
       6
       6
       6
      11
       5
       5
       6
       8
       3
       3
       4
       2
       3
       2
       4
       4
       6
       7
       4
       3
       3
       4
       8
       8
       6
       6
       5
       2
       7
       8
       3
       3
       5
       1
       6
       4
       4
       7
       3
       6
       6
       8
       7
       6
       6
       5
       2
       4
       6
       5
       7
       9
       9
      11
       6
       7
       7
       6
       7
       3
       8
       8
       8
       8
       9
       7
       6
      11
       4
       3
       7
      10
       6
       8
       7
       3
       7
       8
       4
       4
      11
       5
      10
       4
       5
       6
       8
       2
       5
       7
       8
      10
       4
       9
       6
       6
       7
       5
       9
       3
       5
       5
       9
       7
       3
       2
       7
       7
      10
       5
       8
       3
       2
       6
       5
       5
       8
       6
       7
       7
       3
       5
       7
       9
       5
       7
       5
       6
       8
       3
       6
       4
       4
       9
       7
       2
       4
       9
       6
       5
       5
       8
       9
       2
       2
       3
      10
      11
       8
       8
       7
      13
      10
       9
       8
      12
       5
       8
      10
       9
      10
       7
      12
      11
       7
       7
      11
      10
      18
      10
      20
      16
      15
       8
       3
      20
      14
      16
      16
      13
      12
      14
      18
      19
      16
      10
      20
      20
      14
      21
      21
      24
      17
      18
      17
      18
      22
      24
      26
      22
      25
      28
      21
      38
      28
      33
      38
      43
      34
      36
      30
      48
      48
      55
      44
      57
      45
      47
      45
      60
      58
      65
      65
      80
      61
      73
      68
      69
      56
      84
      84
     104
      83
     106
     103
      99
     105
     130
     108
     122
     125
     135
     130
     143
     151
     134
     135
     168
     170
     155
     164
     169
     149
     171
     171
     190
     184
     201
     212
     207
     221
     208
     219
     253
     256
     270
     281
     251
     287
     263
     283
     277
     293
     273
     323
     300
     331
     316
     332
     368
     344
     355
     354
     369
     377
     361
     384
     367
     387
     396
     417
     397
     369
     402
     418
     386
     454
     401
     446
     435
     444
     414
     415
     444
     445
     432
     472
     437
     422
     450
     429
     459
     422
     469
     432
     435
     464
     461
     429
     409
     417
     481
     410
     422
     437
     426
     411
     387
     437
     440
     400
     419
     399
     400
     400
     394
     401
     373
     366
     354
     358
     358
     341
     326
     326
     330
     335
     319
     304
     300
     298
     281
     298
     291
     245
     267
     267
     267
     245
     265
     250
     234
     208
     216
     185
     187
     243
     184
     166
     173
     183
     158
     181
     167
     159
     127
     120
     151
     135
     142
     151
     146
     113
      90
     103
     112
     101
      92
      82
      90
      80
      66
      95
      92
      65
      76
      52
      63
      57
      59
      52
      53
      55
      44
      46
      55
      46
      39
      44
      35
      42
      37
      31
      25
      32
      28
      28
      25
      16
      24
      28
      19
      24
      10
      18
      19
      13
      11
      10
      10
       8
       9
      13
      13
       9
       5
      10
       7
       6
       3
      10
       3
       3
       4
       6
       5
       2
       2
       4
       4
       2
       1
       0
       0
       2
       1
       2
       0
       2
       2
       1
       1
       0
       1
       1
       0
       1
       0
       1
       1
       0
       1
       0
       0
       0
       0
       0
       0
       0
       3
       0
       1
       0
       0
       1
       0
       0
       0
       0
       0
       0
       0
       0
       0
       0
       0
       0
       0
       0
       0
       0
       0
       0
       0
       1
       0
       0
       0
       0
       0
       0
       0
       0
       0
       0
       0
       0
       0
       0
       0
       0
       0
       0
       0
       0
       0
       0
       0
       0
       0
       0
       0
       0
       0
       0
       0
       0
       1
       0
       0
       0
       0
       0
       0
       0
       0
       0
       0
       0
       0
       0
       0
       0
       0
       0
       0
       0
       0
       0
       0
       0
       0
       0
       1
       0
       0
       0
       0
       0
       0
       0
       0
       0
       0
       0
       0
       0
       0
       0
       0
       0
       0
       0
       0
       0
       0
       0
       0
       0
       0
       0
       0
       0
       0
       0
       0
       0
       0
       0
       0
       0
       0
       0
       1
       0
       0
       0
       0
       0
       0
       0
       0
       0
       0
       0
       0
       0
       0
       0
       0
       0
       0
       0
       0
       0
       0
       0
       0
       0
       0
       0
       0
       0
       0
       0
       0
       0
       0
       0
       0
       0
       0
       0
       1
       0
       0
       1
       0
       0
       0
       0
       0
       0
       0
       0
       0
       0
       0
       0
       0
       0
       0
       0
       0
       0
       0
       0
       0
       0
       0
       0
       0
       0
       0
       0
       0
       0
       0
       0
       0
       0
       0
       0
       0
       0
       0
       0
       0
       0
       0
       0
       0
       0
       0
       0
       0
       0
       0
       0
       0
       0
       0
       0
       0
       0
       0
       0
       0
       0
       0
       0
       0
       0
       1
       0
       0
       0
       0
       0
       0
       0
       0
       0
       0
       0
       0
       0
       0
       0
       0
       1
       0
       0
       0
       0
       0
       0
       0
       1
       0
       0
       0
       0
       0
       0
       0
       0
       0
       0
       0
       0
       0
       1
       0
       0
       0
       0
       0
       0
       0
       0
       0
       0
       0
       0
       0
       0
       1
       0
       0
       0
       0
       0
       0
       0
       0
       0
       0
       0
       0
       0
       0
       0
       0
       0
       0
       0
       0
       0
       0
       0
       0
       0
       0
       0
       0
       0
       0
       0
       0
       0
       0
       0
       0
       0
       0
       0
       0
       0
       0
       0
       0
       0
       0
       0
       0
       0
       0
       0
       0
       0
$ROI:
0
$PRESETS:
Live Time
120
0
$ENER_FIT:
0.000000 0.002526
$MCA_CAL:
3
0.000000E+000 2.525835E-003 0.000000E+000 keV
$SHAPE_CAL:
3
0.000000E+000 0.000000E+000 0.000000E+000
