$SPEC_ID:
No sample description was entered.
$SPEC_REM:
DET# 1
DETDESC# 
AP# Maestro Version 6.08
$DATE_MEA:
09/21/2017 10:31:25
$MEAS_TIM:
120 120
$DATA:
0 2047
       0
       0
       0
       0
       0
       0
       0
       0
       0
       0
       0
       0
       0
       0
       0
       0
       0
       0
       0
       0
       0
       0
       0
       0
       0
       0
       0
       0
       0
       0
       0
       0
       0
       0
       0
       0
       0
       0
       0
       0
       0
       0
       0
       0
       0
       0
       0
       0
       0
       0
       0
       0
       0
       0
       0
       0
       0
       0
       0
       0
       0
       0
       0
       0
       0
       0
       0
       0
       0
       0
       0
       0
       0
       0
       0
       0
       0
       0
       0
       0
       0
       0
       0
       0
       0
       0
       0
       0
       0
       0
       0
       0
       0
       0
       0
       0
       0
       0
       0
       0
       0
       0
       0
       0
       0
       0
       0
       0
       0
       0
       0
       0
       0
       0
       0
       0
       0
       0
       0
       0
       0
       0
       0
       0
       0
       0
       0
       0
       0
       0
       0
       0
       0
       0
       0
       0
       0
       0
       0
       0
       0
       0
       0
       0
       0
       0
       0
       0
       0
       0
       0
       0
       0
       0
       0
       0
       0
       0
       0
       0
       0
       0
       0
       0
       0
       0
       0
       0
       0
       0
       0
       0
       0
       0
       0
       0
       0
       0
       0
       0
       0
       0
       0
       0
       0
       0
       0
       0
       0
       0
       0
       0
       0
       0
       0
       0
       0
       0
       1
       3
       1
       0
       1
       5
       3
       0
       3
       2
       4
       2
       1
       3
       0
       2
       0
       3
       5
       2
       3
       0
       2
       4
       2
       0
       2
       4
       3
       1
       3
       3
       3
       0
       2
       3
       1
       3
       3
       1
       1
       0
       1
       3
       3
       1
       1
       2
       1
       1
       0
       1
       1
       1
       1
       2
       0
       1
       2
       0
       1
       0
       1
       1
       0
       0
       1
       1
       1
       2
       0
       2
       1
       1
       1
       0
       1
       1
       0
       1
       0
       0
       2
       1
       1
       1
       2
       2
       0
       2
       3
       2
       3
       1
       3
       2
       2
       0
       3
       5
       2
       1
       1
       4
       3
       0
       3
       1
       2
       2
       0
       0
       2
       0
       1
       5
       2
       1
       2
       2
       3
       1
       0
       5
       1
       0
       3
       2
       0
       3
       3
       4
       2
       1
       0
       0
       5
       0
       2
       1
       1
       3
       3
       1
       0
       1
       2
       2
       3
       1
       5
       3
       1
       2
       4
       3
       0
       2
       3
       2
       1
       2
       2
       2
       2
       1
       5
       1
       1
       2
       2
       3
       4
       3
       0
       1
       2
       2
       4
       1
       2
       2
       5
       0
       4
       4
       6
       1
       2
       3
       3
       1
       1
       2
       4
       1
       2
       3
       2
       0
       0
       1
       0
       1
       5
       3
       2
       3
       3
       1
       2
       4
       4
       1
       0
       6
       2
       2
       1
       2
       3
       3
       2
       3
       3
       3
       5
       2
       1
       2
       2
       2
       2
       5
       1
       0
       5
       5
       4
       5
       7
       2
       3
       4
       3
       4
       1
       2
       6
       5
       2
       1
       4
       1
       1
       3
       4
       1
       4
       4
       3
       8
       0
       3
       3
       2
       2
       4
       2
       4
       3
       2
       1
       2
       1
       0
       1
       6
       4
       2
       4
       2
       2
       4
       4
       1
       1
       6
       0
       1
       4
       1
       1
       7
       5
       0
       4
       6
       4
       3
       6
       2
       2
       2
       1
       1
       4
       4
       2
       2
       2
       4
       3
       1
       5
       5
       2
       5
       3
       1
       7
       2
       4
       2
       6
       3
       8
       3
       1
       2
       6
       7
       3
       5
       3
       3
       1
       2
       4
       3
       5
       5
       5
       3
       2
       6
       3
       4
       2
       2
       1
       1
       3
       3
       5
       5
       5
       7
       3
       2
       7
       6
       4
       4
       4
       4
       6
       5
       5
       4
       6
       1
       3
       2
       2
       2
       3
       5
       2
       2
       1
       8
       3
       2
       4
       2
       4
       7
       5
       3
       7
       3
       5
       7
       7
       8
       6
       5
       1
       5
       9
       4
       8
       5
       2
       4
       6
       9
       5
       4
       3
       6
       4
       9
      10
       7
      12
       5
       2
       9
       4
       7
       9
       3
       5
       8
      11
      10
      14
       3
       4
      10
       5
       5
      11
       8
      11
       9
      11
      13
       8
      12
      11
       9
      12
       6
       9
       9
      13
      10
      12
      10
      11
      18
      10
       8
      14
      13
      17
      13
      15
      16
      14
      14
      16
      10
      19
      21
      15
      15
      17
      15
      19
      24
      13
      25
      28
      22
      24
      23
      30
      22
      24
      28
      25
      26
      22
      22
      32
      27
      25
      28
      33
      22
      28
      35
      33
      41
      34
      25
      40
      31
      31
      35
      32
      51
      46
      42
      40
      29
      53
      43
      49
      38
      39
      38
      39
      50
      47
      41
      57
      47
      57
      49
      58
      63
      65
      47
      62
      40
      67
      61
      68
      54
      51
      62
      68
      68
      77
      83
      67
      64
      80
      84
      73
      79
      71
      78
      87
      89
      87
      96
      81
      79
      97
     110
      74
     107
     110
     128
     109
      96
     110
     118
     117
     124
     112
     102
      89
     121
     141
     115
     129
     128
     127
     143
     154
     130
     139
     136
     132
     142
     160
     149
     144
     139
     139
     135
     153
     151
     159
     166
     152
     157
     155
     178
     170
     182
     151
     171
     171
     139
     158
     169
     182
     180
     205
     183
     166
     185
     193
     182
     198
     180
     174
     165
     211
     176
     195
     178
     187
     216
     216
     210
     195
     236
     188
     180
     204
     196
     212
     204
     211
     215
     199
     209
     195
     235
     224
     209
     220
     180
     221
     214
     207
     229
     218
     206
     209
     212
     211
     196
     233
     220
     226
     196
     196
     239
     203
     214
     220
     200
     217
     227
     215
     210
     218
     180
     213
     200
     191
     198
     222
     210
     209
     216
     191
     207
     176
     180
     217
     179
     201
     174
     196
     173
     190
     189
     174
     171
     184
     157
     182
     181
     182
     182
     164
     163
     179
     172
     180
     180
     146
     170
     166
     169
     130
     158
     146
     136
     153
     136
     149
     132
     141
     168
     154
     145
     144
     111
     133
     133
     130
     138
     122
     127
     129
     125
     142
      98
     113
     102
     104
      92
      94
      98
     115
     103
      81
      80
     100
      90
     100
      84
     100
      88
      80
      90
      77
      70
      82
      79
      91
      74
      61
      64
      71
      73
      60
      67
      67
      63
      58
      61
      52
      41
      41
      57
      62
      48
      45
      41
      49
      43
      40
      49
      24
      56
      41
      37
      39
      39
      42
      27
      35
      32
      37
      36
      34
      28
      36
      27
      21
      23
      34
      31
      26
      21
      28
      18
      26
      24
      16
      25
      25
      18
      12
      23
      14
      11
      14
      14
      18
      12
      11
      10
      11
       7
      15
      11
       9
       6
       8
      12
      15
      10
       8
       7
       9
       4
      11
       5
       6
       3
       3
       9
       1
       2
       1
       7
       3
       5
       2
       4
       5
       5
       4
       7
       7
       3
       1
       2
       5
       4
       3
       3
       2
       0
       4
       3
       8
       2
       4
       0
       0
       1
       3
       1
       4
       1
       1
       1
       2
       2
       1
       0
       1
       0
       2
       2
       2
       1
       1
       4
       0
       0
       2
       3
       1
       0
       0
       0
       0
       0
       3
       1
       0
       0
       1
       0
       0
       1
       0
       0
       0
       1
       0
       2
       0
       0
       1
       0
       1
       0
       0
       0
       0
       0
       0
       0
       1
       1
       1
       1
       0
       0
       0
       0
       0
       0
       0
       0
       0
       0
       0
       0
       0
       1
       0
       0
       0
       0
       2
       0
       0
       0
       0
       0
       0
       0
       0
       0
       1
       1
       0
       0
       0
       0
       0
       0
       0
       0
       0
       0
       0
       0
       0
       0
       0
       0
       0
       0
       0
       0
       0
       0
       0
       0
       0
       0
       0
       0
       0
       0
       0
       0
       0
       0
       0
       0
       0
       0
       0
       0
       0
       0
       1
       1
       0
       0
       0
       0
       0
       0
       0
       0
       0
       0
       0
       0
       0
       0
       0
       0
       0
       0
       0
       1
       0
       0
       0
       0
       0
       0
       0
       0
       0
       0
       0
       0
       0
       0
       0
       0
       0
       0
       0
       0
       0
       0
       0
       0
       0
       0
       0
       0
       0
       0
       0
       0
       0
       0
       1
       0
       0
       0
       0
       1
       0
       0
       0
       0
       0
       0
       0
       0
       0
       0
       0
       0
       0
       0
       0
       0
       0
       0
       0
       0
       0
       0
       0
       0
       0
       0
       0
       0
       0
       0
       0
       0
       0
       0
       0
       0
       0
       0
       0
       0
       0
       0
       0
       0
       0
       0
       0
       0
       0
       0
       0
       0
       0
       0
       0
       0
       0
       0
       0
       0
       0
       0
       0
       0
       0
       1
       1
       0
       0
       0
       0
       0
       0
       0
       0
       0
       0
       0
       0
       0
       0
       0
       0
       0
       0
       0
       0
       0
       0
       0
       0
       0
       0
       0
       1
       0
       0
       0
       0
       0
       0
       0
       0
       0
       0
       0
       0
       0
       0
       0
       0
       0
       0
       0
       0
       0
       0
       0
       0
       0
       0
       0
       0
       0
       0
       0
       0
       0
       0
       0
       0
       0
       0
       0
       0
       0
       1
       0
       0
       0
       0
       0
       0
       0
       0
       0
       0
       0
       0
       0
       1
       0
       0
       0
       0
       1
       0
       0
       0
       0
       0
       0
       0
       0
       0
       0
       0
       0
       0
       0
       0
       0
       0
       0
       0
       0
       0
       0
       0
       0
       0
       0
       0
       0
       0
       0
       0
       0
       0
       0
       0
       0
       0
       0
       0
       0
       0
       0
       0
       0
       0
       0
       0
       0
       0
       0
       0
       0
       0
       0
       0
       0
       0
       0
       0
       0
       0
       0
       0
       1
       0
       0
       0
       0
       0
       0
       0
       0
       0
       0
       0
       0
       0
       0
       0
       0
       0
       0
       0
       0
       0
       0
       0
       0
       0
       0
       0
       0
       0
       0
       0
       0
       0
       0
       0
       0
       0
       0
       0
       0
       0
       0
       0
       0
       1
       0
       0
       0
       0
       1
       0
       0
       0
       0
       1
       0
       0
       0
       0
       0
       1
       0
       0
       0
       0
       0
       0
       0
       0
       0
       0
       0
       0
       0
       0
       0
       0
       0
       0
       0
       0
       0
       0
       0
       0
       0
       0
       0
       0
       0
       0
       0
       0
       0
       0
       0
       0
       1
       0
       0
       0
       0
       0
       0
       0
       1
       0
       0
       0
       0
       0
       0
       0
       1
       0
       1
       0
       0
       0
       0
       0
       0
       0
       0
       0
       0
       0
       1
       0
       0
       0
       0
       0
       0
       0
       0
       0
       0
       0
       0
       0
       0
       0
       0
       0
       0
       0
       0
       0
       0
       1
       0
       0
       0
       0
       0
       0
       0
       0
       0
       0
       0
       0
       0
       0
       0
       0
       0
       0
       0
       0
       0
       0
       0
       0
       0
       0
       0
       0
       0
       0
       0
       0
       0
       0
       0
       0
       1
       0
       0
       0
       0
       0
       0
       0
       0
       0
       0
       1
       0
       0
       0
       0
       0
       0
       0
       0
       0
       0
       0
       0
       0
       0
       0
       0
       0
       0
       0
       0
       0
       0
       0
       0
       0
       0
       0
       0
       0
       0
       0
       0
       0
       0
       0
       0
       0
       0
       0
       0
       0
       0
       0
       0
       0
       0
       0
       0
       0
       1
       0
       0
       0
       0
       0
       0
       0
       0
       0
       0
       0
       0
       0
       0
       0
       0
       0
       0
       0
       0
       0
       0
       0
       0
       0
       0
       0
       0
       0
       0
       0
       0
       0
       0
       0
       0
       0
       0
       0
       0
       0
       0
       0
       0
       1
       0
       0
       0
       0
       0
       0
       0
       0
       0
       0
       0
       0
       0
       0
       0
       0
       0
       0
       0
       0
       0
       0
       0
       0
       0
       0
       0
       0
       0
       0
       0
       0
       0
       0
       1
       0
       0
       0
       0
       0
       0
       0
       0
       0
       0
       0
       0
       0
       0
       0
       0
       0
       0
       0
       0
       0
       0
       0
       0
       0
       0
       0
       0
       0
       0
       0
       0
       0
       0
       0
       0
       0
       0
       0
       0
       0
       0
       0
       0
       0
       0
       0
       0
       0
       0
       0
       0
       0
       0
       0
       0
       0
       0
       0
       0
       0
       0
       0
       0
       0
       0
       0
       0
       0
       0
       0
       0
       0
       0
       0
       0
       0
       0
       0
       0
       0
       0
       0
       0
       0
       0
       0
       0
       0
       1
       0
       0
       0
       0
       0
       0
       0
       0
       0
       1
       0
       0
       0
       0
       0
       0
       0
       0
       0
       0
       0
       0
       0
       0
       0
       0
       1
       0
       0
       0
       0
       0
       0
       0
       0
       0
       0
       0
       0
       0
       0
       0
       0
       0
       0
       0
       0
       0
       0
       0
       0
       0
       0
       0
       0
       0
       0
       0
       0
       0
       0
       0
       0
       0
       0
       0
       0
       0
       0
       0
       0
       0
       0
       0
       0
       0
       0
       0
       0
       0
       0
       0
       0
       0
       0
       0
       0
       0
       0
       0
       0
       0
       0
       0
       0
       0
       0
       0
       0
       0
       0
       0
       0
       0
       0
       0
       0
       0
       0
       0
       0
       0
       0
       0
       0
       0
       0
       0
       0
       0
       0
       0
       0
       0
       0
       0
       0
       0
       0
       0
       0
       0
       0
       0
       0
       0
       0
       0
       0
       0
       0
       0
       0
       0
       0
       0
       0
       0
       0
       0
       0
       0
       0
$ROI:
0
$PRESETS:
Live Time
120
0
$ENER_FIT:
0.000000 0.002526
$MCA_CAL:
3
0.000000E+000 2.525835E-003 0.000000E+000 keV
$SHAPE_CAL:
3
0.000000E+000 0.000000E+000 0.000000E+000
