$SPEC_ID:
No sample description was entered.
$SPEC_REM:
DET# 1
DETDESC# 
AP# Maestro Version 6.08
$DATE_MEA:
09/21/2017 10:41:28
$MEAS_TIM:
120 120
$DATA:
0 2047
       0
       0
       0
       0
       0
       0
       0
       0
       0
       0
       0
       0
       0
       0
       0
       0
       0
       0
       0
       0
       0
       0
       0
       0
       0
       0
       0
       0
       0
       0
       0
       0
       0
       0
       0
       0
       0
       0
       0
       0
       0
       0
       0
       0
       0
       0
       0
       0
       0
       0
       0
       0
       0
       0
       0
       0
       0
       0
       0
       0
       0
       0
       0
       0
       0
       0
       0
       0
       0
       0
       0
       0
       0
       0
       0
       0
       0
       0
       0
       0
       0
       0
       0
       0
       0
       0
       0
       0
       0
       0
       0
       0
       0
       0
       0
       0
       0
       0
       0
       0
       0
       0
       0
       0
       0
       0
       0
       0
       0
       0
       0
       0
       0
       0
       0
       0
       0
       0
       0
       0
       0
       0
       0
       0
       0
       0
       0
       0
       0
       0
       0
       0
       0
       0
       0
       0
       0
       0
       0
       0
       0
       0
       0
       0
       0
       0
       0
       0
       0
       0
       0
       0
       0
       0
       0
       0
       0
       0
       0
       0
       0
       0
       0
       0
       0
       0
       0
       0
       0
       0
       0
       0
       0
       0
       0
       0
       0
       0
       0
       0
       0
       0
       0
       0
       0
       0
       0
       0
       0
       0
       0
       0
       0
       0
       0
       0
       0
       0
       0
       1
       1
       4
       2
       1
       1
       2
       1
       5
       2
       0
       1
       3
       0
       1
       1
       2
       3
       1
       0
       1
       1
       1
       1
       0
       2
       4
       3
       2
       2
       2
       1
       2
       1
       1
       0
       2
       0
       3
       1
       3
       0
       0
       2
       1
       0
       1
       1
       1
       1
       0
       1
       2
       4
       1
       2
       2
       3
       3
       2
       3
       2
       1
       1
       4
       2
       0
       3
       0
       3
       0
       0
       3
       0
       1
       2
       0
       2
       1
       1
       2
       2
       0
       2
       1
       1
       0
       3
       1
       3
       0
       3
       2
       0
       0
       0
       2
       4
       1
       1
       0
       5
       1
       6
       0
       1
       2
       3
       3
       0
       2
       1
       0
       1
       2
       0
       1
       0
       5
       0
       1
       4
       1
       1
       0
       3
       1
       3
       1
       2
       1
       6
       2
       1
       3
       1
       4
       4
       1
       3
       3
       2
       0
       2
       1
       4
       3
       2
       2
       2
       1
       2
       0
       2
       0
       4
       0
       2
       1
       2
       1
       1
       0
       0
       2
       2
       3
       3
       1
       2
       3
       0
       3
       2
       2
       4
       3
       2
       2
       2
       1
       2
       0
       3
       0
       2
       7
       3
       2
       2
       2
       5
       2
       1
       4
       5
       2
       3
       2
       2
       1
       2
       1
       2
       1
       4
       1
       0
       4
       2
       4
       1
       4
       3
       0
       2
       2
       2
       1
       4
       4
       7
       2
       0
       1
       1
       4
       6
       3
       4
       2
       1
       3
       3
       5
       1
       4
       2
       3
       0
       5
       6
       2
       4
       3
       3
       2
       1
       1
       3
       5
       4
       4
       0
       0
       5
       1
       2
       1
       3
       1
       3
       6
       4
       1
       2
       2
       4
       1
       3
       1
       5
       3
       3
       1
       1
       2
       3
       5
       1
       1
       5
       5
       3
       2
       1
       4
       1
       1
       1
       5
       2
       4
       4
       1
       4
       4
       4
       5
       4
       2
       3
       2
       1
       2
       2
       3
       5
       1
       1
       3
       1
       5
       6
       4
       1
       2
       3
       2
       2
       2
       2
       1
       3
       4
       4
       3
       2
       4
       7
       0
       1
       4
       2
       1
       0
       2
       5
       3
       4
       1
       3
       6
       3
       1
       3
       2
       4
       1
       2
       3
       1
       3
       4
       1
       3
       4
       3
       5
       2
       6
       4
       2
       3
       2
       2
       1
       4
       5
       4
       5
       5
       5
       1
       4
       1
       5
       6
       1
       4
       5
       3
       6
       4
       3
       5
       4
       2
       5
       5
       4
       4
       4
       6
       1
       3
       7
       9
       5
       6
       7
       6
       1
       4
       7
       5
       7
       9
       6
       6
       1
      10
       1
       4
       7
       3
       5
       7
       6
       2
       7
       8
       7
       6
       8
       5
       7
       8
       8
       7
      11
       5
       7
      14
       9
       6
       8
       6
       6
       9
      12
      10
       8
      13
      10
      21
       8
       8
      10
       6
      12
      17
       9
       8
      18
       7
      13
      15
       9
      18
      16
       8
      17
      13
      17
      18
      25
      14
      24
      18
      22
      10
      16
      20
       9
      27
      25
      18
      22
      26
      22
      14
      19
      20
      27
      16
      18
      22
      42
      31
      35
      22
      26
      37
      28
      23
      34
      33
      43
      24
      29
      41
      38
      31
      38
      26
      33
      43
      46
      44
      50
      37
      41
      40
      56
      37
      57
      53
      50
      46
      46
      59
      66
      39
      53
      56
      54
      65
      57
      64
      76
      80
      95
      64
      76
      71
      72
      90
      82
      69
      83
      98
      64
      81
      77
      86
      64
      96
      95
      78
      88
      91
      87
     100
      97
     101
     111
     115
      92
     126
     102
     121
     122
     109
     117
      92
     123
     105
     121
     125
     113
     119
     135
     120
     132
     141
     137
     154
     149
     133
     141
     144
     155
     126
     133
     130
     153
     165
     157
     161
     171
     141
     161
     172
     175
     178
     184
     178
     164
     151
     174
     171
     168
     173
     158
     176
     188
     168
     160
     155
     178
     179
     192
     193
     197
     194
     181
     194
     217
     195
     191
     168
     216
     202
     207
     220
     218
     228
     228
     200
     215
     212
     206
     202
     188
     209
     204
     214
     205
     207
     210
     213
     234
     222
     190
     231
     209
     209
     195
     242
     203
     223
     164
     202
     220
     204
     202
     217
     230
     230
     217
     214
     219
     247
     207
     230
     201
     193
     202
     205
     192
     193
     207
     218
     201
     205
     198
     204
     204
     190
     206
     199
     175
     194
     190
     216
     195
     189
     195
     191
     172
     191
     151
     183
     175
     187
     178
     187
     169
     151
     173
     156
     183
     149
     136
     166
     148
     160
     128
     137
     152
     168
     147
     149
     125
     156
     132
     138
     114
     139
     124
     129
     126
     112
     132
     129
     125
     113
     110
     116
     122
     106
      83
     100
     109
      97
     103
      90
      94
      99
      90
      83
      95
      69
      83
      66
      73
      89
      77
      74
      62
      64
      88
      71
      66
      57
      81
      63
      54
      57
      60
      49
      53
      63
      45
      53
      54
      42
      59
      62
      57
      46
      55
      48
      43
      40
      36
      31
      36
      26
      29
      46
      32
      35
      33
      33
      29
      35
      33
      27
      38
      18
      25
      25
      23
      16
      27
      34
      27
      23
      14
      22
      22
      17
      23
      24
      18
      15
      12
      28
      21
      14
       9
      14
      14
      16
       7
      10
       9
      11
      10
      14
      15
       8
       9
       6
      10
       4
       6
       7
       9
       7
      11
       8
       5
       6
       7
       5
       6
       8
       4
       7
       3
       4
       2
       1
       4
       2
       3
       4
       3
       2
       2
       3
       0
       1
       2
       1
       5
       0
       3
       3
       0
       4
       0
       1
       2
       2
       3
       2
       0
       1
       1
       2
       1
       1
       1
       0
       2
       0
       0
       4
       0
       0
       0
       1
       0
       0
       3
       0
       1
       1
       0
       0
       0
       0
       1
       0
       0
       0
       0
       0
       1
       1
       0
       0
       0
       0
       1
       0
       1
       0
       0
       0
       0
       1
       0
       0
       1
       0
       0
       1
       0
       0
       0
       0
       0
       0
       0
       0
       0
       0
       0
       1
       1
       0
       0
       0
       0
       0
       0
       1
       0
       0
       0
       0
       0
       0
       0
       0
       0
       1
       0
       0
       0
       0
       0
       0
       0
       0
       0
       0
       0
       0
       1
       0
       0
       0
       0
       0
       0
       0
       0
       0
       0
       0
       0
       0
       0
       0
       0
       0
       0
       0
       0
       0
       0
       0
       0
       0
       0
       0
       0
       0
       0
       0
       0
       0
       0
       0
       0
       0
       0
       0
       0
       0
       0
       0
       0
       0
       0
       0
       0
       0
       0
       0
       0
       0
       0
       0
       0
       0
       0
       0
       0
       0
       0
       0
       0
       0
       0
       0
       0
       0
       0
       0
       0
       0
       0
       0
       0
       0
       0
       0
       0
       0
       0
       0
       0
       0
       0
       0
       0
       0
       0
       0
       0
       0
       0
       0
       0
       0
       0
       1
       0
       0
       0
       0
       0
       0
       0
       0
       0
       0
       0
       0
       0
       0
       0
       0
       0
       0
       0
       1
       0
       0
       0
       0
       0
       0
       0
       0
       0
       0
       1
       0
       0
       0
       0
       0
       0
       0
       0
       0
       0
       0
       0
       0
       0
       0
       0
       0
       0
       0
       0
       0
       0
       0
       0
       0
       0
       0
       0
       0
       0
       0
       0
       0
       0
       0
       0
       0
       0
       0
       0
       0
       0
       0
       0
       0
       0
       0
       0
       0
       0
       0
       0
       1
       0
       0
       0
       0
       0
       0
       0
       0
       0
       0
       0
       0
       0
       0
       0
       0
       0
       0
       0
       0
       0
       0
       0
       1
       0
       0
       0
       0
       0
       0
       0
       0
       0
       0
       0
       0
       0
       0
       0
       0
       0
       0
       0
       0
       0
       0
       0
       0
       0
       0
       1
       0
       0
       0
       0
       0
       0
       0
       0
       0
       0
       0
       0
       0
       0
       0
       0
       0
       0
       0
       0
       0
       0
       0
       0
       0
       0
       0
       0
       0
       0
       0
       0
       0
       1
       0
       0
       0
       0
       0
       0
       0
       0
       0
       0
       0
       0
       0
       0
       0
       0
       0
       0
       0
       0
       0
       0
       0
       0
       0
       0
       0
       0
       0
       0
       0
       0
       0
       0
       0
       0
       0
       0
       0
       0
       0
       0
       0
       0
       0
       0
       0
       0
       0
       0
       0
       0
       0
       0
       0
       0
       0
       0
       0
       0
       0
       0
       0
       0
       0
       0
       0
       0
       0
       0
       0
       1
       0
       0
       0
       0
       0
       0
       0
       0
       0
       0
       0
       0
       0
       0
       0
       0
       0
       0
       1
       0
       0
       0
       0
       0
       0
       0
       0
       0
       0
       0
       0
       0
       1
       0
       0
       0
       0
       0
       0
       0
       0
       0
       0
       0
       0
       0
       0
       0
       0
       0
       0
       0
       0
       0
       0
       0
       0
       0
       0
       0
       0
       1
       0
       0
       0
       0
       0
       0
       0
       1
       0
       0
       0
       0
       0
       0
       0
       1
       0
       0
       0
       0
       0
       0
       0
       0
       0
       0
       1
       0
       0
       0
       0
       0
       0
       0
       0
       0
       0
       0
       0
       0
       0
       0
       0
       0
       0
       0
       0
       0
       0
       0
       0
       0
       0
       0
       0
       0
       0
       0
       0
       0
       0
       0
       0
       1
       0
       0
       0
       0
       0
       0
       0
       0
       0
       0
       0
       0
       0
       0
       0
       0
       0
       0
       0
       0
       0
       0
       0
       0
       1
       0
       0
       0
       0
       0
       0
       0
       0
       0
       0
       1
       0
       0
       0
       0
       0
       0
       0
       0
       0
       0
       0
       0
       0
       0
       0
       0
       0
       0
       1
       0
       0
       0
       1
       0
       0
       0
       0
       0
       0
       0
       0
       0
       0
       0
       0
       0
       1
       0
       0
       0
       0
       0
       0
       0
       1
       0
       1
       0
       0
       0
       0
       0
       0
       0
       0
       0
       0
       0
       0
       0
       0
       0
       0
       0
       0
       0
       0
       0
       0
       1
       0
       0
       0
       0
       0
       0
       0
       0
       0
       0
       0
       0
       0
       0
       0
       0
       1
       0
       0
       0
       0
       0
       0
       0
       0
       0
       0
       0
       0
       0
       0
       0
       0
       0
       0
       0
       0
       0
       0
       0
       0
       0
       0
       0
       0
       0
       0
       0
       0
       0
       0
       0
       0
       0
       0
       0
       0
       0
       0
       0
       0
       0
       0
       0
       0
       0
       0
       0
       0
       0
       0
       0
       0
       0
       0
       0
       0
       0
       0
       0
       0
       0
       0
       0
       0
       0
       0
       0
       0
       0
       0
       0
       0
       0
       0
       0
       0
       0
       0
       0
       0
       0
       0
       0
       0
       0
       0
       0
       0
       0
       0
       0
       0
       0
       0
       0
       0
       0
       0
       0
       0
       0
       0
       0
       0
       0
       0
       0
       0
       0
       0
       0
       0
       0
       0
       0
       0
       0
       0
       0
       0
       0
       0
       0
       0
       0
       0
       0
       0
       0
       0
       0
       0
       0
       0
       0
       0
       0
       0
       0
       0
       0
       0
       0
       0
       0
       0
       0
       0
       0
       0
       0
       0
       0
       0
       0
       0
       0
       0
       0
       0
       0
       0
       0
       0
       0
       0
       0
       0
       0
       0
       0
       0
       0
       0
       0
       0
       0
       0
       0
       0
       0
       0
       0
       0
       0
       0
       0
       0
       0
       0
       0
       0
       0
       0
       0
       0
       0
       0
       0
       0
       0
       0
       0
       0
       0
       0
       0
       0
       0
       0
       0
       0
       0
       0
       0
       0
       0
       0
       0
       0
       0
       0
       0
       0
       1
       0
       0
       0
       0
       0
       0
       0
       0
       0
       0
       0
       0
       0
       0
       0
       0
       0
       0
       0
       0
       0
       0
       0
       0
       0
       0
       0
       0
       0
       0
       0
       0
       0
       0
       0
       0
       0
       0
       0
       0
       0
       0
       0
       0
       0
       0
       0
       0
       0
       0
       0
       0
       0
       0
       0
       0
       0
       0
       0
       0
       0
       0
       0
       0
       0
       0
$ROI:
0
$PRESETS:
Live Time
120
0
$ENER_FIT:
0.000000 0.002526
$MCA_CAL:
3
0.000000E+000 2.525835E-003 0.000000E+000 keV
$SHAPE_CAL:
3
0.000000E+000 0.000000E+000 0.000000E+000
