$SPEC_ID:
No sample description was entered.
$SPEC_REM:
DET# 1
DETDESC# 
AP# Maestro Version 6.08
$DATE_MEA:
09/21/2017 10:33:26
$MEAS_TIM:
120 120
$DATA:
0 2047
       0
       0
       0
       0
       0
       0
       0
       0
       0
       0
       0
       0
       0
       0
       0
       0
       0
       0
       0
       0
       0
       0
       0
       0
       0
       0
       0
       0
       0
       0
       0
       0
       0
       0
       0
       0
       0
       0
       0
       0
       0
       0
       0
       0
       0
       0
       0
       0
       0
       0
       0
       0
       0
       0
       0
       0
       0
       0
       0
       0
       0
       0
       0
       0
       0
       0
       0
       0
       0
       0
       0
       0
       0
       0
       0
       0
       0
       0
       0
       0
       0
       0
       0
       0
       0
       0
       0
       0
       0
       0
       0
       0
       0
       0
       0
       0
       0
       0
       0
       0
       0
       0
       0
       0
       0
       0
       0
       0
       0
       0
       0
       0
       0
       0
       0
       0
       0
       0
       0
       0
       0
       0
       0
       0
       0
       0
       0
       0
       0
       0
       0
       0
       0
       0
       0
       0
       0
       0
       0
       0
       0
       0
       0
       0
       0
       0
       0
       0
       0
       0
       0
       0
       0
       0
       0
       0
       0
       0
       0
       0
       0
       0
       0
       0
       0
       0
       0
       0
       0
       0
       0
       0
       0
       0
       0
       0
       0
       0
       0
       0
       0
       0
       0
       0
       0
       0
       0
       0
       0
       0
       0
       0
       0
       0
       0
       0
       0
       0
       0
       0
       2
       1
       3
       1
       0
       3
       1
       1
       5
       0
       2
       1
       2
       2
       0
       1
       1
       0
       1
       1
       2
       1
       1
       4
       1
       0
       2
       1
       3
       4
       2
       2
       1
       2
       0
       2
       2
       2
       3
       0
       0
       0
       2
       2
       3
       3
       3
       1
       2
       1
       2
       3
       0
       0
       1
       2
       2
       4
       1
       1
       1
       2
       1
       2
       2
       1
       2
       1
       1
       3
       2
       1
       1
       3
       3
       0
       4
       3
       3
       2
       1
       1
       1
       4
       0
       1
       5
       1
       2
       3
       4
       2
       1
       3
       3
       3
       1
       1
       3
       1
       2
       0
       3
       1
       3
       0
       0
       4
       1
       4
       2
       0
       2
       1
       1
       0
       3
       2
       1
       0
       1
       1
       1
       3
       2
       4
       0
       1
       1
       1
       1
       2
       5
       2
       1
       2
       2
       4
       1
       3
       5
       4
       4
       2
       6
       3
       1
       1
       3
       3
       1
       1
       4
       2
       3
       2
       3
       2
       0
       4
       3
       3
       0
       3
       3
       3
       3
       2
       5
       5
       2
       3
       2
       1
       3
       2
       5
       2
       0
       2
       3
       5
       0
       3
       3
       2
       5
       3
       1
       1
       1
       3
       1
       5
       0
       1
       2
       1
       4
       4
       4
       2
       0
       3
       1
       6
       4
       4
       3
       1
       4
       5
       2
       3
       2
       1
       1
       1
       3
       2
       4
       1
       1
       2
       3
       1
       2
       4
       1
       3
       1
       1
       3
       1
       4
       4
       4
       3
       2
       4
       6
       2
       3
       2
       3
       5
       3
       2
       3
       2
       3
       3
       1
       1
       4
       2
       1
       3
       3
       3
       3
       3
       3
       1
       1
       2
       0
       2
       0
       4
       5
       2
       5
       2
       4
       4
       3
       6
       1
       2
       6
       2
       6
       9
       0
       1
       4
       2
       3
       0
       1
       5
       2
       3
       5
       3
       4
       2
       2
       1
       8
       1
       1
       0
       2
       2
       3
       2
       2
       2
       0
       6
       4
       3
       2
       7
       5
       3
       0
       4
       1
       0
       4
       1
       7
       3
       3
       2
       5
       4
       3
       5
       4
       8
       5
       4
       3
       2
       2
       3
       6
       3
       3
       4
       7
       3
       0
       4
       6
       1
       1
       1
       0
       0
       5
       1
       5
       4
       5
       4
       3
       2
       3
       7
       4
       3
       5
       2
       6
       2
       2
       4
       4
       1
       6
       3
       2
       1
       2
       5
       5
       4
       6
       3
       4
       5
       6
       5
       5
       5
       6
       8
       6
       2
       5
       3
       9
       2
       4
       5
       5
       5
       3
       4
       3
      11
       9
       3
       6
       6
       8
       5
       7
       5
       6
       4
       6
       3
       7
       7
       4
       6
       8
      11
      10
       9
       7
      11
       7
      11
      11
       2
       3
       9
       6
       9
      16
       7
      11
      12
      11
      10
       8
      15
      12
       9
      14
      13
       8
       6
      11
      10
      14
       9
      14
      12
      10
      24
      15
      14
      19
      12
      15
       9
      15
      15
      13
      10
      18
      18
      23
      21
      19
      21
      23
      25
      22
      21
      21
      29
      19
      24
      19
      20
      28
      34
      26
      23
      26
      29
      30
      22
      31
      29
      33
      40
      25
      38
      36
      28
      33
      38
      35
      42
      33
      51
      45
      30
      39
      42
      43
      48
      49
      51
      41
      35
      49
      51
      54
      51
      57
      58
      58
      51
      67
      55
      59
      55
      58
      62
      53
      69
      58
      66
      51
      58
      68
      75
      74
      75
      85
      75
      76
      85
      90
      84
      76
      77
      87
      89
      89
      90
     100
      91
      94
      97
     102
     119
     108
      97
     109
     102
     117
     118
      94
     108
     109
     136
     125
     141
     112
     121
     113
     131
     113
     127
     125
     138
     137
     123
     124
     149
     154
     153
     184
     137
     154
     148
     146
     151
     158
     174
     177
     157
     171
     141
     163
     164
     170
     188
     182
     185
     163
     166
     180
     193
     188
     198
     176
     184
     187
     192
     170
     192
     198
     193
     195
     215
     186
     189
     169
     199
     203
     221
     191
     201
     221
     208
     235
     193
     196
     222
     216
     193
     216
     210
     172
     217
     220
     206
     203
     224
     202
     206
     212
     217
     213
     208
     231
     216
     196
     198
     188
     190
     203
     224
     208
     210
     226
     192
     223
     202
     220
     212
     169
     213
     201
     210
     206
     188
     170
     190
     183
     217
     197
     193
     194
     190
     202
     210
     186
     171
     202
     217
     180
     169
     165
     198
     167
     186
     172
     173
     176
     173
     205
     180
     145
     155
     159
     179
     156
     179
     158
     172
     155
     150
     130
     158
     180
     139
     150
     133
     148
     131
     149
     135
     128
     121
     142
     118
     131
     120
     148
     121
     116
     121
     131
     113
     124
     133
     101
     110
      94
     109
      94
      94
      90
      91
      81
     103
      94
      94
      88
      83
      89
      75
      73
      90
      66
      80
      58
      81
      80
      72
      61
      69
      71
      64
      61
      58
      61
      45
      66
      59
      50
      50
      48
      51
      53
      51
      50
      61
      42
      45
      49
      40
      42
      43
      34
      35
      33
      38
      39
      34
      37
      32
      35
      36
      25
      26
      20
      31
      29
      23
      17
      16
      29
      26
      26
      22
      29
      18
      25
      19
      16
       9
      18
       9
      10
      19
      10
      23
      11
      11
      10
       9
      12
      18
      20
       9
      13
      10
       9
       3
      12
       9
       9
      10
       6
       8
       4
       4
       2
       5
       7
       5
       3
       5
       6
       4
       5
       4
       4
       3
       5
       5
       5
       4
       3
       1
       2
       7
       2
       2
       5
       3
       1
       1
       2
       6
       4
       2
       1
       2
       2
       6
       3
       0
       0
       3
       1
       2
       3
       5
       0
       1
       2
       2
       1
       1
       1
       0
       0
       0
       0
       3
       1
       0
       1
       1
       2
       1
       0
       0
       0
       0
       1
       0
       0
       1
       0
       0
       0
       1
       0
       1
       0
       0
       0
       0
       0
       0
       0
       1
       0
       0
       0
       1
       2
       1
       0
       1
       0
       1
       0
       0
       0
       0
       0
       1
       0
       0
       2
       0
       0
       0
       1
       0
       0
       1
       0
       0
       0
       0
       0
       0
       0
       0
       1
       0
       0
       0
       0
       0
       0
       0
       0
       0
       0
       0
       0
       0
       0
       0
       0
       0
       0
       0
       0
       0
       0
       0
       1
       0
       0
       0
       0
       0
       0
       0
       0
       0
       0
       0
       0
       0
       0
       0
       0
       0
       0
       0
       0
       0
       0
       0
       0
       0
       0
       0
       0
       0
       1
       0
       0
       0
       0
       0
       1
       0
       0
       0
       0
       0
       0
       0
       0
       0
       0
       0
       0
       0
       0
       0
       0
       0
       0
       0
       0
       0
       0
       0
       0
       0
       0
       0
       1
       0
       0
       0
       0
       0
       0
       0
       0
       0
       0
       0
       0
       0
       0
       0
       0
       0
       0
       0
       0
       0
       0
       0
       0
       0
       0
       0
       0
       0
       0
       0
       0
       0
       0
       0
       0
       1
       0
       0
       0
       0
       0
       0
       0
       1
       0
       0
       0
       0
       0
       0
       0
       0
       0
       0
       0
       0
       0
       0
       0
       1
       0
       0
       0
       0
       0
       1
       0
       0
       0
       0
       0
       0
       0
       0
       0
       0
       0
       0
       0
       0
       0
       0
       0
       0
       0
       0
       0
       1
       0
       0
       0
       0
       0
       0
       0
       0
       0
       0
       0
       0
       0
       0
       0
       0
       0
       0
       0
       0
       0
       0
       0
       0
       0
       0
       0
       0
       1
       0
       0
       0
       0
       0
       0
       0
       0
       0
       0
       0
       0
       0
       0
       0
       0
       0
       0
       0
       0
       0
       0
       0
       0
       0
       1
       0
       0
       1
       0
       0
       0
       0
       0
       1
       0
       0
       0
       0
       0
       0
       0
       0
       0
       0
       0
       0
       0
       0
       0
       0
       0
       0
       0
       0
       0
       0
       0
       0
       0
       0
       0
       0
       0
       0
       0
       0
       0
       0
       0
       0
       0
       1
       0
       0
       0
       0
       0
       0
       0
       0
       0
       0
       0
       0
       0
       0
       0
       0
       0
       0
       0
       0
       0
       0
       0
       0
       0
       0
       0
       0
       0
       0
       0
       0
       0
       0
       0
       0
       0
       0
       0
       0
       0
       0
       0
       0
       0
       0
       1
       0
       0
       0
       0
       0
       0
       0
       0
       0
       0
       1
       0
       0
       0
       0
       0
       0
       0
       0
       0
       0
       1
       0
       0
       0
       0
       0
       0
       0
       0
       0
       0
       0
       0
       0
       0
       0
       0
       0
       0
       0
       0
       0
       0
       0
       1
       0
       0
       0
       1
       1
       0
       0
       0
       0
       0
       0
       0
       0
       0
       0
       0
       1
       0
       0
       0
       0
       0
       1
       1
       0
       0
       0
       0
       0
       2
       0
       0
       0
       0
       0
       0
       0
       0
       0
       0
       0
       1
       1
       0
       0
       0
       1
       0
       0
       0
       1
       0
       0
       0
       0
       0
       0
       0
       0
       0
       0
       0
       1
       1
       0
       0
       0
       0
       0
       0
       0
       0
       0
       0
       0
       0
       0
       0
       0
       1
       0
       0
       0
       1
       1
       0
       0
       0
       0
       0
       0
       0
       0
       0
       0
       0
       0
       0
       0
       0
       0
       0
       0
       0
       0
       0
       0
       0
       0
       0
       0
       0
       0
       0
       0
       0
       0
       0
       0
       0
       0
       0
       0
       0
       0
       0
       0
       0
       0
       0
       0
       0
       0
       0
       0
       0
       0
       0
       0
       0
       0
       0
       0
       0
       0
       0
       0
       0
       0
       0
       0
       0
       0
       0
       0
       0
       0
       0
       0
       0
       0
       0
       0
       0
       0
       0
       0
       0
       1
       0
       0
       0
       0
       0
       0
       0
       0
       0
       0
       0
       1
       0
       0
       0
       0
       0
       1
       0
       0
       0
       1
       0
       0
       0
       0
       0
       0
       0
       0
       0
       0
       0
       0
       0
       0
       0
       0
       0
       0
       0
       0
       0
       0
       1
       0
       0
       0
       0
       0
       0
       0
       0
       0
       0
       0
       0
       0
       0
       0
       1
       0
       0
       0
       0
       0
       0
       0
       0
       0
       0
       0
       0
       0
       0
       0
       0
       0
       0
       0
       0
       0
       0
       0
       0
       0
       0
       0
       0
       0
       0
       0
       0
       0
       0
       0
       0
       0
       0
       0
       0
       0
       0
       0
       0
       0
       0
       0
       0
       0
       0
       0
       0
       0
       0
       0
       0
       0
       0
       0
       0
       0
       0
       0
       0
       0
       0
       0
       0
       0
       0
       0
       0
       0
       0
       0
       0
       0
       0
       0
       0
       0
       0
       0
       0
       0
       0
       0
       0
       0
       0
       0
       0
       1
       0
       0
       0
       0
       0
       0
       0
       0
       0
       0
       0
       0
       1
       0
       0
       0
       0
       0
       0
       0
       0
       0
       0
       0
       0
       0
       0
       0
       0
       0
       0
       0
       0
       0
       0
       0
       0
       0
       0
       0
       0
       0
       0
       0
       0
       0
       0
       0
       0
       0
       0
       0
       0
       0
       0
       0
       0
       0
       0
       0
       0
       0
       0
       0
       0
       0
       0
       0
       0
       0
       0
       0
       0
       0
       0
       0
       0
       0
       0
       0
       0
       0
       0
       0
       0
       0
       0
       0
       0
       0
       0
       0
       0
       0
       0
       0
       0
       0
       0
       0
       0
       0
       0
       0
       0
       0
       0
       0
       0
       0
       0
       0
       0
       0
       0
       0
       0
       0
       0
       0
       0
       0
       0
       0
       0
       0
       0
       0
       0
       0
       0
       0
       0
       0
       0
       0
       0
       0
       0
       0
       0
       0
       0
       0
       0
       0
       0
       0
       0
       0
       0
       0
       0
       0
       0
       0
       0
       0
       0
       0
       0
       0
       0
       0
       0
       0
       0
       0
       0
       0
       0
       0
       0
       0
       0
       0
       0
       0
       0
       0
       0
       0
       0
       0
       0
       0
       0
       0
       0
       0
       0
       0
       0
       0
       0
       0
       0
       0
       0
       0
       0
       0
       0
       0
$ROI:
0
$PRESETS:
Live Time
120
0
$ENER_FIT:
0.000000 0.002526
$MCA_CAL:
3
0.000000E+000 2.525835E-003 0.000000E+000 keV
$SHAPE_CAL:
3
0.000000E+000 0.000000E+000 0.000000E+000
