SPEC_ID:	'No sample description was entered.'
SPEC_REM:	'DET# 1'
DATE_MEA:	'09/21/2017 10:31:25'
MEAS_TIM:	'120 120'
DATA:	'0 2047'
ROI:	'0'
PRESETS:	'Live Time'
ENER_FIT:	'0.000000 0.002526'
MCA_CAL:	'3'
SHAPE_CAL:	'3'

Channel	Counts
0	0
1	0
2	0
3	0
4	0
5	0
6	0
7	0
8	0
9	0
10	0
11	0
12	0
13	0
14	0
15	0
16	0
17	0
18	0
19	0
20	0
21	0
22	0
23	0
24	0
25	0
26	0
27	0
28	0
29	0
30	0
31	0
32	0
33	0
34	0
35	0
36	0
37	0
38	0
39	0
40	0
41	0
42	0
43	0
44	0
45	0
46	0
47	0
48	0
49	0
50	0
51	0
52	0
53	0
54	0
55	0
56	0
57	0
58	0
59	0
60	0
61	0
62	0
63	0
64	0
65	0
66	0
67	0
68	0
69	0
70	0
71	0
72	0
73	0
74	0
75	0
76	0
77	0
78	0
79	0
80	0
81	0
82	0
83	0
84	0
85	0
86	0
87	0
88	0
89	0
90	0
91	0
92	0
93	0
94	0
95	0
96	0
97	0
98	0
99	0
100	0
101	0
102	0
103	0
104	0
105	0
106	0
107	0
108	0
109	0
110	0
111	0
112	0
113	0
114	0
115	0
116	0
117	0
118	0
119	0
120	0
121	0
122	0
123	0
124	0
125	0
126	0
127	0
128	0
129	0
130	0
131	0
132	0
133	0
134	0
135	0
136	0
137	0
138	0
139	0
140	0
141	0
142	0
143	0
144	0
145	0
146	0
147	0
148	0
149	0
150	0
151	0
152	0
153	0
154	0
155	0
156	0
157	0
158	0
159	0
160	0
161	0
162	0
163	0
164	0
165	0
166	0
167	0
168	0
169	0
170	0
171	0
172	0
173	0
174	0
175	0
176	0
177	0
178	0
179	0
180	0
181	0
182	0
183	0
184	0
185	0
186	0
187	0
188	0
189	0
190	0
191	0
192	0
193	0
194	0
195	0
196	0
197	0
198	1
199	3
200	1
201	0
202	1
203	5
204	3
205	0
206	3
207	2
208	4
209	2
210	1
211	3
212	0
213	2
214	0
215	3
216	5
217	2
218	3
219	0
220	2
221	4
222	2
223	0
224	2
225	4
226	3
227	1
228	3
229	3
230	3
231	0
232	2
233	3
234	1
235	3
236	3
237	1
238	1
239	0
240	1
241	3
242	3
243	1
244	1
245	2
246	1
247	1
248	0
249	1
250	1
251	1
252	1
253	2
254	0
255	1
256	2
257	0
258	1
259	0
260	1
261	1
262	0
263	0
264	1
265	1
266	1
267	2
268	0
269	2
270	1
271	1
272	1
273	0
274	1
275	1
276	0
277	1
278	0
279	0
280	2
281	1
282	1
283	1
284	2
285	2
286	0
287	2
288	3
289	2
290	3
291	1
292	3
293	2
294	2
295	0
296	3
297	5
298	2
299	1
300	1
301	4
302	3
303	0
304	3
305	1
306	2
307	2
308	0
309	0
310	2
311	0
312	1
313	5
314	2
315	1
316	2
317	2
318	3
319	1
320	0
321	5
322	1
323	0
324	3
325	2
326	0
327	3
328	3
329	4
330	2
331	1
332	0
333	0
334	5
335	0
336	2
337	1
338	1
339	3
340	3
341	1
342	0
343	1
344	2
345	2
346	3
347	1
348	5
349	3
350	1
351	2
352	4
353	3
354	0
355	2
356	3
357	2
358	1
359	2
360	2
361	2
362	2
363	1
364	5
365	1
366	1
367	2
368	2
369	3
370	4
371	3
372	0
373	1
374	2
375	2
376	4
377	1
378	2
379	2
380	5
381	0
382	4
383	4
384	6
385	1
386	2
387	3
388	3
389	1
390	1
391	2
392	4
393	1
394	2
395	3
396	2
397	0
398	0
399	1
400	0
401	1
402	5
403	3
404	2
405	3
406	3
407	1
408	2
409	4
410	4
411	1
412	0
413	6
414	2
415	2
416	1
417	2
418	3
419	3
420	2
421	3
422	3
423	3
424	5
425	2
426	1
427	2
428	2
429	2
430	2
431	5
432	1
433	0
434	5
435	5
436	4
437	5
438	7
439	2
440	3
441	4
442	3
443	4
444	1
445	2
446	6
447	5
448	2
449	1
450	4
451	1
452	1
453	3
454	4
455	1
456	4
457	4
458	3
459	8
460	0
461	3
462	3
463	2
464	2
465	4
466	2
467	4
468	3
469	2
470	1
471	2
472	1
473	0
474	1
475	6
476	4
477	2
478	4
479	2
480	2
481	4
482	4
483	1
484	1
485	6
486	0
487	1
488	4
489	1
490	1
491	7
492	5
493	0
494	4
495	6
496	4
497	3
498	6
499	2
500	2
501	2
502	1
503	1
504	4
505	4
506	2
507	2
508	2
509	4
510	3
511	1
512	5
513	5
514	2
515	5
516	3
517	1
518	7
519	2
520	4
521	2
522	6
523	3
524	8
525	3
526	1
527	2
528	6
529	7
530	3
531	5
532	3
533	3
534	1
535	2
536	4
537	3
538	5
539	5
540	5
541	3
542	2
543	6
544	3
545	4
546	2
547	2
548	1
549	1
550	3
551	3
552	5
553	5
554	5
555	7
556	3
557	2
558	7
559	6
560	4
561	4
562	4
563	4
564	6
565	5
566	5
567	4
568	6
569	1
570	3
571	2
572	2
573	2
574	3
575	5
576	2
577	2
578	1
579	8
580	3
581	2
582	4
583	2
584	4
585	7
586	5
587	3
588	7
589	3
590	5
591	7
592	7
593	8
594	6
595	5
596	1
597	5
598	9
599	4
600	8
601	5
602	2
603	4
604	6
605	9
606	5
607	4
608	3
609	6
610	4
611	9
612	10
613	7
614	12
615	5
616	2
617	9
618	4
619	7
620	9
621	3
622	5
623	8
624	11
625	10
626	14
627	3
628	4
629	10
630	5
631	5
632	11
633	8
634	11
635	9
636	11
637	13
638	8
639	12
640	11
641	9
642	12
643	6
644	9
645	9
646	13
647	10
648	12
649	10
650	11
651	18
652	10
653	8
654	14
655	13
656	17
657	13
658	15
659	16
660	14
661	14
662	16
663	10
664	19
665	21
666	15
667	15
668	17
669	15
670	19
671	24
672	13
673	25
674	28
675	22
676	24
677	23
678	30
679	22
680	24
681	28
682	25
683	26
684	22
685	22
686	32
687	27
688	25
689	28
690	33
691	22
692	28
693	35
694	33
695	41
696	34
697	25
698	40
699	31
700	31
701	35
702	32
703	51
704	46
705	42
706	40
707	29
708	53
709	43
710	49
711	38
712	39
713	38
714	39
715	50
716	47
717	41
718	57
719	47
720	57
721	49
722	58
723	63
724	65
725	47
726	62
727	40
728	67
729	61
730	68
731	54
732	51
733	62
734	68
735	68
736	77
737	83
738	67
739	64
740	80
741	84
742	73
743	79
744	71
745	78
746	87
747	89
748	87
749	96
750	81
751	79
752	97
753	110
754	74
755	107
756	110
757	128
758	109
759	96
760	110
761	118
762	117
763	124
764	112
765	102
766	89
767	121
768	141
769	115
770	129
771	128
772	127
773	143
774	154
775	130
776	139
777	136
778	132
779	142
780	160
781	149
782	144
783	139
784	139
785	135
786	153
787	151
788	159
789	166
790	152
791	157
792	155
793	178
794	170
795	182
796	151
797	171
798	171
799	139
800	158
801	169
802	182
803	180
804	205
805	183
806	166
807	185
808	193
809	182
810	198
811	180
812	174
813	165
814	211
815	176
816	195
817	178
818	187
819	216
820	216
821	210
822	195
823	236
824	188
825	180
826	204
827	196
828	212
829	204
830	211
831	215
832	199
833	209
834	195
835	235
836	224
837	209
838	220
839	180
840	221
841	214
842	207
843	229
844	218
845	206
846	209
847	212
848	211
849	196
850	233
851	220
852	226
853	196
854	196
855	239
856	203
857	214
858	220
859	200
860	217
861	227
862	215
863	210
864	218
865	180
866	213
867	200
868	191
869	198
870	222
871	210
872	209
873	216
874	191
875	207
876	176
877	180
878	217
879	179
880	201
881	174
882	196
883	173
884	190
885	189
886	174
887	171
888	184
889	157
890	182
891	181
892	182
893	182
894	164
895	163
896	179
897	172
898	180
899	180
900	146
901	170
902	166
903	169
904	130
905	158
906	146
907	136
908	153
909	136
910	149
911	132
912	141
913	168
914	154
915	145
916	144
917	111
918	133
919	133
920	130
921	138
922	122
923	127
924	129
925	125
926	142
927	98
928	113
929	102
930	104
931	92
932	94
933	98
934	115
935	103
936	81
937	80
938	100
939	90
940	100
941	84
942	100
943	88
944	80
945	90
946	77
947	70
948	82
949	79
950	91
951	74
952	61
953	64
954	71
955	73
956	60
957	67
958	67
959	63
960	58
961	61
962	52
963	41
964	41
965	57
966	62
967	48
968	45
969	41
970	49
971	43
972	40
973	49
974	24
975	56
976	41
977	37
978	39
979	39
980	42
981	27
982	35
983	32
984	37
985	36
986	34
987	28
988	36
989	27
990	21
991	23
992	34
993	31
994	26
995	21
996	28
997	18
998	26
999	24
1000	16
1001	25
1002	25
1003	18
1004	12
1005	23
1006	14
1007	11
1008	14
1009	14
1010	18
1011	12
1012	11
1013	10
1014	11
1015	7
1016	15
1017	11
1018	9
1019	6
1020	8
1021	12
1022	15
1023	10
1024	8
1025	7
1026	9
1027	4
1028	11
1029	5
1030	6
1031	3
1032	3
1033	9
1034	1
1035	2
1036	1
1037	7
1038	3
1039	5
1040	2
1041	4
1042	5
1043	5
1044	4
1045	7
1046	7
1047	3
1048	1
1049	2
1050	5
1051	4
1052	3
1053	3
1054	2
1055	0
1056	4
1057	3
1058	8
1059	2
1060	4
1061	0
1062	0
1063	1
1064	3
1065	1
1066	4
1067	1
1068	1
1069	1
1070	2
1071	2
1072	1
1073	0
1074	1
1075	0
1076	2
1077	2
1078	2
1079	1
1080	1
1081	4
1082	0
1083	0
1084	2
1085	3
1086	1
1087	0
1088	0
1089	0
1090	0
1091	0
1092	3
1093	1
1094	0
1095	0
1096	1
1097	0
1098	0
1099	1
1100	0
1101	0
1102	0
1103	1
1104	0
1105	2
1106	0
1107	0
1108	1
1109	0
1110	1
1111	0
1112	0
1113	0
1114	0
1115	0
1116	0
1117	0
1118	1
1119	1
1120	1
1121	1
1122	0
1123	0
1124	0
1125	0
1126	0
1127	0
1128	0
1129	0
1130	0
1131	0
1132	0
1133	0
1134	0
1135	1
1136	0
1137	0
1138	0
1139	0
1140	2
1141	0
1142	0
1143	0
1144	0
1145	0
1146	0
1147	0
1148	0
1149	0
1150	1
1151	1
1152	0
1153	0
1154	0
1155	0
1156	0
1157	0
1158	0
1159	0
1160	0
1161	0
1162	0
1163	0
1164	0
1165	0
1166	0
1167	0
1168	0
1169	0
1170	0
1171	0
1172	0
1173	0
1174	0
1175	0
1176	0
1177	0
1178	0
1179	0
1180	0
1181	0
1182	0
1183	0
1184	0
1185	0
1186	0
1187	0
1188	0
1189	0
1190	0
1191	0
1192	0
1193	0
1194	1
1195	1
1196	0
1197	0
1198	0
1199	0
1200	0
1201	0
1202	0
1203	0
1204	0
1205	0
1206	0
1207	0
1208	0
1209	0
1210	0
1211	0
1212	0
1213	0
1214	0
1215	1
1216	0
1217	0
1218	0
1219	0
1220	0
1221	0
1222	0
1223	0
1224	0
1225	0
1226	0
1227	0
1228	0
1229	0
1230	0
1231	0
1232	0
1233	0
1234	0
1235	0
1236	0
1237	0
1238	0
1239	0
1240	0
1241	0
1242	0
1243	0
1244	0
1245	0
1246	0
1247	0
1248	0
1249	0
1250	1
1251	0
1252	0
1253	0
1254	0
1255	1
1256	0
1257	0
1258	0
1259	0
1260	0
1261	0
1262	0
1263	0
1264	0
1265	0
1266	0
1267	0
1268	0
1269	0
1270	0
1271	0
1272	0
1273	0
1274	0
1275	0
1276	0
1277	0
1278	0
1279	0
1280	0
1281	0
1282	0
1283	0
1284	0
1285	0
1286	0
1287	0
1288	0
1289	0
1290	0
1291	0
1292	0
1293	0
1294	0
1295	0
1296	0
1297	0
1298	0
1299	0
1300	0
1301	0
1302	0
1303	0
1304	0
1305	0
1306	0
1307	0
1308	0
1309	0
1310	0
1311	0
1312	0
1313	0
1314	0
1315	0
1316	0
1317	0
1318	0
1319	0
1320	0
1321	1
1322	1
1323	0
1324	0
1325	0
1326	0
1327	0
1328	0
1329	0
1330	0
1331	0
1332	0
1333	0
1334	0
1335	0
1336	0
1337	0
1338	0
1339	0
1340	0
1341	0
1342	0
1343	0
1344	0
1345	0
1346	0
1347	0
1348	0
1349	0
1350	1
1351	0
1352	0
1353	0
1354	0
1355	0
1356	0
1357	0
1358	0
1359	0
1360	0
1361	0
1362	0
1363	0
1364	0
1365	0
1366	0
1367	0
1368	0
1369	0
1370	0
1371	0
1372	0
1373	0
1374	0
1375	0
1376	0
1377	0
1378	0
1379	0
1380	0
1381	0
1382	0
1383	0
1384	0
1385	0
1386	0
1387	0
1388	0
1389	0
1390	0
1391	0
1392	1
1393	0
1394	0
1395	0
1396	0
1397	0
1398	0
1399	0
1400	0
1401	0
1402	0
1403	0
1404	0
1405	0
1406	1
1407	0
1408	0
1409	0
1410	0
1411	1
1412	0
1413	0
1414	0
1415	0
1416	0
1417	0
1418	0
1419	0
1420	0
1421	0
1422	0
1423	0
1424	0
1425	0
1426	0
1427	0
1428	0
1429	0
1430	0
1431	0
1432	0
1433	0
1434	0
1435	0
1436	0
1437	0
1438	0
1439	0
1440	0
1441	0
1442	0
1443	0
1444	0
1445	0
1446	0
1447	0
1448	0
1449	0
1450	0
1451	0
1452	0
1453	0
1454	0
1455	0
1456	0
1457	0
1458	0
1459	0
1460	0
1461	0
1462	0
1463	0
1464	0
1465	0
1466	0
1467	0
1468	0
1469	0
1470	0
1471	0
1472	0
1473	0
1474	0
1475	1
1476	0
1477	0
1478	0
1479	0
1480	0
1481	0
1482	0
1483	0
1484	0
1485	0
1486	0
1487	0
1488	0
1489	0
1490	0
1491	0
1492	0
1493	0
1494	0
1495	0
1496	0
1497	0
1498	0
1499	0
1500	0
1501	0
1502	0
1503	0
1504	0
1505	0
1506	0
1507	0
1508	0
1509	0
1510	0
1511	0
1512	0
1513	0
1514	0
1515	0
1516	0
1517	0
1518	0
1519	0
1520	1
1521	0
1522	0
1523	0
1524	0
1525	1
1526	0
1527	0
1528	0
1529	0
1530	1
1531	0
1532	0
1533	0
1534	0
1535	0
1536	1
1537	0
1538	0
1539	0
1540	0
1541	0
1542	0
1543	0
1544	0
1545	0
1546	0
1547	0
1548	0
1549	0
1550	0
1551	0
1552	0
1553	0
1554	0
1555	0
1556	0
1557	0
1558	0
1559	0
1560	0
1561	0
1562	0
1563	0
1564	0
1565	0
1566	0
1567	0
1568	0
1569	0
1570	0
1571	0
1572	0
1573	1
1574	0
1575	0
1576	0
1577	0
1578	0
1579	0
1580	0
1581	1
1582	0
1583	0
1584	0
1585	0
1586	0
1587	0
1588	0
1589	1
1590	0
1591	1
1592	0
1593	0
1594	0
1595	0
1596	0
1597	0
1598	0
1599	0
1600	0
1601	0
1602	0
1603	1
1604	0
1605	0
1606	0
1607	0
1608	0
1609	0
1610	0
1611	0
1612	0
1613	0
1614	0
1615	0
1616	0
1617	0
1618	0
1619	0
1620	0
1621	0
1622	0
1623	0
1624	0
1625	0
1626	1
1627	0
1628	0
1629	0
1630	0
1631	0
1632	0
1633	0
1634	0
1635	0
1636	0
1637	0
1638	0
1639	0
1640	0
1641	0
1642	0
1643	0
1644	0
1645	0
1646	0
1647	0
1648	0
1649	0
1650	0
1651	0
1652	0
1653	0
1654	0
1655	0
1656	0
1657	0
1658	0
1659	0
1660	0
1661	0
1662	0
1663	1
1664	0
1665	0
1666	0
1667	0
1668	0
1669	0
1670	0
1671	0
1672	0
1673	0
1674	1
1675	0
1676	0
1677	0
1678	0
1679	0
1680	0
1681	0
1682	0
1683	0
1684	0
1685	0
1686	0
1687	0
1688	0
1689	0
1690	0
1691	0
1692	0
1693	0
1694	0
1695	0
1696	0
1697	0
1698	0
1699	0
1700	0
1701	0
1702	0
1703	0
1704	0
1705	0
1706	0
1707	0
1708	0
1709	0
1710	0
1711	0
1712	0
1713	0
1714	0
1715	0
1716	0
1717	0
1718	0
1719	0
1720	0
1721	0
1722	0
1723	0
1724	1
1725	0
1726	0
1727	0
1728	0
1729	0
1730	0
1731	0
1732	0
1733	0
1734	0
1735	0
1736	0
1737	0
1738	0
1739	0
1740	0
1741	0
1742	0
1743	0
1744	0
1745	0
1746	0
1747	0
1748	0
1749	0
1750	0
1751	0
1752	0
1753	0
1754	0
1755	0
1756	0
1757	0
1758	0
1759	0
1760	0
1761	0
1762	0
1763	0
1764	0
1765	0
1766	0
1767	0
1768	0
1769	1
1770	0
1771	0
1772	0
1773	0
1774	0
1775	0
1776	0
1777	0
1778	0
1779	0
1780	0
1781	0
1782	0
1783	0
1784	0
1785	0
1786	0
1787	0
1788	0
1789	0
1790	0
1791	0
1792	0
1793	0
1794	0
1795	0
1796	0
1797	0
1798	0
1799	0
1800	0
1801	0
1802	0
1803	0
1804	1
1805	0
1806	0
1807	0
1808	0
1809	0
1810	0
1811	0
1812	0
1813	0
1814	0
1815	0
1816	0
1817	0
1818	0
1819	0
1820	0
1821	0
1822	0
1823	0
1824	0
1825	0
1826	0
1827	0
1828	0
1829	0
1830	0
1831	0
1832	0
1833	0
1834	0
1835	0
1836	0
1837	0
1838	0
1839	0
1840	0
1841	0
1842	0
1843	0
1844	0
1845	0
1846	0
1847	0
1848	0
1849	0
1850	0
1851	0
1852	0
1853	0
1854	0
1855	0
1856	0
1857	0
1858	0
1859	0
1860	0
1861	0
1862	0
1863	0
1864	0
1865	0
1866	0
1867	0
1868	0
1869	0
1870	0
1871	0
1872	0
1873	0
1874	0
1875	0
1876	0
1877	0
1878	0
1879	0
1880	0
1881	0
1882	0
1883	0
1884	0
1885	0
1886	0
1887	0
1888	0
1889	0
1890	0
1891	0
1892	0
1893	0
1894	1
1895	0
1896	0
1897	0
1898	0
1899	0
1900	0
1901	0
1902	0
1903	0
1904	1
1905	0
1906	0
1907	0
1908	0
1909	0
1910	0
1911	0
1912	0
1913	0
1914	0
1915	0
1916	0
1917	0
1918	0
1919	0
1920	0
1921	1
1922	0
1923	0
1924	0
1925	0
1926	0
1927	0
1928	0
1929	0
1930	0
1931	0
1932	0
1933	0
1934	0
1935	0
1936	0
1937	0
1938	0
1939	0
1940	0
1941	0
1942	0
1943	0
1944	0
1945	0
1946	0
1947	0
1948	0
1949	0
1950	0
1951	0
1952	0
1953	0
1954	0
1955	0
1956	0
1957	0
1958	0
1959	0
1960	0
1961	0
1962	0
1963	0
1964	0
1965	0
1966	0
1967	0
1968	0
1969	0
1970	0
1971	0
1972	0
1973	0
1974	0
1975	0
1976	0
1977	0
1978	0
1979	0
1980	0
1981	0
1982	0
1983	0
1984	0
1985	0
1986	0
1987	0
1988	0
1989	0
1990	0
1991	0
1992	0
1993	0
1994	0
1995	0
1996	0
1997	0
1998	0
1999	0
2000	0
2001	0
2002	0
2003	0
2004	0
2005	0
2006	0
2007	0
2008	0
2009	0
2010	0
2011	0
2012	0
2013	0
2014	0
2015	0
2016	0
2017	0
2018	0
2019	0
2020	0
2021	0
2022	0
2023	0
2024	0
2025	0
2026	0
2027	0
2028	0
2029	0
2030	0
2031	0
2032	0
2033	0
2034	0
2035	0
2036	0
2037	0
2038	0
2039	0
2040	0
2041	0
2042	0
2043	0
2044	0
2045	0
2046	0
2047	0
