SPEC_ID:	'No sample description was entered.'
SPEC_REM:	'DET# 1'
DATE_MEA:	'09/21/2017 10:43:29'
MEAS_TIM:	'120 120'
DATA:	'0 2047'
ROI:	'0'
PRESETS:	'Live Time'
ENER_FIT:	'0.000000 0.002526'
MCA_CAL:	'3'
SHAPE_CAL:	'3'

Channel	Counts
0	0
1	0
2	0
3	0
4	0
5	0
6	0
7	0
8	0
9	0
10	0
11	0
12	0
13	0
14	0
15	0
16	0
17	0
18	0
19	0
20	0
21	0
22	0
23	0
24	0
25	0
26	0
27	0
28	0
29	0
30	0
31	0
32	0
33	0
34	0
35	0
36	0
37	0
38	0
39	0
40	0
41	0
42	0
43	0
44	0
45	0
46	0
47	0
48	0
49	0
50	0
51	0
52	0
53	0
54	0
55	0
56	0
57	0
58	0
59	0
60	0
61	0
62	0
63	0
64	0
65	0
66	0
67	0
68	0
69	0
70	0
71	0
72	0
73	0
74	0
75	0
76	0
77	0
78	0
79	0
80	0
81	0
82	0
83	0
84	0
85	0
86	0
87	0
88	0
89	0
90	0
91	0
92	0
93	0
94	0
95	0
96	0
97	0
98	0
99	0
100	0
101	0
102	0
103	0
104	0
105	0
106	0
107	0
108	0
109	0
110	0
111	0
112	0
113	0
114	0
115	0
116	0
117	0
118	0
119	0
120	0
121	0
122	0
123	0
124	0
125	0
126	0
127	0
128	0
129	0
130	0
131	0
132	0
133	0
134	0
135	0
136	0
137	0
138	0
139	0
140	0
141	0
142	0
143	0
144	0
145	0
146	0
147	0
148	0
149	0
150	0
151	0
152	0
153	0
154	0
155	0
156	0
157	0
158	0
159	0
160	0
161	0
162	0
163	0
164	0
165	0
166	0
167	0
168	0
169	0
170	0
171	0
172	0
173	0
174	0
175	0
176	0
177	0
178	0
179	0
180	0
181	0
182	0
183	0
184	0
185	0
186	0
187	0
188	0
189	0
190	0
191	0
192	0
193	0
194	0
195	0
196	0
197	0
198	0
199	2
200	2
201	2
202	4
203	0
204	3
205	2
206	0
207	0
208	3
209	0
210	0
211	1
212	2
213	2
214	5
215	0
216	2
217	2
218	1
219	1
220	1
221	1
222	0
223	1
224	1
225	2
226	2
227	1
228	3
229	0
230	0
231	1
232	3
233	2
234	1
235	2
236	3
237	1
238	2
239	2
240	4
241	0
242	2
243	1
244	1
245	1
246	1
247	1
248	1
249	2
250	1
251	0
252	1
253	1
254	0
255	2
256	1
257	0
258	0
259	1
260	1
261	0
262	3
263	1
264	0
265	2
266	6
267	1
268	2
269	1
270	1
271	0
272	0
273	1
274	0
275	2
276	5
277	2
278	0
279	3
280	0
281	1
282	4
283	1
284	1
285	1
286	3
287	1
288	1
289	0
290	3
291	2
292	0
293	1
294	2
295	1
296	0
297	0
298	7
299	2
300	1
301	1
302	1
303	3
304	2
305	2
306	1
307	1
308	1
309	1
310	1
311	2
312	0
313	3
314	2
315	0
316	0
317	1
318	0
319	0
320	0
321	0
322	0
323	0
324	1
325	1
326	1
327	2
328	4
329	3
330	0
331	2
332	2
333	4
334	3
335	3
336	4
337	4
338	1
339	2
340	2
341	1
342	2
343	1
344	3
345	1
346	0
347	1
348	0
349	3
350	3
351	2
352	2
353	4
354	2
355	1
356	3
357	4
358	4
359	2
360	0
361	1
362	3
363	1
364	4
365	0
366	3
367	3
368	2
369	1
370	4
371	5
372	4
373	5
374	1
375	2
376	1
377	3
378	2
379	2
380	3
381	4
382	4
383	1
384	2
385	0
386	4
387	2
388	1
389	3
390	2
391	2
392	2
393	2
394	2
395	2
396	1
397	1
398	2
399	3
400	7
401	1
402	1
403	2
404	4
405	1
406	1
407	1
408	3
409	5
410	2
411	3
412	1
413	5
414	4
415	2
416	1
417	6
418	3
419	4
420	1
421	4
422	1
423	3
424	2
425	4
426	1
427	1
428	4
429	1
430	2
431	1
432	2
433	0
434	2
435	5
436	4
437	3
438	2
439	2
440	4
441	5
442	2
443	2
444	3
445	2
446	2
447	1
448	5
449	2
450	2
451	1
452	1
453	2
454	1
455	3
456	5
457	0
458	2
459	1
460	3
461	2
462	2
463	3
464	2
465	1
466	0
467	1
468	4
469	3
470	3
471	4
472	3
473	4
474	7
475	2
476	2
477	2
478	4
479	1
480	2
481	7
482	2
483	3
484	5
485	3
486	6
487	3
488	2
489	4
490	5
491	2
492	7
493	7
494	2
495	3
496	4
497	4
498	1
499	6
500	1
501	1
502	4
503	3
504	1
505	1
506	2
507	0
508	3
509	0
510	4
511	1
512	5
513	0
514	2
515	5
516	1
517	3
518	1
519	1
520	2
521	4
522	1
523	0
524	2
525	1
526	2
527	1
528	5
529	2
530	1
531	4
532	5
533	4
534	3
535	2
536	4
537	1
538	5
539	4
540	3
541	1
542	3
543	2
544	1
545	6
546	3
547	3
548	5
549	6
550	3
551	3
552	4
553	1
554	5
555	4
556	3
557	3
558	4
559	2
560	2
561	1
562	3
563	6
564	5
565	10
566	5
567	3
568	4
569	5
570	8
571	4
572	3
573	5
574	5
575	3
576	1
577	4
578	4
579	4
580	4
581	2
582	5
583	5
584	5
585	4
586	3
587	0
588	8
589	1
590	1
591	6
592	5
593	1
594	5
595	3
596	6
597	3
598	7
599	5
600	3
601	11
602	8
603	7
604	4
605	5
606	3
607	7
608	7
609	14
610	9
611	5
612	8
613	7
614	6
615	5
616	3
617	11
618	10
619	8
620	8
621	10
622	5
623	2
624	3
625	8
626	10
627	3
628	6
629	10
630	4
631	14
632	11
633	5
634	8
635	11
636	13
637	4
638	5
639	8
640	14
641	6
642	13
643	8
644	12
645	6
646	14
647	10
648	14
649	11
650	10
651	10
652	9
653	8
654	17
655	16
656	21
657	12
658	22
659	16
660	17
661	21
662	17
663	16
664	25
665	15
666	15
667	23
668	11
669	13
670	10
671	13
672	17
673	15
674	18
675	15
676	18
677	16
678	19
679	18
680	23
681	24
682	30
683	26
684	19
685	28
686	18
687	20
688	26
689	32
690	21
691	40
692	21
693	28
694	30
695	31
696	29
697	33
698	35
699	40
700	27
701	42
702	23
703	42
704	41
705	42
706	51
707	37
708	40
709	38
710	48
711	49
712	54
713	47
714	51
715	50
716	67
717	59
718	48
719	64
720	40
721	52
722	50
723	58
724	62
725	52
726	62
727	69
728	67
729	62
730	72
731	57
732	59
733	63
734	67
735	73
736	84
737	73
738	77
739	64
740	78
741	70
742	79
743	98
744	96
745	80
746	116
747	84
748	91
749	90
750	87
751	106
752	79
753	101
754	91
755	104
756	90
757	96
758	99
759	100
760	101
761	102
762	119
763	106
764	136
765	100
766	109
767	120
768	111
769	126
770	122
771	115
772	135
773	128
774	126
775	142
776	113
777	130
778	150
779	152
780	130
781	160
782	137
783	139
784	154
785	151
786	173
787	157
788	128
789	148
790	173
791	158
792	147
793	154
794	156
795	154
796	173
797	171
798	154
799	166
800	186
801	181
802	198
803	173
804	176
805	179
806	173
807	176
808	208
809	170
810	175
811	177
812	200
813	168
814	191
815	215
816	186
817	183
818	197
819	186
820	236
821	221
822	219
823	206
824	215
825	183
826	206
827	212
828	199
829	204
830	214
831	221
832	181
833	203
834	195
835	234
836	208
837	226
838	208
839	214
840	213
841	218
842	204
843	218
844	183
845	219
846	214
847	218
848	198
849	228
850	243
851	217
852	227
853	228
854	224
855	208
856	213
857	224
858	208
859	213
860	228
861	209
862	210
863	215
864	235
865	194
866	193
867	218
868	186
869	207
870	214
871	192
872	204
873	217
874	224
875	172
876	215
877	187
878	196
879	199
880	209
881	174
882	168
883	165
884	168
885	196
886	161
887	195
888	161
889	179
890	184
891	172
892	179
893	168
894	176
895	161
896	170
897	166
898	166
899	169
900	144
901	163
902	166
903	161
904	140
905	158
906	169
907	136
908	150
909	148
910	173
911	130
912	142
913	134
914	141
915	137
916	141
917	135
918	125
919	123
920	112
921	117
922	139
923	130
924	98
925	126
926	127
927	142
928	113
929	94
930	108
931	107
932	94
933	106
934	110
935	106
936	96
937	113
938	87
939	115
940	90
941	82
942	96
943	104
944	81
945	92
946	91
947	72
948	84
949	78
950	68
951	83
952	67
953	56
954	68
955	78
956	68
957	58
958	58
959	57
960	63
961	72
962	47
963	56
964	55
965	43
966	54
967	50
968	45
969	45
970	37
971	51
972	43
973	39
974	43
975	31
976	45
977	37
978	48
979	42
980	42
981	33
982	42
983	32
984	27
985	30
986	33
987	23
988	24
989	26
990	37
991	29
992	21
993	26
994	19
995	20
996	17
997	22
998	24
999	21
1000	20
1001	21
1002	16
1003	22
1004	18
1005	14
1006	14
1007	7
1008	24
1009	7
1010	13
1011	11
1012	12
1013	14
1014	19
1015	19
1016	14
1017	8
1018	9
1019	12
1020	8
1021	11
1022	8
1023	2
1024	11
1025	5
1026	5
1027	6
1028	9
1029	10
1030	4
1031	11
1032	6
1033	5
1034	3
1035	6
1036	6
1037	4
1038	4
1039	1
1040	6
1041	4
1042	6
1043	2
1044	4
1045	4
1046	4
1047	1
1048	3
1049	3
1050	4
1051	2
1052	3
1053	3
1054	2
1055	1
1056	1
1057	0
1058	3
1059	1
1060	1
1061	1
1062	2
1063	1
1064	3
1065	1
1066	1
1067	1
1068	1
1069	0
1070	2
1071	0
1072	0
1073	1
1074	0
1075	1
1076	0
1077	0
1078	2
1079	0
1080	2
1081	1
1082	2
1083	1
1084	0
1085	2
1086	1
1087	1
1088	1
1089	1
1090	0
1091	0
1092	0
1093	1
1094	0
1095	0
1096	1
1097	0
1098	0
1099	1
1100	0
1101	1
1102	0
1103	0
1104	0
1105	1
1106	0
1107	1
1108	1
1109	0
1110	0
1111	0
1112	0
1113	0
1114	0
1115	0
1116	0
1117	0
1118	0
1119	0
1120	1
1121	0
1122	0
1123	0
1124	0
1125	0
1126	0
1127	0
1128	0
1129	0
1130	0
1131	0
1132	0
1133	1
1134	0
1135	0
1136	1
1137	0
1138	0
1139	0
1140	0
1141	0
1142	0
1143	0
1144	0
1145	0
1146	0
1147	0
1148	0
1149	0
1150	0
1151	0
1152	0
1153	0
1154	0
1155	0
1156	0
1157	0
1158	0
1159	0
1160	0
1161	0
1162	0
1163	0
1164	0
1165	0
1166	1
1167	0
1168	0
1169	0
1170	1
1171	0
1172	0
1173	0
1174	0
1175	0
1176	0
1177	0
1178	0
1179	0
1180	0
1181	0
1182	0
1183	0
1184	0
1185	0
1186	0
1187	0
1188	0
1189	0
1190	0
1191	0
1192	0
1193	0
1194	0
1195	0
1196	0
1197	0
1198	0
1199	0
1200	0
1201	0
1202	0
1203	0
1204	0
1205	0
1206	0
1207	0
1208	0
1209	0
1210	0
1211	0
1212	0
1213	0
1214	0
1215	0
1216	0
1217	1
1218	0
1219	0
1220	0
1221	0
1222	0
1223	0
1224	0
1225	0
1226	0
1227	0
1228	0
1229	0
1230	0
1231	0
1232	0
1233	0
1234	0
1235	1
1236	0
1237	0
1238	0
1239	0
1240	0
1241	0
1242	0
1243	0
1244	0
1245	0
1246	0
1247	0
1248	0
1249	0
1250	0
1251	0
1252	0
1253	0
1254	0
1255	0
1256	1
1257	0
1258	0
1259	0
1260	0
1261	0
1262	0
1263	0
1264	0
1265	0
1266	0
1267	0
1268	0
1269	0
1270	0
1271	0
1272	0
1273	0
1274	0
1275	0
1276	0
1277	0
1278	0
1279	0
1280	0
1281	0
1282	0
1283	0
1284	0
1285	0
1286	0
1287	0
1288	0
1289	0
1290	0
1291	0
1292	0
1293	0
1294	0
1295	0
1296	0
1297	0
1298	0
1299	0
1300	0
1301	0
1302	0
1303	0
1304	0
1305	0
1306	1
1307	0
1308	0
1309	0
1310	1
1311	0
1312	0
1313	0
1314	0
1315	0
1316	0
1317	0
1318	0
1319	1
1320	0
1321	0
1322	0
1323	0
1324	0
1325	0
1326	1
1327	0
1328	0
1329	0
1330	0
1331	0
1332	0
1333	0
1334	0
1335	0
1336	0
1337	0
1338	0
1339	0
1340	0
1341	0
1342	0
1343	0
1344	0
1345	0
1346	0
1347	1
1348	0
1349	0
1350	0
1351	0
1352	0
1353	0
1354	0
1355	0
1356	0
1357	0
1358	0
1359	0
1360	0
1361	0
1362	0
1363	1
1364	0
1365	0
1366	0
1367	0
1368	0
1369	0
1370	0
1371	0
1372	0
1373	0
1374	0
1375	0
1376	0
1377	0
1378	0
1379	0
1380	0
1381	0
1382	0
1383	0
1384	0
1385	0
1386	0
1387	0
1388	0
1389	0
1390	0
1391	0
1392	0
1393	0
1394	0
1395	0
1396	0
1397	0
1398	0
1399	0
1400	0
1401	0
1402	1
1403	0
1404	0
1405	0
1406	0
1407	0
1408	0
1409	0
1410	0
1411	0
1412	0
1413	0
1414	0
1415	0
1416	0
1417	0
1418	0
1419	0
1420	0
1421	0
1422	0
1423	1
1424	0
1425	0
1426	0
1427	1
1428	0
1429	0
1430	0
1431	0
1432	1
1433	0
1434	0
1435	0
1436	0
1437	0
1438	0
1439	1
1440	0
1441	0
1442	0
1443	0
1444	0
1445	0
1446	0
1447	0
1448	0
1449	0
1450	0
1451	0
1452	0
1453	0
1454	0
1455	0
1456	0
1457	0
1458	1
1459	0
1460	0
1461	0
1462	0
1463	0
1464	0
1465	0
1466	0
1467	0
1468	0
1469	0
1470	0
1471	0
1472	0
1473	0
1474	0
1475	0
1476	0
1477	0
1478	0
1479	0
1480	0
1481	0
1482	0
1483	0
1484	0
1485	0
1486	0
1487	0
1488	0
1489	0
1490	0
1491	0
1492	0
1493	0
1494	0
1495	0
1496	0
1497	0
1498	0
1499	0
1500	1
1501	0
1502	0
1503	0
1504	0
1505	0
1506	0
1507	1
1508	0
1509	0
1510	0
1511	0
1512	0
1513	0
1514	0
1515	0
1516	0
1517	0
1518	0
1519	0
1520	0
1521	0
1522	0
1523	0
1524	0
1525	0
1526	0
1527	0
1528	0
1529	0
1530	0
1531	0
1532	0
1533	0
1534	0
1535	0
1536	0
1537	0
1538	0
1539	0
1540	0
1541	0
1542	0
1543	0
1544	0
1545	0
1546	0
1547	0
1548	0
1549	0
1550	0
1551	0
1552	0
1553	0
1554	0
1555	0
1556	0
1557	0
1558	1
1559	0
1560	0
1561	0
1562	0
1563	0
1564	0
1565	0
1566	0
1567	1
1568	0
1569	0
1570	0
1571	0
1572	0
1573	0
1574	0
1575	0
1576	2
1577	0
1578	0
1579	1
1580	0
1581	0
1582	0
1583	0
1584	0
1585	0
1586	0
1587	0
1588	0
1589	0
1590	0
1591	0
1592	0
1593	0
1594	0
1595	0
1596	0
1597	0
1598	0
1599	0
1600	0
1601	0
1602	0
1603	0
1604	0
1605	0
1606	0
1607	0
1608	0
1609	0
1610	0
1611	0
1612	0
1613	0
1614	0
1615	0
1616	0
1617	0
1618	0
1619	0
1620	1
1621	0
1622	0
1623	0
1624	0
1625	0
1626	0
1627	0
1628	0
1629	0
1630	0
1631	0
1632	0
1633	0
1634	0
1635	0
1636	0
1637	0
1638	0
1639	0
1640	0
1641	0
1642	0
1643	0
1644	0
1645	0
1646	0
1647	0
1648	0
1649	0
1650	0
1651	0
1652	0
1653	0
1654	0
1655	0
1656	0
1657	0
1658	0
1659	0
1660	0
1661	0
1662	0
1663	0
1664	0
1665	0
1666	0
1667	0
1668	0
1669	0
1670	0
1671	0
1672	0
1673	0
1674	0
1675	0
1676	0
1677	0
1678	0
1679	0
1680	0
1681	0
1682	0
1683	0
1684	0
1685	0
1686	0
1687	0
1688	0
1689	0
1690	0
1691	0
1692	0
1693	0
1694	0
1695	0
1696	0
1697	0
1698	0
1699	0
1700	0
1701	0
1702	0
1703	0
1704	0
1705	0
1706	0
1707	0
1708	0
1709	0
1710	0
1711	0
1712	0
1713	0
1714	0
1715	0
1716	0
1717	0
1718	0
1719	0
1720	0
1721	0
1722	0
1723	0
1724	0
1725	0
1726	1
1727	0
1728	0
1729	0
1730	0
1731	0
1732	0
1733	0
1734	0
1735	0
1736	0
1737	0
1738	0
1739	0
1740	0
1741	0
1742	0
1743	1
1744	0
1745	0
1746	0
1747	0
1748	0
1749	0
1750	0
1751	0
1752	0
1753	0
1754	0
1755	0
1756	0
1757	0
1758	0
1759	0
1760	0
1761	0
1762	0
1763	0
1764	0
1765	0
1766	0
1767	0
1768	0
1769	0
1770	0
1771	0
1772	0
1773	0
1774	0
1775	0
1776	0
1777	0
1778	0
1779	0
1780	0
1781	0
1782	0
1783	0
1784	0
1785	0
1786	0
1787	0
1788	0
1789	1
1790	0
1791	0
1792	0
1793	0
1794	0
1795	0
1796	0
1797	0
1798	0
1799	0
1800	0
1801	0
1802	0
1803	0
1804	0
1805	0
1806	0
1807	0
1808	0
1809	0
1810	0
1811	0
1812	0
1813	0
1814	0
1815	0
1816	0
1817	0
1818	0
1819	0
1820	0
1821	0
1822	0
1823	0
1824	0
1825	0
1826	0
1827	0
1828	0
1829	0
1830	0
1831	0
1832	0
1833	0
1834	0
1835	0
1836	1
1837	0
1838	0
1839	0
1840	0
1841	0
1842	0
1843	0
1844	0
1845	0
1846	0
1847	0
1848	0
1849	0
1850	0
1851	0
1852	0
1853	0
1854	0
1855	0
1856	0
1857	0
1858	0
1859	0
1860	0
1861	0
1862	0
1863	0
1864	0
1865	0
1866	0
1867	0
1868	0
1869	0
1870	0
1871	0
1872	0
1873	0
1874	0
1875	0
1876	0
1877	0
1878	0
1879	0
1880	0
1881	0
1882	0
1883	0
1884	0
1885	0
1886	0
1887	0
1888	0
1889	0
1890	0
1891	0
1892	0
1893	0
1894	0
1895	0
1896	0
1897	0
1898	0
1899	0
1900	0
1901	0
1902	0
1903	0
1904	0
1905	0
1906	0
1907	0
1908	0
1909	0
1910	0
1911	0
1912	0
1913	0
1914	0
1915	0
1916	0
1917	0
1918	0
1919	0
1920	0
1921	0
1922	0
1923	0
1924	0
1925	0
1926	0
1927	0
1928	0
1929	0
1930	0
1931	0
1932	0
1933	0
1934	0
1935	0
1936	0
1937	0
1938	0
1939	0
1940	0
1941	0
1942	0
1943	0
1944	0
1945	0
1946	0
1947	0
1948	0
1949	0
1950	0
1951	0
1952	0
1953	0
1954	0
1955	0
1956	0
1957	0
1958	0
1959	0
1960	0
1961	0
1962	0
1963	0
1964	0
1965	0
1966	0
1967	0
1968	0
1969	0
1970	0
1971	0
1972	0
1973	0
1974	0
1975	0
1976	0
1977	0
1978	0
1979	0
1980	0
1981	0
1982	0
1983	0
1984	0
1985	0
1986	0
1987	0
1988	0
1989	0
1990	0
1991	0
1992	0
1993	0
1994	0
1995	0
1996	0
1997	0
1998	0
1999	0
2000	0
2001	0
2002	0
2003	0
2004	0
2005	0
2006	0
2007	0
2008	0
2009	0
2010	0
2011	0
2012	0
2013	0
2014	0
2015	0
2016	0
2017	0
2018	0
2019	0
2020	0
2021	0
2022	0
2023	0
2024	0
2025	0
2026	0
2027	0
2028	0
2029	0
2030	0
2031	0
2032	0
2033	0
2034	0
2035	0
2036	0
2037	0
2038	0
2039	0
2040	0
2041	0
2042	0
2043	0
2044	0
2045	0
2046	0
2047	0
