$SPEC_ID:
No sample description was entered.
$SPEC_REM:
DET# 1
DETDESC# 
AP# Maestro Version 6.08
$DATE_MEA:
09/21/2017 10:27:25
$MEAS_TIM:
120 120
$DATA:
0 2047
       0
       0
       0
       0
       0
       0
       0
       0
       0
       0
       0
       0
       0
       0
       0
       0
       0
       0
       0
       0
       0
       0
       0
       0
       0
       0
       0
       0
       0
       0
       0
       0
       0
       0
       0
       0
       0
       0
       0
       0
       0
       0
       0
       0
       0
       0
       0
       0
       0
       0
       0
       0
       0
       0
       0
       0
       0
       0
       0
       0
       0
       0
       0
       0
       0
       0
       0
       0
       0
       0
       0
       0
       0
       0
       0
       0
       0
       0
       0
       0
       0
       0
       0
       0
       0
       0
       0
       0
       0
       0
       0
       0
       0
       0
       0
       0
       0
       0
       0
       0
       0
       0
       0
       0
       0
       0
       0
       0
       0
       0
       0
       0
       0
       0
       0
       0
       0
       0
       0
       0
       0
       0
       0
       0
       0
       0
       0
       0
       0
       0
       0
       0
       0
       0
       0
       0
       0
       0
       0
       0
       0
       0
       0
       0
       0
       0
       0
       0
       0
       0
       0
       0
       0
       0
       0
       0
       0
       0
       0
       0
       0
       0
       0
       0
       0
       0
       0
       0
       0
       0
       0
       0
       0
       0
       0
       0
       0
       0
       0
       0
       0
       0
       0
       0
       0
       0
       0
       0
       0
       0
       0
       0
       0
       0
       0
       0
       0
       0
       0
       2
       1
       0
       0
       2
       2
       0
       1
       0
       0
       4
       0
       0
       3
       3
       0
       4
       0
       1
       2
       0
       2
       0
       0
       1
       2
       1
       2
       0
       3
       2
       4
       2
       1
       3
       3
       2
       2
       1
       2
       2
       3
       2
       0
       1
       2
       1
       0
       0
       1
       2
       0
       0
       1
       2
       0
       0
       1
       3
       1
       1
       4
       0
       1
       1
       3
       0
       0
       0
       4
       0
       0
       3
       1
       1
       0
       0
       1
       1
       2
       1
       0
       0
       3
       0
       0
       0
       0
       2
       1
       1
       4
       1
       0
       1
       2
       2
       4
       0
       1
       1
       1
       0
       3
       3
       1
       1
       1
       4
       3
       1
       1
       0
       1
       2
       2
       0
       1
       0
       1
       1
       2
       1
       2
       2
       0
       0
       4
       4
       3
       3
       3
       2
       3
       3
       1
       2
       3
       1
       1
       2
       1
       2
       4
       3
       2
       4
       4
       2
       1
       2
       1
       2
       2
       2
       1
       1
       3
       3
       2
       3
       2
       3
       0
       2
       3
       2
       0
       5
       6
       3
       4
       1
       2
       2
       1
       1
       1
       2
       1
       1
       2
       0
       1
       3
       3
       0
       3
       1
       1
       1
       3
       3
       3
       1
       0
       2
       3
       0
       2
       2
       4
       2
       3
       2
       2
       4
       1
       3
       5
       3
       2
       4
       3
       0
       4
       3
       3
       0
       2
       2
       3
       3
       2
       4
       4
       1
       2
       4
       1
       2
       3
       1
       2
       1
       1
       0
       2
       3
       2
       3
       2
       6
       4
       1
       4
       3
       2
       7
       2
       5
       1
       3
       5
       3
       3
       1
       3
       6
       4
       5
       5
       3
       2
       2
       2
       1
       2
       2
       3
       2
       3
       3
       1
       4
       2
       1
       7
       4
       6
       2
       0
       2
       4
       3
       2
       3
       5
       0
       2
       6
       4
       2
       4
       1
       5
       3
       1
       1
       2
       2
       2
       3
       5
       1
       3
       5
       1
       2
       2
       3
       0
       5
       3
       2
       4
       1
       4
       2
       1
       3
       3
       2
       4
       4
       4
       4
       1
       4
       4
       3
       2
       3
       1
       6
       5
       2
       5
       6
       5
       1
       1
       4
       7
       0
       4
       6
       1
       3
       3
       3
       2
       5
       5
       2
       1
       2
       1
       5
       2
       4
       4
       4
       2
       8
       5
       5
       5
       3
       4
       1
       4
       2
       5
       4
       6
       6
       5
       2
       7
       4
       1
       4
       4
       4
       7
       6
       4
       2
       5
       3
       7
       3
       4
       0
       8
       5
       7
       7
      11
       6
       2
       4
       6
       8
       4
       4
       7
       3
       8
       5
       6
       5
       3
       8
       5
       8
      13
       6
       6
      10
       4
       7
       6
       5
       7
      10
      11
       8
      12
       7
       6
      10
       9
      12
      10
       7
      10
      10
      10
       8
      10
      17
       5
      10
      15
      12
      12
       8
      10
      10
      17
      13
      12
      14
      13
      15
      19
      13
      13
      12
      16
      15
      14
      15
      21
      15
      18
      12
      19
      14
      18
      20
      17
      23
      18
      25
      24
      27
      24
      27
      32
      22
      21
      22
      21
      30
      28
      39
      28
      32
      33
      29
      31
      21
      25
      32
      26
      27
      37
      41
      36
      40
      41
      42
      44
      37
      47
      50
      38
      45
      40
      43
      43
      62
      37
      43
      45
      48
      53
      46
      59
      65
      54
      55
      55
      61
      62
      74
      65
      64
      76
      64
      58
      61
      71
      66
      74
      63
      73
      81
      58
      87
      68
      78
      76
      91
      90
      86
      93
      70
      95
      80
      98
      95
      91
      98
      94
     104
     106
     122
      98
     104
     120
     108
     107
     116
     127
     111
     129
     104
     120
     128
     106
     117
     125
     109
     119
     143
     153
     121
     121
     133
     146
     138
     161
     162
     155
     158
     155
     145
     147
     156
     152
     173
     172
     169
     148
     156
     170
     173
     176
     166
     173
     186
     175
     174
     171
     177
     205
     188
     199
     160
     179
     191
     212
     193
     191
     197
     173
     205
     214
     192
     187
     228
     214
     201
     215
     178
     216
     200
     198
     197
     193
     193
     165
     219
     199
     192
     194
     214
     206
     222
     185
     218
     233
     214
     201
     200
     213
     216
     203
     210
     210
     236
     198
     237
     214
     218
     210
     212
     224
     228
     204
     217
     222
     206
     211
     205
     210
     205
     196
     211
     205
     185
     196
     211
     194
     230
     169
     174
     203
     198
     202
     169
     178
     163
     174
     194
     188
     196
     186
     193
     168
     166
     176
     159
     173
     172
     163
     145
     160
     164
     173
     174
     163
     149
     167
     168
     157
     141
     144
     133
     130
     145
     150
     142
     126
     105
     127
     124
     122
     114
     119
     118
     123
     117
     123
     108
     120
      97
     105
     107
     107
     108
      93
      94
     110
     101
     115
      96
      98
      84
      90
      77
      95
     106
      99
      76
      75
      77
      87
      82
      73
      63
      69
      66
      58
      65
      58
      55
      56
      58
      87
      53
      50
      47
      54
      57
      61
      44
      55
      47
      44
      44
      38
      33
      41
      43
      45
      49
      44
      34
      32
      34
      33
      34
      23
      36
      33
      28
      32
      28
      34
      26
      26
      22
      28
      26
      35
      24
      14
      16
      22
      11
      19
      21
      13
      19
      15
      21
      17
      21
      14
       9
      10
      14
      14
      18
      10
      15
      17
       6
      13
      13
      13
      19
       9
      10
       6
       6
       5
       8
       6
      11
       5
       8
      10
       3
       5
       9
       6
       5
       5
       2
       4
       2
       5
       5
       6
       5
       3
       2
       3
       5
       4
       2
       2
       3
       0
       0
       4
       3
       3
       2
       5
       3
       3
       2
       2
       0
       0
       1
       2
       1
       0
       0
       1
       1
       2
       1
       0
       0
       1
       1
       0
       0
       0
       1
       0
       0
       0
       1
       1
       1
       0
       1
       0
       1
       2
       1
       1
       1
       0
       2
       0
       0
       0
       0
       1
       0
       1
       1
       0
       0
       0
       0
       0
       0
       0
       1
       0
       0
       0
       0
       0
       0
       0
       1
       0
       0
       0
       0
       0
       0
       0
       0
       0
       0
       0
       0
       0
       0
       0
       0
       0
       0
       0
       0
       0
       0
       0
       0
       0
       0
       0
       0
       0
       0
       0
       0
       0
       0
       0
       0
       0
       0
       0
       0
       0
       0
       0
       0
       0
       0
       0
       0
       2
       1
       0
       0
       0
       0
       0
       0
       0
       0
       0
       0
       0
       0
       0
       0
       0
       0
       0
       0
       0
       0
       0
       0
       0
       0
       0
       0
       0
       0
       0
       0
       0
       0
       0
       0
       0
       0
       0
       0
       0
       0
       0
       0
       0
       0
       1
       0
       0
       0
       0
       0
       0
       0
       0
       0
       0
       0
       0
       0
       0
       0
       0
       0
       0
       0
       0
       0
       0
       0
       0
       0
       0
       0
       0
       0
       0
       0
       0
       0
       0
       0
       0
       0
       0
       0
       0
       0
       0
       0
       0
       0
       0
       0
       0
       0
       0
       0
       0
       0
       0
       0
       0
       0
       0
       0
       1
       0
       0
       0
       0
       0
       0
       0
       0
       0
       0
       0
       0
       0
       0
       0
       0
       0
       0
       0
       0
       0
       0
       0
       0
       0
       0
       0
       0
       0
       0
       0
       0
       0
       0
       0
       0
       0
       0
       0
       0
       0
       0
       1
       0
       0
       0
       0
       0
       0
       0
       0
       0
       0
       1
       0
       0
       0
       0
       0
       0
       0
       0
       1
       0
       0
       0
       0
       0
       0
       0
       0
       0
       0
       1
       0
       0
       0
       0
       0
       0
       0
       0
       0
       0
       0
       0
       0
       0
       0
       0
       0
       0
       0
       0
       0
       0
       0
       0
       0
       0
       0
       0
       0
       0
       0
       0
       0
       0
       0
       0
       0
       0
       0
       0
       0
       0
       0
       0
       0
       0
       0
       0
       0
       0
       0
       0
       0
       0
       0
       0
       0
       0
       0
       0
       0
       0
       0
       0
       0
       0
       0
       0
       0
       0
       0
       0
       0
       0
       0
       0
       0
       0
       0
       0
       0
       0
       0
       0
       0
       0
       0
       0
       0
       0
       0
       0
       0
       1
       0
       0
       0
       0
       0
       0
       1
       0
       0
       0
       0
       0
       0
       0
       0
       0
       0
       0
       0
       1
       0
       0
       0
       0
       0
       0
       0
       0
       0
       0
       0
       0
       1
       0
       0
       0
       0
       0
       0
       0
       0
       0
       0
       0
       0
       0
       1
       0
       0
       0
       0
       0
       0
       0
       0
       0
       0
       0
       0
       0
       0
       0
       1
       0
       0
       1
       0
       0
       0
       0
       0
       0
       0
       1
       0
       0
       0
       0
       0
       0
       0
       0
       0
       0
       0
       0
       0
       0
       0
       0
       0
       0
       0
       1
       0
       0
       0
       0
       0
       0
       0
       0
       0
       0
       0
       0
       0
       0
       0
       0
       0
       0
       0
       0
       0
       0
       0
       0
       0
       0
       0
       0
       0
       2
       0
       0
       0
       0
       0
       0
       0
       0
       0
       0
       0
       0
       0
       0
       0
       0
       0
       0
       0
       0
       0
       0
       0
       0
       0
       0
       0
       0
       0
       0
       0
       0
       0
       0
       0
       1
       0
       0
       0
       0
       0
       0
       0
       0
       0
       0
       0
       0
       0
       0
       0
       0
       0
       0
       0
       0
       0
       0
       0
       0
       0
       0
       0
       1
       0
       0
       0
       0
       0
       0
       0
       0
       0
       0
       0
       0
       0
       0
       0
       0
       0
       0
       0
       0
       0
       0
       0
       0
       0
       0
       1
       0
       0
       1
       0
       0
       0
       0
       0
       0
       0
       0
       0
       0
       0
       0
       0
       0
       0
       0
       0
       0
       0
       0
       0
       0
       0
       0
       0
       0
       0
       0
       1
       0
       1
       0
       0
       0
       0
       0
       0
       0
       0
       0
       0
       1
       0
       0
       0
       0
       0
       0
       0
       0
       0
       0
       0
       0
       0
       0
       0
       0
       0
       0
       0
       0
       0
       0
       0
       0
       0
       0
       0
       0
       0
       0
       0
       0
       0
       0
       0
       0
       0
       0
       0
       0
       0
       0
       0
       0
       0
       0
       0
       0
       1
       0
       0
       0
       0
       0
       0
       0
       0
       0
       0
       0
       0
       0
       0
       0
       0
       0
       0
       0
       0
       0
       0
       0
       0
       0
       0
       0
       0
       0
       0
       0
       0
       0
       0
       0
       0
       0
       0
       0
       0
       0
       0
       0
       0
       0
       0
       0
       0
       0
       0
       0
       0
       0
       0
       0
       0
       0
       0
       0
       0
       0
       0
       0
       0
       0
       0
       0
       0
       0
       0
       0
       0
       0
       0
       0
       0
       1
       0
       0
       0
       0
       0
       0
       0
       0
       0
       0
       0
       0
       0
       0
       0
       0
       0
       0
       0
       0
       1
       0
       0
       0
       0
       0
       0
       0
       0
       0
       0
       0
       0
       0
       0
       0
       0
       0
       0
       0
       0
       0
       0
       0
       0
       0
       0
       0
       0
       0
       0
       0
       0
       0
       0
       0
       0
       0
       0
       0
       0
       0
       0
       0
       0
       0
       0
       0
       0
       0
       0
       0
       0
       0
       0
       0
       0
       0
       0
       0
       0
       0
       0
       0
       0
       0
       0
       0
       0
       0
       0
       0
       0
       0
       0
       0
       0
       0
       0
       0
       0
       0
       0
       0
       0
       0
       0
       0
       0
       0
       0
       0
       0
       0
       0
       0
       0
       0
       0
       0
       0
       0
       0
       0
       0
       0
       0
       0
       0
       0
       0
       0
       0
       0
       0
       0
       0
       0
       0
       0
       0
       0
       0
       0
       0
       0
       0
       0
       0
       0
       0
       0
       0
       0
       0
       0
       0
       0
       0
       0
       0
       0
       0
       0
       0
       0
       0
       0
       0
       0
       0
       0
       0
       0
       0
       0
       0
       0
       0
       0
       0
       0
       0
       0
       0
       0
       0
       0
       0
       0
       0
       0
       0
       0
       0
       0
       0
       0
       0
       0
       0
       0
       0
       0
       0
       0
       0
       0
       0
       0
       0
$ROI:
0
$PRESETS:
Live Time
120
0
$ENER_FIT:
0.000000 0.002526
$MCA_CAL:
3
0.000000E+000 2.525835E-003 0.000000E+000 keV
$SHAPE_CAL:
3
0.000000E+000 0.000000E+000 0.000000E+000
