$SPEC_ID:
No sample description was entered.
$SPEC_REM:
DET# 1
DETDESC# 
AP# Maestro Version 6.08
$DATE_MEA:
09/21/2017 10:43:29
$MEAS_TIM:
120 120
$DATA:
0 2047
       0
       0
       0
       0
       0
       0
       0
       0
       0
       0
       0
       0
       0
       0
       0
       0
       0
       0
       0
       0
       0
       0
       0
       0
       0
       0
       0
       0
       0
       0
       0
       0
       0
       0
       0
       0
       0
       0
       0
       0
       0
       0
       0
       0
       0
       0
       0
       0
       0
       0
       0
       0
       0
       0
       0
       0
       0
       0
       0
       0
       0
       0
       0
       0
       0
       0
       0
       0
       0
       0
       0
       0
       0
       0
       0
       0
       0
       0
       0
       0
       0
       0
       0
       0
       0
       0
       0
       0
       0
       0
       0
       0
       0
       0
       0
       0
       0
       0
       0
       0
       0
       0
       0
       0
       0
       0
       0
       0
       0
       0
       0
       0
       0
       0
       0
       0
       0
       0
       0
       0
       0
       0
       0
       0
       0
       0
       0
       0
       0
       0
       0
       0
       0
       0
       0
       0
       0
       0
       0
       0
       0
       0
       0
       0
       0
       0
       0
       0
       0
       0
       0
       0
       0
       0
       0
       0
       0
       0
       0
       0
       0
       0
       0
       0
       0
       0
       0
       0
       0
       0
       0
       0
       0
       0
       0
       0
       0
       0
       0
       0
       0
       0
       0
       0
       0
       0
       0
       0
       0
       0
       0
       0
       0
       0
       0
       0
       0
       0
       0
       2
       2
       2
       4
       0
       3
       2
       0
       0
       3
       0
       0
       1
       2
       2
       5
       0
       2
       2
       1
       1
       1
       1
       0
       1
       1
       2
       2
       1
       3
       0
       0
       1
       3
       2
       1
       2
       3
       1
       2
       2
       4
       0
       2
       1
       1
       1
       1
       1
       1
       2
       1
       0
       1
       1
       0
       2
       1
       0
       0
       1
       1
       0
       3
       1
       0
       2
       6
       1
       2
       1
       1
       0
       0
       1
       0
       2
       5
       2
       0
       3
       0
       1
       4
       1
       1
       1
       3
       1
       1
       0
       3
       2
       0
       1
       2
       1
       0
       0
       7
       2
       1
       1
       1
       3
       2
       2
       1
       1
       1
       1
       1
       2
       0
       3
       2
       0
       0
       1
       0
       0
       0
       0
       0
       0
       1
       1
       1
       2
       4
       3
       0
       2
       2
       4
       3
       3
       4
       4
       1
       2
       2
       1
       2
       1
       3
       1
       0
       1
       0
       3
       3
       2
       2
       4
       2
       1
       3
       4
       4
       2
       0
       1
       3
       1
       4
       0
       3
       3
       2
       1
       4
       5
       4
       5
       1
       2
       1
       3
       2
       2
       3
       4
       4
       1
       2
       0
       4
       2
       1
       3
       2
       2
       2
       2
       2
       2
       1
       1
       2
       3
       7
       1
       1
       2
       4
       1
       1
       1
       3
       5
       2
       3
       1
       5
       4
       2
       1
       6
       3
       4
       1
       4
       1
       3
       2
       4
       1
       1
       4
       1
       2
       1
       2
       0
       2
       5
       4
       3
       2
       2
       4
       5
       2
       2
       3
       2
       2
       1
       5
       2
       2
       1
       1
       2
       1
       3
       5
       0
       2
       1
       3
       2
       2
       3
       2
       1
       0
       1
       4
       3
       3
       4
       3
       4
       7
       2
       2
       2
       4
       1
       2
       7
       2
       3
       5
       3
       6
       3
       2
       4
       5
       2
       7
       7
       2
       3
       4
       4
       1
       6
       1
       1
       4
       3
       1
       1
       2
       0
       3
       0
       4
       1
       5
       0
       2
       5
       1
       3
       1
       1
       2
       4
       1
       0
       2
       1
       2
       1
       5
       2
       1
       4
       5
       4
       3
       2
       4
       1
       5
       4
       3
       1
       3
       2
       1
       6
       3
       3
       5
       6
       3
       3
       4
       1
       5
       4
       3
       3
       4
       2
       2
       1
       3
       6
       5
      10
       5
       3
       4
       5
       8
       4
       3
       5
       5
       3
       1
       4
       4
       4
       4
       2
       5
       5
       5
       4
       3
       0
       8
       1
       1
       6
       5
       1
       5
       3
       6
       3
       7
       5
       3
      11
       8
       7
       4
       5
       3
       7
       7
      14
       9
       5
       8
       7
       6
       5
       3
      11
      10
       8
       8
      10
       5
       2
       3
       8
      10
       3
       6
      10
       4
      14
      11
       5
       8
      11
      13
       4
       5
       8
      14
       6
      13
       8
      12
       6
      14
      10
      14
      11
      10
      10
       9
       8
      17
      16
      21
      12
      22
      16
      17
      21
      17
      16
      25
      15
      15
      23
      11
      13
      10
      13
      17
      15
      18
      15
      18
      16
      19
      18
      23
      24
      30
      26
      19
      28
      18
      20
      26
      32
      21
      40
      21
      28
      30
      31
      29
      33
      35
      40
      27
      42
      23
      42
      41
      42
      51
      37
      40
      38
      48
      49
      54
      47
      51
      50
      67
      59
      48
      64
      40
      52
      50
      58
      62
      52
      62
      69
      67
      62
      72
      57
      59
      63
      67
      73
      84
      73
      77
      64
      78
      70
      79
      98
      96
      80
     116
      84
      91
      90
      87
     106
      79
     101
      91
     104
      90
      96
      99
     100
     101
     102
     119
     106
     136
     100
     109
     120
     111
     126
     122
     115
     135
     128
     126
     142
     113
     130
     150
     152
     130
     160
     137
     139
     154
     151
     173
     157
     128
     148
     173
     158
     147
     154
     156
     154
     173
     171
     154
     166
     186
     181
     198
     173
     176
     179
     173
     176
     208
     170
     175
     177
     200
     168
     191
     215
     186
     183
     197
     186
     236
     221
     219
     206
     215
     183
     206
     212
     199
     204
     214
     221
     181
     203
     195
     234
     208
     226
     208
     214
     213
     218
     204
     218
     183
     219
     214
     218
     198
     228
     243
     217
     227
     228
     224
     208
     213
     224
     208
     213
     228
     209
     210
     215
     235
     194
     193
     218
     186
     207
     214
     192
     204
     217
     224
     172
     215
     187
     196
     199
     209
     174
     168
     165
     168
     196
     161
     195
     161
     179
     184
     172
     179
     168
     176
     161
     170
     166
     166
     169
     144
     163
     166
     161
     140
     158
     169
     136
     150
     148
     173
     130
     142
     134
     141
     137
     141
     135
     125
     123
     112
     117
     139
     130
      98
     126
     127
     142
     113
      94
     108
     107
      94
     106
     110
     106
      96
     113
      87
     115
      90
      82
      96
     104
      81
      92
      91
      72
      84
      78
      68
      83
      67
      56
      68
      78
      68
      58
      58
      57
      63
      72
      47
      56
      55
      43
      54
      50
      45
      45
      37
      51
      43
      39
      43
      31
      45
      37
      48
      42
      42
      33
      42
      32
      27
      30
      33
      23
      24
      26
      37
      29
      21
      26
      19
      20
      17
      22
      24
      21
      20
      21
      16
      22
      18
      14
      14
       7
      24
       7
      13
      11
      12
      14
      19
      19
      14
       8
       9
      12
       8
      11
       8
       2
      11
       5
       5
       6
       9
      10
       4
      11
       6
       5
       3
       6
       6
       4
       4
       1
       6
       4
       6
       2
       4
       4
       4
       1
       3
       3
       4
       2
       3
       3
       2
       1
       1
       0
       3
       1
       1
       1
       2
       1
       3
       1
       1
       1
       1
       0
       2
       0
       0
       1
       0
       1
       0
       0
       2
       0
       2
       1
       2
       1
       0
       2
       1
       1
       1
       1
       0
       0
       0
       1
       0
       0
       1
       0
       0
       1
       0
       1
       0
       0
       0
       1
       0
       1
       1
       0
       0
       0
       0
       0
       0
       0
       0
       0
       0
       0
       1
       0
       0
       0
       0
       0
       0
       0
       0
       0
       0
       0
       0
       1
       0
       0
       1
       0
       0
       0
       0
       0
       0
       0
       0
       0
       0
       0
       0
       0
       0
       0
       0
       0
       0
       0
       0
       0
       0
       0
       0
       0
       0
       0
       0
       0
       1
       0
       0
       0
       1
       0
       0
       0
       0
       0
       0
       0
       0
       0
       0
       0
       0
       0
       0
       0
       0
       0
       0
       0
       0
       0
       0
       0
       0
       0
       0
       0
       0
       0
       0
       0
       0
       0
       0
       0
       0
       0
       0
       0
       0
       0
       0
       0
       0
       0
       0
       1
       0
       0
       0
       0
       0
       0
       0
       0
       0
       0
       0
       0
       0
       0
       0
       0
       0
       1
       0
       0
       0
       0
       0
       0
       0
       0
       0
       0
       0
       0
       0
       0
       0
       0
       0
       0
       0
       0
       1
       0
       0
       0
       0
       0
       0
       0
       0
       0
       0
       0
       0
       0
       0
       0
       0
       0
       0
       0
       0
       0
       0
       0
       0
       0
       0
       0
       0
       0
       0
       0
       0
       0
       0
       0
       0
       0
       0
       0
       0
       0
       0
       0
       0
       0
       0
       0
       0
       0
       1
       0
       0
       0
       1
       0
       0
       0
       0
       0
       0
       0
       0
       1
       0
       0
       0
       0
       0
       0
       1
       0
       0
       0
       0
       0
       0
       0
       0
       0
       0
       0
       0
       0
       0
       0
       0
       0
       0
       0
       0
       1
       0
       0
       0
       0
       0
       0
       0
       0
       0
       0
       0
       0
       0
       0
       0
       1
       0
       0
       0
       0
       0
       0
       0
       0
       0
       0
       0
       0
       0
       0
       0
       0
       0
       0
       0
       0
       0
       0
       0
       0
       0
       0
       0
       0
       0
       0
       0
       0
       0
       0
       0
       0
       0
       0
       1
       0
       0
       0
       0
       0
       0
       0
       0
       0
       0
       0
       0
       0
       0
       0
       0
       0
       0
       0
       0
       1
       0
       0
       0
       1
       0
       0
       0
       0
       1
       0
       0
       0
       0
       0
       0
       1
       0
       0
       0
       0
       0
       0
       0
       0
       0
       0
       0
       0
       0
       0
       0
       0
       0
       0
       1
       0
       0
       0
       0
       0
       0
       0
       0
       0
       0
       0
       0
       0
       0
       0
       0
       0
       0
       0
       0
       0
       0
       0
       0
       0
       0
       0
       0
       0
       0
       0
       0
       0
       0
       0
       0
       0
       0
       0
       0
       0
       1
       0
       0
       0
       0
       0
       0
       1
       0
       0
       0
       0
       0
       0
       0
       0
       0
       0
       0
       0
       0
       0
       0
       0
       0
       0
       0
       0
       0
       0
       0
       0
       0
       0
       0
       0
       0
       0
       0
       0
       0
       0
       0
       0
       0
       0
       0
       0
       0
       0
       0
       0
       0
       0
       0
       0
       0
       0
       1
       0
       0
       0
       0
       0
       0
       0
       0
       1
       0
       0
       0
       0
       0
       0
       0
       0
       2
       0
       0
       1
       0
       0
       0
       0
       0
       0
       0
       0
       0
       0
       0
       0
       0
       0
       0
       0
       0
       0
       0
       0
       0
       0
       0
       0
       0
       0
       0
       0
       0
       0
       0
       0
       0
       0
       0
       0
       0
       0
       0
       0
       1
       0
       0
       0
       0
       0
       0
       0
       0
       0
       0
       0
       0
       0
       0
       0
       0
       0
       0
       0
       0
       0
       0
       0
       0
       0
       0
       0
       0
       0
       0
       0
       0
       0
       0
       0
       0
       0
       0
       0
       0
       0
       0
       0
       0
       0
       0
       0
       0
       0
       0
       0
       0
       0
       0
       0
       0
       0
       0
       0
       0
       0
       0
       0
       0
       0
       0
       0
       0
       0
       0
       0
       0
       0
       0
       0
       0
       0
       0
       0
       0
       0
       0
       0
       0
       0
       0
       0
       0
       0
       0
       0
       0
       0
       0
       0
       0
       0
       0
       0
       0
       0
       0
       0
       0
       0
       1
       0
       0
       0
       0
       0
       0
       0
       0
       0
       0
       0
       0
       0
       0
       0
       0
       1
       0
       0
       0
       0
       0
       0
       0
       0
       0
       0
       0
       0
       0
       0
       0
       0
       0
       0
       0
       0
       0
       0
       0
       0
       0
       0
       0
       0
       0
       0
       0
       0
       0
       0
       0
       0
       0
       0
       0
       0
       0
       0
       0
       0
       0
       1
       0
       0
       0
       0
       0
       0
       0
       0
       0
       0
       0
       0
       0
       0
       0
       0
       0
       0
       0
       0
       0
       0
       0
       0
       0
       0
       0
       0
       0
       0
       0
       0
       0
       0
       0
       0
       0
       0
       0
       0
       0
       0
       0
       0
       0
       0
       1
       0
       0
       0
       0
       0
       0
       0
       0
       0
       0
       0
       0
       0
       0
       0
       0
       0
       0
       0
       0
       0
       0
       0
       0
       0
       0
       0
       0
       0
       0
       0
       0
       0
       0
       0
       0
       0
       0
       0
       0
       0
       0
       0
       0
       0
       0
       0
       0
       0
       0
       0
       0
       0
       0
       0
       0
       0
       0
       0
       0
       0
       0
       0
       0
       0
       0
       0
       0
       0
       0
       0
       0
       0
       0
       0
       0
       0
       0
       0
       0
       0
       0
       0
       0
       0
       0
       0
       0
       0
       0
       0
       0
       0
       0
       0
       0
       0
       0
       0
       0
       0
       0
       0
       0
       0
       0
       0
       0
       0
       0
       0
       0
       0
       0
       0
       0
       0
       0
       0
       0
       0
       0
       0
       0
       0
       0
       0
       0
       0
       0
       0
       0
       0
       0
       0
       0
       0
       0
       0
       0
       0
       0
       0
       0
       0
       0
       0
       0
       0
       0
       0
       0
       0
       0
       0
       0
       0
       0
       0
       0
       0
       0
       0
       0
       0
       0
       0
       0
       0
       0
       0
       0
       0
       0
       0
       0
       0
       0
       0
       0
       0
       0
       0
       0
       0
       0
       0
       0
       0
       0
       0
       0
       0
       0
       0
       0
       0
       0
       0
       0
       0
       0
       0
       0
       0
       0
       0
       0
       0
       0
       0
$ROI:
0
$PRESETS:
Live Time
120
0
$ENER_FIT:
0.000000 0.002526
$MCA_CAL:
3
0.000000E+000 2.525835E-003 0.000000E+000 keV
$SHAPE_CAL:
3
0.000000E+000 0.000000E+000 0.000000E+000
