SPEC_ID:	'No sample description was entered.'
SPEC_REM:	'DET# 1'
DATE_MEA:	'09/21/2017 10:29:25'
MEAS_TIM:	'120 120'
DATA:	'0 2047'
ROI:	'0'
PRESETS:	'Live Time'
ENER_FIT:	'0.000000 0.002526'
MCA_CAL:	'3'
SHAPE_CAL:	'3'

Channel	Counts
0	0
1	0
2	0
3	0
4	0
5	0
6	0
7	0
8	0
9	0
10	0
11	0
12	0
13	0
14	0
15	0
16	0
17	0
18	0
19	0
20	0
21	0
22	0
23	0
24	0
25	0
26	0
27	0
28	0
29	0
30	0
31	0
32	0
33	0
34	0
35	0
36	0
37	0
38	0
39	0
40	0
41	0
42	0
43	0
44	0
45	0
46	0
47	0
48	0
49	0
50	0
51	0
52	0
53	0
54	0
55	0
56	0
57	0
58	0
59	0
60	0
61	0
62	0
63	0
64	0
65	0
66	0
67	0
68	0
69	0
70	0
71	0
72	0
73	0
74	0
75	0
76	0
77	0
78	0
79	0
80	0
81	0
82	0
83	0
84	0
85	0
86	0
87	0
88	0
89	0
90	0
91	0
92	0
93	0
94	0
95	0
96	0
97	0
98	0
99	0
100	0
101	0
102	0
103	0
104	0
105	0
106	0
107	0
108	0
109	0
110	0
111	0
112	0
113	0
114	0
115	0
116	0
117	0
118	0
119	0
120	0
121	0
122	0
123	0
124	0
125	0
126	0
127	0
128	0
129	0
130	0
131	0
132	0
133	0
134	0
135	0
136	0
137	0
138	0
139	0
140	0
141	0
142	0
143	0
144	0
145	0
146	0
147	0
148	0
149	0
150	0
151	0
152	0
153	0
154	0
155	0
156	0
157	0
158	0
159	0
160	0
161	0
162	0
163	0
164	0
165	0
166	0
167	0
168	0
169	0
170	0
171	0
172	0
173	0
174	0
175	0
176	0
177	0
178	0
179	0
180	0
181	0
182	0
183	0
184	0
185	0
186	0
187	0
188	0
189	0
190	0
191	0
192	0
193	0
194	0
195	0
196	0
197	0
198	1
199	2
200	5
201	2
202	0
203	1
204	3
205	2
206	0
207	1
208	1
209	3
210	0
211	4
212	2
213	1
214	1
215	1
216	2
217	1
218	2
219	1
220	2
221	2
222	2
223	2
224	2
225	0
226	1
227	2
228	3
229	1
230	2
231	2
232	2
233	3
234	1
235	1
236	1
237	1
238	0
239	2
240	3
241	0
242	2
243	1
244	1
245	0
246	1
247	3
248	2
249	0
250	3
251	3
252	2
253	0
254	1
255	2
256	3
257	1
258	0
259	1
260	2
261	0
262	1
263	1
264	1
265	3
266	0
267	2
268	0
269	2
270	0
271	1
272	4
273	1
274	2
275	0
276	4
277	2
278	2
279	1
280	0
281	0
282	1
283	2
284	1
285	3
286	1
287	1
288	1
289	1
290	3
291	2
292	2
293	0
294	1
295	2
296	1
297	2
298	0
299	2
300	0
301	1
302	2
303	3
304	0
305	2
306	1
307	2
308	2
309	4
310	4
311	2
312	1
313	2
314	1
315	0
316	2
317	0
318	2
319	2
320	2
321	1
322	2
323	0
324	5
325	0
326	0
327	0
328	1
329	1
330	1
331	5
332	5
333	1
334	4
335	2
336	1
337	1
338	0
339	2
340	1
341	2
342	4
343	2
344	1
345	2
346	0
347	3
348	2
349	4
350	0
351	1
352	0
353	2
354	1
355	1
356	3
357	0
358	1
359	1
360	2
361	1
362	2
363	4
364	2
365	3
366	2
367	2
368	2
369	2
370	3
371	1
372	0
373	6
374	3
375	3
376	3
377	0
378	4
379	3
380	2
381	2
382	2
383	4
384	2
385	2
386	4
387	1
388	1
389	1
390	2
391	3
392	1
393	0
394	2
395	2
396	2
397	6
398	1
399	4
400	4
401	2
402	7
403	2
404	3
405	5
406	3
407	3
408	3
409	1
410	1
411	3
412	3
413	0
414	2
415	5
416	1
417	3
418	1
419	3
420	3
421	3
422	2
423	6
424	1
425	3
426	3
427	1
428	0
429	5
430	3
431	2
432	5
433	3
434	1
435	2
436	0
437	0
438	2
439	4
440	4
441	2
442	2
443	3
444	3
445	4
446	1
447	6
448	0
449	5
450	2
451	0
452	3
453	4
454	1
455	1
456	1
457	4
458	5
459	7
460	4
461	4
462	6
463	1
464	2
465	3
466	3
467	2
468	0
469	2
470	3
471	2
472	7
473	4
474	2
475	1
476	3
477	2
478	1
479	1
480	2
481	0
482	2
483	2
484	4
485	3
486	4
487	5
488	2
489	1
490	3
491	5
492	2
493	5
494	5
495	1
496	3
497	3
498	3
499	3
500	2
501	4
502	3
503	0
504	2
505	6
506	2
507	3
508	2
509	6
510	2
511	3
512	2
513	4
514	4
515	2
516	2
517	3
518	1
519	2
520	4
521	4
522	5
523	4
524	4
525	3
526	2
527	4
528	4
529	2
530	0
531	2
532	3
533	1
534	2
535	4
536	2
537	5
538	2
539	3
540	3
541	5
542	5
543	3
544	5
545	8
546	1
547	4
548	3
549	6
550	6
551	2
552	3
553	3
554	2
555	4
556	5
557	2
558	3
559	2
560	5
561	4
562	0
563	7
564	3
565	6
566	4
567	3
568	6
569	4
570	2
571	3
572	4
573	5
574	3
575	1
576	1
577	6
578	3
579	3
580	7
581	6
582	3
583	1
584	6
585	5
586	7
587	4
588	4
589	4
590	9
591	3
592	7
593	6
594	2
595	6
596	3
597	4
598	3
599	3
600	7
601	6
602	4
603	3
604	3
605	3
606	4
607	4
608	7
609	8
610	3
611	5
612	4
613	3
614	2
615	6
616	4
617	4
618	10
619	6
620	4
621	7
622	9
623	6
624	10
625	6
626	6
627	7
628	8
629	6
630	10
631	10
632	9
633	12
634	14
635	11
636	6
637	11
638	12
639	8
640	12
641	11
642	11
643	15
644	3
645	9
646	12
647	4
648	8
649	4
650	15
651	10
652	24
653	15
654	12
655	10
656	13
657	10
658	11
659	11
660	16
661	19
662	16
663	11
664	11
665	19
666	11
667	20
668	19
669	14
670	16
671	11
672	18
673	16
674	19
675	22
676	23
677	16
678	23
679	17
680	24
681	26
682	25
683	24
684	25
685	26
686	29
687	31
688	25
689	27
690	26
691	23
692	28
693	38
694	38
695	16
696	28
697	39
698	26
699	31
700	36
701	38
702	27
703	22
704	40
705	47
706	43
707	39
708	41
709	48
710	28
711	39
712	51
713	40
714	53
715	57
716	54
717	49
718	64
719	54
720	53
721	55
722	51
723	60
724	68
725	50
726	49
727	59
728	75
729	66
730	60
731	50
732	74
733	59
734	87
735	66
736	62
737	68
738	72
739	69
740	70
741	81
742	80
743	78
744	73
745	67
746	87
747	94
748	86
749	101
750	75
751	88
752	110
753	104
754	94
755	110
756	83
757	104
758	104
759	99
760	98
761	99
762	97
763	118
764	113
765	107
766	123
767	119
768	116
769	112
770	128
771	118
772	137
773	127
774	140
775	126
776	139
777	143
778	136
779	143
780	142
781	136
782	149
783	137
784	161
785	147
786	128
787	172
788	166
789	148
790	155
791	167
792	178
793	146
794	150
795	175
796	160
797	154
798	180
799	160
800	174
801	174
802	158
803	162
804	179
805	179
806	153
807	181
808	177
809	171
810	188
811	162
812	187
813	206
814	181
815	184
816	187
817	195
818	184
819	180
820	184
821	176
822	174
823	194
824	184
825	181
826	190
827	216
828	230
829	195
830	216
831	224
832	229
833	218
834	212
835	203
836	191
837	223
838	217
839	221
840	204
841	211
842	201
843	219
844	203
845	199
846	209
847	230
848	217
849	208
850	194
851	226
852	195
853	214
854	186
855	204
856	232
857	211
858	213
859	212
860	199
861	226
862	223
863	200
864	204
865	213
866	199
867	200
868	215
869	191
870	172
871	209
872	199
873	192
874	192
875	210
876	216
877	190
878	211
879	188
880	167
881	208
882	200
883	187
884	215
885	174
886	211
887	186
888	201
889	198
890	172
891	190
892	170
893	155
894	191
895	173
896	182
897	191
898	185
899	167
900	141
901	156
902	157
903	172
904	154
905	164
906	130
907	138
908	152
909	148
910	155
911	148
912	136
913	140
914	146
915	113
916	127
917	143
918	148
919	137
920	120
921	116
922	138
923	133
924	115
925	126
926	129
927	128
928	109
929	122
930	102
931	111
932	113
933	110
934	91
935	98
936	106
937	97
938	92
939	104
940	88
941	84
942	81
943	93
944	89
945	92
946	84
947	78
948	90
949	66
950	78
951	61
952	75
953	71
954	70
955	61
956	62
957	59
958	55
959	45
960	48
961	60
962	55
963	53
964	71
965	67
966	41
967	48
968	60
969	43
970	64
971	42
972	38
973	49
974	53
975	33
976	49
977	39
978	42
979	37
980	37
981	27
982	32
983	22
984	36
985	36
986	34
987	33
988	25
989	20
990	27
991	28
992	25
993	23
994	30
995	24
996	23
997	21
998	23
999	20
1000	19
1001	11
1002	32
1003	16
1004	10
1005	18
1006	23
1007	14
1008	15
1009	16
1010	14
1011	17
1012	6
1013	17
1014	9
1015	18
1016	11
1017	8
1018	7
1019	6
1020	10
1021	13
1022	9
1023	14
1024	5
1025	10
1026	11
1027	4
1028	7
1029	5
1030	6
1031	7
1032	8
1033	8
1034	5
1035	5
1036	7
1037	6
1038	7
1039	6
1040	3
1041	2
1042	6
1043	3
1044	4
1045	7
1046	4
1047	3
1048	1
1049	4
1050	3
1051	4
1052	2
1053	5
1054	0
1055	3
1056	6
1057	2
1058	2
1059	3
1060	7
1061	3
1062	1
1063	3
1064	2
1065	1
1066	1
1067	1
1068	1
1069	1
1070	3
1071	1
1072	1
1073	0
1074	2
1075	1
1076	1
1077	4
1078	0
1079	0
1080	0
1081	1
1082	0
1083	0
1084	2
1085	0
1086	0
1087	0
1088	2
1089	0
1090	0
1091	2
1092	1
1093	2
1094	1
1095	0
1096	1
1097	0
1098	2
1099	0
1100	2
1101	0
1102	0
1103	0
1104	0
1105	1
1106	0
1107	0
1108	0
1109	0
1110	0
1111	1
1112	0
1113	0
1114	0
1115	0
1116	0
1117	0
1118	0
1119	0
1120	0
1121	0
1122	0
1123	0
1124	0
1125	1
1126	1
1127	0
1128	0
1129	0
1130	0
1131	0
1132	0
1133	0
1134	0
1135	0
1136	0
1137	0
1138	0
1139	0
1140	0
1141	0
1142	0
1143	0
1144	0
1145	0
1146	0
1147	0
1148	0
1149	0
1150	0
1151	1
1152	0
1153	0
1154	0
1155	0
1156	0
1157	0
1158	0
1159	0
1160	0
1161	0
1162	0
1163	0
1164	0
1165	0
1166	0
1167	0
1168	0
1169	0
1170	0
1171	0
1172	0
1173	0
1174	0
1175	1
1176	0
1177	0
1178	0
1179	0
1180	0
1181	0
1182	1
1183	0
1184	1
1185	0
1186	0
1187	0
1188	0
1189	0
1190	0
1191	0
1192	0
1193	0
1194	0
1195	0
1196	0
1197	0
1198	1
1199	1
1200	0
1201	0
1202	0
1203	0
1204	0
1205	1
1206	0
1207	0
1208	0
1209	0
1210	0
1211	0
1212	0
1213	0
1214	0
1215	0
1216	0
1217	0
1218	0
1219	0
1220	0
1221	0
1222	0
1223	0
1224	0
1225	2
1226	0
1227	0
1228	0
1229	0
1230	0
1231	0
1232	0
1233	0
1234	0
1235	0
1236	0
1237	0
1238	0
1239	0
1240	0
1241	0
1242	0
1243	0
1244	1
1245	0
1246	1
1247	0
1248	0
1249	0
1250	0
1251	0
1252	0
1253	0
1254	0
1255	0
1256	0
1257	0
1258	0
1259	0
1260	0
1261	0
1262	0
1263	0
1264	0
1265	0
1266	0
1267	0
1268	0
1269	0
1270	0
1271	0
1272	0
1273	0
1274	0
1275	0
1276	1
1277	0
1278	0
1279	0
1280	0
1281	0
1282	0
1283	0
1284	0
1285	0
1286	0
1287	0
1288	0
1289	0
1290	0
1291	0
1292	0
1293	0
1294	0
1295	0
1296	0
1297	0
1298	0
1299	0
1300	0
1301	0
1302	0
1303	0
1304	0
1305	0
1306	0
1307	0
1308	0
1309	0
1310	0
1311	0
1312	0
1313	0
1314	0
1315	0
1316	0
1317	0
1318	1
1319	0
1320	0
1321	0
1322	0
1323	0
1324	0
1325	0
1326	0
1327	0
1328	0
1329	0
1330	0
1331	0
1332	0
1333	0
1334	0
1335	0
1336	0
1337	0
1338	0
1339	0
1340	0
1341	0
1342	0
1343	0
1344	0
1345	0
1346	0
1347	0
1348	0
1349	0
1350	0
1351	0
1352	0
1353	0
1354	0
1355	0
1356	0
1357	0
1358	0
1359	0
1360	0
1361	0
1362	0
1363	0
1364	1
1365	0
1366	1
1367	0
1368	0
1369	0
1370	0
1371	0
1372	0
1373	0
1374	0
1375	0
1376	0
1377	0
1378	0
1379	0
1380	0
1381	0
1382	0
1383	0
1384	0
1385	0
1386	0
1387	0
1388	0
1389	0
1390	0
1391	0
1392	0
1393	0
1394	0
1395	0
1396	0
1397	0
1398	0
1399	0
1400	0
1401	0
1402	0
1403	0
1404	0
1405	0
1406	0
1407	0
1408	0
1409	1
1410	0
1411	0
1412	0
1413	0
1414	0
1415	0
1416	0
1417	0
1418	0
1419	0
1420	0
1421	0
1422	0
1423	0
1424	1
1425	0
1426	0
1427	0
1428	1
1429	0
1430	0
1431	0
1432	0
1433	0
1434	1
1435	0
1436	0
1437	0
1438	0
1439	0
1440	0
1441	0
1442	0
1443	0
1444	0
1445	0
1446	0
1447	0
1448	0
1449	0
1450	0
1451	0
1452	0
1453	0
1454	0
1455	0
1456	0
1457	0
1458	0
1459	0
1460	0
1461	0
1462	0
1463	0
1464	0
1465	0
1466	0
1467	0
1468	0
1469	0
1470	0
1471	0
1472	0
1473	0
1474	2
1475	0
1476	0
1477	0
1478	0
1479	0
1480	0
1481	0
1482	0
1483	0
1484	0
1485	0
1486	0
1487	0
1488	0
1489	0
1490	0
1491	0
1492	0
1493	0
1494	0
1495	0
1496	0
1497	0
1498	0
1499	1
1500	0
1501	0
1502	0
1503	0
1504	0
1505	0
1506	1
1507	0
1508	0
1509	0
1510	0
1511	0
1512	0
1513	1
1514	0
1515	0
1516	0
1517	0
1518	0
1519	0
1520	0
1521	0
1522	0
1523	0
1524	0
1525	0
1526	0
1527	0
1528	0
1529	0
1530	0
1531	0
1532	0
1533	0
1534	0
1535	0
1536	0
1537	0
1538	1
1539	0
1540	0
1541	0
1542	0
1543	0
1544	0
1545	0
1546	0
1547	0
1548	0
1549	0
1550	0
1551	0
1552	0
1553	0
1554	1
1555	0
1556	0
1557	0
1558	0
1559	0
1560	0
1561	0
1562	0
1563	0
1564	1
1565	0
1566	0
1567	0
1568	0
1569	0
1570	0
1571	0
1572	0
1573	0
1574	0
1575	0
1576	0
1577	0
1578	0
1579	1
1580	0
1581	0
1582	0
1583	0
1584	0
1585	0
1586	0
1587	0
1588	0
1589	0
1590	1
1591	0
1592	0
1593	0
1594	0
1595	0
1596	0
1597	0
1598	0
1599	0
1600	0
1601	0
1602	0
1603	0
1604	0
1605	0
1606	0
1607	0
1608	0
1609	0
1610	0
1611	0
1612	0
1613	0
1614	0
1615	0
1616	0
1617	0
1618	0
1619	1
1620	0
1621	0
1622	0
1623	0
1624	0
1625	0
1626	0
1627	0
1628	0
1629	0
1630	0
1631	0
1632	0
1633	0
1634	0
1635	0
1636	0
1637	0
1638	0
1639	0
1640	0
1641	0
1642	0
1643	1
1644	0
1645	0
1646	0
1647	0
1648	0
1649	0
1650	0
1651	0
1652	0
1653	0
1654	0
1655	0
1656	0
1657	0
1658	0
1659	0
1660	1
1661	0
1662	0
1663	0
1664	0
1665	0
1666	0
1667	1
1668	0
1669	0
1670	0
1671	0
1672	0
1673	0
1674	0
1675	0
1676	0
1677	0
1678	0
1679	0
1680	0
1681	0
1682	0
1683	0
1684	1
1685	0
1686	0
1687	0
1688	0
1689	0
1690	0
1691	0
1692	0
1693	0
1694	0
1695	0
1696	0
1697	0
1698	0
1699	0
1700	0
1701	0
1702	1
1703	0
1704	0
1705	0
1706	0
1707	0
1708	0
1709	0
1710	0
1711	0
1712	0
1713	0
1714	0
1715	0
1716	0
1717	0
1718	0
1719	0
1720	0
1721	0
1722	0
1723	0
1724	0
1725	0
1726	0
1727	0
1728	0
1729	0
1730	0
1731	0
1732	0
1733	0
1734	0
1735	0
1736	0
1737	0
1738	0
1739	0
1740	0
1741	0
1742	0
1743	0
1744	0
1745	0
1746	0
1747	0
1748	0
1749	0
1750	0
1751	0
1752	0
1753	0
1754	0
1755	0
1756	0
1757	0
1758	0
1759	0
1760	0
1761	0
1762	0
1763	0
1764	0
1765	0
1766	0
1767	0
1768	0
1769	0
1770	0
1771	0
1772	0
1773	0
1774	0
1775	0
1776	0
1777	0
1778	0
1779	0
1780	1
1781	0
1782	0
1783	0
1784	0
1785	0
1786	0
1787	0
1788	0
1789	0
1790	0
1791	0
1792	0
1793	0
1794	0
1795	0
1796	0
1797	0
1798	0
1799	0
1800	0
1801	0
1802	0
1803	0
1804	0
1805	0
1806	0
1807	0
1808	0
1809	0
1810	0
1811	0
1812	0
1813	0
1814	0
1815	0
1816	0
1817	0
1818	0
1819	0
1820	0
1821	0
1822	0
1823	0
1824	0
1825	0
1826	0
1827	0
1828	0
1829	0
1830	0
1831	0
1832	0
1833	0
1834	0
1835	0
1836	0
1837	0
1838	0
1839	0
1840	0
1841	0
1842	0
1843	0
1844	0
1845	0
1846	0
1847	0
1848	0
1849	0
1850	0
1851	0
1852	0
1853	0
1854	0
1855	0
1856	0
1857	0
1858	0
1859	0
1860	0
1861	0
1862	0
1863	0
1864	0
1865	0
1866	0
1867	0
1868	0
1869	0
1870	0
1871	0
1872	0
1873	0
1874	0
1875	0
1876	0
1877	0
1878	0
1879	0
1880	0
1881	0
1882	0
1883	0
1884	0
1885	0
1886	0
1887	0
1888	0
1889	0
1890	0
1891	0
1892	0
1893	0
1894	0
1895	0
1896	0
1897	0
1898	0
1899	0
1900	0
1901	0
1902	0
1903	0
1904	0
1905	0
1906	0
1907	0
1908	0
1909	0
1910	0
1911	0
1912	0
1913	0
1914	0
1915	0
1916	0
1917	0
1918	0
1919	0
1920	0
1921	0
1922	0
1923	0
1924	0
1925	0
1926	0
1927	0
1928	0
1929	0
1930	0
1931	0
1932	0
1933	0
1934	0
1935	0
1936	0
1937	0
1938	0
1939	0
1940	0
1941	0
1942	0
1943	0
1944	0
1945	0
1946	0
1947	0
1948	0
1949	0
1950	0
1951	0
1952	0
1953	0
1954	0
1955	0
1956	0
1957	0
1958	0
1959	0
1960	0
1961	0
1962	0
1963	0
1964	0
1965	0
1966	0
1967	0
1968	0
1969	0
1970	0
1971	0
1972	0
1973	0
1974	0
1975	0
1976	0
1977	0
1978	0
1979	0
1980	0
1981	0
1982	0
1983	0
1984	0
1985	0
1986	0
1987	0
1988	0
1989	0
1990	0
1991	0
1992	0
1993	0
1994	0
1995	0
1996	0
1997	0
1998	0
1999	0
2000	0
2001	0
2002	0
2003	0
2004	0
2005	0
2006	0
2007	0
2008	0
2009	0
2010	0
2011	0
2012	0
2013	0
2014	0
2015	0
2016	0
2017	0
2018	0
2019	0
2020	0
2021	0
2022	0
2023	0
2024	0
2025	0
2026	0
2027	0
2028	0
2029	0
2030	0
2031	0
2032	0
2033	0
2034	0
2035	0
2036	0
2037	0
2038	0
2039	0
2040	0
2041	0
2042	0
2043	0
2044	0
2045	0
2046	0
2047	0
