$SPEC_ID:
No sample description was entered.
$SPEC_REM:
DET# 1
DETDESC# 
AP# Maestro Version 6.08
$DATE_MEA:
09/21/2017 10:25:24
$MEAS_TIM:
120 120
$DATA:
0 2047
       0
       0
       0
       0
       0
       0
       0
       0
       0
       0
       0
       0
       0
       0
       0
       0
       0
       0
       0
       0
       0
       0
       0
       0
       0
       0
       0
       0
       0
       0
       0
       0
       0
       0
       0
       0
       0
       0
       0
       0
       0
       0
       0
       0
       0
       0
       0
       0
       0
       0
       0
       0
       0
       0
       0
       0
       0
       0
       0
       0
       0
       0
       0
       0
       0
       0
       0
       0
       0
       0
       0
       0
       0
       0
       0
       0
       0
       0
       0
       0
       0
       0
       0
       0
       0
       0
       0
       0
       0
       0
       0
       0
       0
       0
       0
       0
       0
       0
       0
       0
       0
       0
       0
       0
       0
       0
       0
       0
       0
       0
       0
       0
       0
       0
       0
       0
       0
       0
       0
       0
       0
       0
       0
       0
       0
       0
       0
       0
       0
       0
       0
       0
       0
       0
       0
       0
       0
       0
       0
       0
       0
       0
       0
       0
       0
       0
       0
       0
       0
       0
       0
       0
       0
       0
       0
       0
       0
       0
       0
       0
       0
       0
       0
       0
       0
       0
       0
       0
       0
       0
       0
       0
       0
       0
       0
       0
       0
       0
       0
       0
       0
       0
       0
       0
       0
       0
       0
       0
       0
       0
       0
       0
       0
       0
       1
       0
       0
       0
       3
       0
       4
       0
       5
       1
       2
       0
       2
       1
       0
       1
       4
       2
       4
       2
       3
       2
       3
       5
       4
       1
       2
       7
       3
       1
       3
       1
       4
       2
       1
       1
       0
       2
       2
       0
       2
       0
       0
       1
       1
       1
       1
       3
       4
       2
       4
       3
       1
       4
       2
       0
       0
       5
       1
       2
       2
       2
       1
       2
       3
       2
       2
       3
       1
       1
       7
       4
       3
       1
       4
       4
       4
       3
       3
       2
       3
       1
       2
       1
       3
       2
       4
       2
       3
       3
       4
       3
       1
       2
       3
       4
       1
       2
       3
       1
       3
       3
       1
       3
       1
       2
       0
       4
       1
       3
       1
       5
       1
       0
       5
       6
       2
       0
       1
       3
       3
       3
       3
       1
       2
       4
       3
       4
       1
       2
       1
       1
       1
       4
       1
       4
       0
       4
       2
       0
       3
       3
       2
       1
       1
       4
       2
       1
       3
       1
       1
       1
       1
       0
       2
       4
       2
       2
       2
       4
       1
       0
       1
       1
       2
       3
       2
       1
       2
       3
       2
       2
       2
       2
       2
       2
       2
       3
       0
       3
       3
       3
       6
       4
       3
       1
       3
       3
       0
       3
       1
       2
       2
       5
       1
       7
       1
       0
       2
       4
       0
       2
       2
       1
       1
       3
       2
       5
       3
       4
       1
       1
       2
       7
       4
       2
       1
       2
       3
       4
       2
       3
       0
       4
       0
       2
       2
       0
       3
       0
       2
       2
       2
       6
       2
       1
       1
       0
       4
       1
       3
       3
       2
       3
       9
       3
       5
       1
       2
       3
       1
       1
       4
       3
       1
       1
       3
       1
       6
       3
       1
       3
       3
       2
       2
       3
       4
       2
       2
       2
       1
       4
       2
       1
       1
       0
       6
       2
       1
       3
       7
       1
       4
       5
       3
       2
       3
       2
       5
       0
       4
       0
       5
       2
       0
       5
       2
       2
       5
       3
       3
       5
       3
       0
       3
       5
       3
       3
       2
       4
       4
       8
       4
       0
       6
       5
       1
       1
       2
       3
       3
       5
       0
       1
       6
       4
       6
       5
       2
       3
       2
       3
       7
       3
       4
       5
       2
       3
       2
       8
       3
       0
       4
       4
       9
       4
       1
       4
       1
       7
       3
       3
       2
       4
       2
       3
       3
       1
       0
       2
       3
       6
       3
       3
       5
       4
       5
       3
       5
       6
       3
       5
       2
       3
       4
       5
       3
       3
       1
       4
       4
       2
       3
       5
       6
       5
       4
       2
       6
       3
       6
       5
       5
       4
       2
       5
       2
       4
       4
       3
       5
       3
       6
       4
       9
       5
       3
       5
       8
       5
       5
       4
       9
       1
       7
       7
       2
       9
       5
       9
       8
       4
       3
       4
      11
       5
      11
      11
       6
       8
       8
       8
       5
       7
      14
      12
       9
       9
       8
      13
       6
       8
       5
       6
       7
       7
       8
      10
       8
       5
      12
       6
       7
      11
       5
       6
      23
       8
      15
      13
      15
      11
      15
      20
      15
      20
       7
      21
      16
      12
      13
      21
      18
      18
      19
      17
      19
      20
      21
      23
      21
      21
      18
      27
      22
      23
      27
      15
      18
      22
      20
      24
      16
      31
      16
      34
      25
      26
      20
      42
      32
      28
      33
      27
      29
      33
      27
      37
      40
      20
      36
      40
      46
      36
      37
      31
      46
      42
      34
      54
      53
      50
      50
      49
      61
      62
      51
      47
      56
      50
      59
      55
      70
      55
      49
      56
      57
      61
      72
      57
      60
      69
      65
      80
      60
      64
      73
      83
      81
      95
      83
      97
     101
      81
      85
      82
      83
      93
     108
     104
     102
      98
     114
     115
      94
     104
     113
     103
     117
     107
     119
     127
     120
     125
      99
     120
     120
     134
     130
     119
     142
     119
     133
     147
     138
     147
     140
     128
     132
     160
     146
     130
     130
     153
     153
     155
     159
     175
     142
     165
     133
     159
     167
     156
     161
     161
     157
     191
     158
     166
     164
     147
     169
     180
     172
     167
     160
     229
     190
     178
     198
     192
     200
     196
     206
     192
     192
     196
     187
     201
     226
     224
     187
     185
     194
     238
     209
     202
     234
     218
     198
     218
     201
     218
     189
     209
     219
     228
     245
     200
     222
     214
     195
     238
     236
     218
     211
     216
     206
     203
     221
     202
     205
     207
     192
     200
     187
     244
     242
     200
     212
     193
     217
     225
     213
     221
     205
     224
     186
     205
     214
     188
     168
     170
     188
     215
     217
     180
     187
     197
     193
     160
     169
     193
     212
     167
     186
     188
     192
     195
     176
     142
     180
     186
     161
     176
     158
     141
     160
     155
     168
     147
     144
     152
     149
     132
     159
     118
     126
     171
     156
     157
     142
     145
     120
     146
     125
     125
     110
     115
     145
      90
     121
     111
     132
     107
      93
      91
     127
     104
      94
      97
     115
     105
      76
     108
     110
      77
      92
      85
      85
      83
      76
      86
      76
      82
      69
      73
      72
      96
      67
      69
      55
      73
      71
      67
      68
      58
      67
      61
      57
      47
      62
      52
      40
      65
      57
      41
      38
      43
      40
      50
      42
      29
      41
      42
      53
      44
      29
      46
      26
      24
      32
      26
      20
      26
      23
      25
      23
      24
      24
      21
      32
      23
      22
      22
      19
      17
      32
      23
      14
      19
      21
      14
      16
      19
      11
      15
      19
      23
      17
      14
      10
      11
      10
      16
      11
       9
      12
       5
       9
       6
      12
       9
      10
       5
       8
      15
       8
       4
       3
       7
       3
       5
       6
       3
       3
       2
       4
       7
       5
       6
       3
       3
       5
       6
       1
       7
       5
       4
       3
       4
       5
       3
       4
       5
       2
       2
       4
       2
       5
       0
       4
       1
       1
       1
       2
       1
       1
       1
       2
       2
       2
       0
       1
       0
       1
       1
       2
       1
       0
       0
       1
       1
       0
       0
       3
       1
       2
       0
       0
       2
       0
       0
       1
       0
       1
       0
       0
       0
       1
       0
       0
       1
       0
       0
       0
       0
       0
       0
       0
       0
       1
       0
       0
       0
       0
       1
       0
       0
       0
       0
       0
       0
       0
       0
       0
       0
       0
       0
       0
       0
       0
       0
       0
       0
       0
       0
       0
       0
       0
       0
       0
       0
       2
       0
       0
       0
       0
       0
       0
       0
       0
       0
       0
       0
       0
       0
       0
       0
       0
       0
       0
       0
       0
       0
       0
       0
       0
       0
       0
       0
       0
       0
       0
       0
       0
       0
       0
       0
       0
       0
       0
       0
       0
       0
       0
       0
       1
       0
       0
       0
       0
       0
       0
       0
       0
       0
       0
       0
       0
       0
       0
       0
       0
       0
       0
       0
       0
       0
       0
       1
       0
       0
       0
       0
       0
       0
       0
       0
       0
       0
       0
       0
       0
       0
       0
       0
       0
       0
       0
       0
       0
       0
       0
       0
       0
       0
       0
       0
       0
       0
       0
       0
       0
       0
       0
       0
       0
       0
       0
       0
       0
       0
       0
       0
       0
       0
       0
       0
       0
       1
       0
       0
       1
       0
       0
       0
       0
       0
       0
       0
       0
       0
       0
       0
       1
       0
       0
       0
       0
       0
       0
       0
       0
       0
       0
       0
       0
       0
       0
       0
       0
       0
       0
       0
       0
       0
       0
       0
       0
       0
       0
       0
       0
       0
       0
       0
       0
       0
       0
       0
       0
       0
       0
       0
       0
       0
       0
       0
       0
       0
       0
       0
       0
       0
       0
       0
       0
       0
       0
       0
       0
       0
       0
       0
       0
       0
       0
       0
       0
       0
       0
       0
       0
       0
       0
       0
       0
       0
       0
       0
       0
       0
       0
       0
       0
       0
       0
       0
       0
       0
       0
       0
       0
       0
       0
       0
       0
       0
       0
       0
       0
       0
       0
       0
       0
       0
       0
       0
       0
       0
       0
       0
       0
       0
       0
       0
       0
       0
       0
       0
       0
       0
       0
       0
       0
       0
       0
       0
       0
       0
       0
       0
       0
       0
       0
       0
       0
       0
       0
       0
       0
       0
       0
       0
       0
       0
       0
       0
       0
       0
       0
       0
       0
       0
       0
       0
       0
       0
       0
       0
       0
       0
       0
       0
       1
       0
       0
       0
       0
       0
       0
       0
       0
       0
       0
       0
       0
       0
       0
       0
       0
       0
       0
       0
       0
       0
       0
       0
       0
       0
       0
       0
       0
       0
       0
       1
       0
       0
       0
       0
       0
       0
       0
       0
       0
       0
       0
       0
       0
       0
       0
       0
       0
       0
       1
       0
       0
       0
       0
       0
       0
       0
       0
       1
       0
       0
       0
       1
       0
       0
       0
       0
       0
       0
       0
       0
       0
       0
       0
       0
       0
       0
       0
       0
       0
       0
       0
       0
       0
       0
       0
       0
       0
       0
       0
       0
       0
       0
       0
       0
       0
       0
       0
       0
       0
       0
       0
       0
       0
       0
       0
       0
       0
       0
       0
       0
       0
       0
       0
       0
       0
       1
       0
       0
       0
       0
       1
       0
       0
       0
       0
       0
       0
       0
       0
       0
       0
       0
       0
       0
       0
       0
       0
       0
       0
       0
       0
       0
       0
       1
       0
       0
       0
       0
       0
       0
       0
       0
       0
       0
       0
       0
       0
       0
       0
       0
       0
       1
       0
       0
       0
       0
       0
       0
       0
       0
       0
       0
       0
       0
       0
       0
       0
       0
       0
       0
       0
       0
       0
       0
       0
       0
       0
       0
       0
       0
       0
       0
       1
       0
       0
       0
       0
       0
       0
       0
       1
       0
       0
       0
       0
       0
       0
       0
       0
       0
       0
       0
       0
       0
       0
       0
       0
       0
       0
       0
       0
       0
       0
       0
       0
       0
       0
       0
       0
       0
       0
       0
       0
       0
       0
       0
       0
       0
       0
       0
       0
       0
       0
       0
       0
       0
       1
       0
       1
       0
       0
       0
       0
       0
       0
       0
       0
       0
       0
       0
       0
       0
       0
       0
       0
       0
       0
       0
       0
       0
       0
       0
       0
       0
       0
       0
       0
       0
       0
       0
       0
       0
       0
       0
       0
       0
       0
       0
       0
       0
       0
       0
       0
       0
       1
       0
       0
       0
       0
       0
       0
       0
       0
       0
       0
       0
       0
       0
       0
       0
       0
       0
       0
       0
       0
       0
       0
       0
       0
       0
       0
       0
       0
       0
       0
       0
       0
       0
       0
       0
       0
       0
       0
       0
       0
       0
       0
       0
       0
       0
       0
       0
       0
       0
       0
       0
       0
       0
       0
       0
       0
       0
       0
       0
       0
       0
       0
       0
       0
       0
       0
       0
       0
       0
       0
       0
       0
       0
       0
       0
       0
       0
       0
       0
       0
       0
       0
       0
       0
       0
       0
       0
       0
       0
       0
       0
       0
       0
       0
       0
       0
       0
       0
       0
       0
       0
       0
       0
       0
       0
       0
       0
       0
       0
       0
       0
       0
       0
       0
       0
       0
       0
       0
       0
       0
       0
       0
       0
       0
       0
       0
       0
       0
       0
       0
       0
       0
       0
       0
       0
       0
       0
       0
       0
       0
       0
       0
       0
       0
       0
       0
       0
       0
       0
       0
       0
       0
       0
       0
       0
       0
       0
       0
       0
       0
       0
       0
       0
       0
       0
       0
       0
       0
       0
       0
       0
       0
       0
       0
       0
       0
       0
       0
       0
       0
       0
       0
       0
       0
       0
       0
       0
       0
       0
       0
       0
       0
       0
       0
       0
       0
       0
       0
       0
       0
       0
       0
       0
       0
       0
       0
       0
       0
       0
       0
       0
       0
       0
       0
       0
       0
       0
       0
       0
       0
       0
       0
       0
       0
       0
       0
       0
       0
       0
       0
       0
       0
       0
       0
       0
       0
       0
       0
       0
       0
       0
       0
       0
       0
       0
       0
       0
       0
       0
       0
       0
       0
       0
       0
       0
       0
       0
       0
       0
       0
       0
       0
       0
       0
       0
       0
       0
       0
       0
       0
       0
       0
       0
       0
       0
       0
       0
       0
       0
       0
       0
       0
       0
       0
       0
       0
       0
       0
       0
       0
       0
       0
       0
       0
       0
       0
       0
       0
       0
       0
       0
       0
       0
       0
       0
       0
       0
       0
       0
       0
       0
$ROI:
0
$PRESETS:
Live Time
120
0
$ENER_FIT:
0.000000 0.002526
$MCA_CAL:
3
0.000000E+000 2.525835E-003 0.000000E+000 keV
$SHAPE_CAL:
3
0.000000E+000 0.000000E+000 0.000000E+000
