$SPEC_ID:
No sample description was entered.
$SPEC_REM:
DET# 1
DETDESC# 
AP# Maestro Version 6.08
$DATE_MEA:
09/21/2017 10:39:28
$MEAS_TIM:
120 120
$DATA:
0 2047
       0
       0
       0
       0
       0
       0
       0
       0
       0
       0
       0
       0
       0
       0
       0
       0
       0
       0
       0
       0
       0
       0
       0
       0
       0
       0
       0
       0
       0
       0
       0
       0
       0
       0
       0
       0
       0
       0
       0
       0
       0
       0
       0
       0
       0
       0
       0
       0
       0
       0
       0
       0
       0
       0
       0
       0
       0
       0
       0
       0
       0
       0
       0
       0
       0
       0
       0
       0
       0
       0
       0
       0
       0
       0
       0
       0
       0
       0
       0
       0
       0
       0
       0
       0
       0
       0
       0
       0
       0
       0
       0
       0
       0
       0
       0
       0
       0
       0
       0
       0
       0
       0
       0
       0
       0
       0
       0
       0
       0
       0
       0
       0
       0
       0
       0
       0
       0
       0
       0
       0
       0
       0
       0
       0
       0
       0
       0
       0
       0
       0
       0
       0
       0
       0
       0
       0
       0
       0
       0
       0
       0
       0
       0
       0
       0
       0
       0
       0
       0
       0
       0
       0
       0
       0
       0
       0
       0
       0
       0
       0
       0
       0
       0
       0
       0
       0
       0
       0
       0
       0
       0
       0
       0
       0
       0
       0
       0
       0
       0
       0
       0
       0
       0
       0
       0
       0
       0
       0
       0
       0
       0
       0
       0
       0
       0
       0
       0
       0
       2
       3
       7
       7
       3
       8
       5
       6
       4
       3
       2
       2
       4
       3
       2
       7
       4
       2
       4
       3
       5
       6
       2
       3
       5
       2
       4
       2
       2
       4
       0
       0
       3
       5
       1
       1
       4
       1
       3
       3
       1
       5
       4
       7
       3
       2
       3
       1
       4
       2
       3
       2
       2
       2
       1
       4
       5
       2
       4
       4
       2
       2
       1
       2
       4
       3
       1
       2
       5
       2
       1
       1
       2
       4
       3
       1
       2
       1
       1
       4
       3
       1
       1
       4
       2
       0
       0
       0
       2
       1
       1
       0
       3
       4
       2
       4
       1
       0
       1
       2
       3
       1
       1
       4
       1
       0
       1
       2
       1
       3
       0
       2
       3
       3
       3
       2
       3
       2
       2
       2
       2
       1
       4
       2
       2
       1
       3
       2
       0
       4
       2
       0
       3
       0
       4
       5
       2
       2
       0
       1
       3
       3
       4
       3
       2
       3
       2
       1
       1
       3
       2
       2
       1
       3
       1
       1
       4
       0
       2
       1
       1
       3
       1
       2
       2
       2
       1
       2
       0
       1
       2
       2
       3
       1
       1
       1
       4
       1
       2
       2
       2
       0
       1
       4
       1
       3
       1
       1
       0
       1
       3
       3
       0
       0
       2
       3
       2
       2
       3
       3
       4
       1
       2
       1
       2
       2
       1
       0
       1
       3
       1
       4
       5
       4
       2
       2
       3
       1
       2
       2
       2
       1
       2
       3
       4
       5
       1
       3
       1
       3
       3
       2
       3
       5
       2
       2
       2
       5
       1
       4
       1
       6
       1
       2
       1
       5
       2
       2
       4
       2
       7
       1
       3
       3
       4
       0
       4
       2
       1
       0
       3
       2
       1
       3
       4
       6
       4
       1
       4
       3
       3
       1
       2
       3
       1
       2
       4
       3
       2
       0
       3
       4
       1
       3
       1
       5
       3
       5
       2
       4
       5
       4
       2
       2
       7
       2
       0
       3
       1
       3
       0
       2
       1
       3
       4
       1
       4
       1
       3
       4
       2
       3
       2
       0
       4
       2
       5
       5
       2
       3
       2
       1
       5
       3
       3
       4
       5
       3
       5
       1
       8
       2
       5
       5
       5
       7
       1
       1
       1
       4
       2
       1
       3
       4
       2
       2
       2
       4
       5
       2
       5
       4
       2
       5
       2
       0
       4
       2
       5
       6
       3
       2
       6
       2
       2
       3
       5
       2
       4
       2
       4
       1
       2
       8
       3
       4
       6
       5
       5
       6
       4
       3
       4
       6
       2
       3
       3
       3
       7
       3
       2
       5
       5
       2
       5
       6
       2
       2
       4
       2
       9
       5
       3
       2
       5
       3
       7
       7
       6
       4
       6
       9
       7
       6
      10
       8
       7
       8
       4
       0
       3
      12
      10
       6
       9
       9
       5
       7
       4
       6
       5
       7
       6
      10
       6
      10
       8
      12
       5
      10
      11
       7
      10
       9
       9
       7
       9
       6
      13
      14
      10
      10
      12
       9
      12
      13
      12
      18
      10
      15
       5
      13
      20
      22
      15
      16
      17
      17
      28
      20
      16
      14
      17
      15
      21
      14
      19
      11
      23
      24
      21
      33
      33
      24
      27
      32
      24
      25
      24
      33
      26
      29
      22
      36
      33
      26
      42
      42
      35
      35
      32
      31
      48
      22
      32
      36
      38
      36
      50
      46
      30
      49
      47
      51
      51
      52
      43
      53
      52
      57
      69
      49
      52
      49
      69
      55
      49
      58
      61
      60
      54
      66
      48
      64
      56
      56
      73
      68
      87
      50
      80
      64
      92
      76
      90
      82
      76
      73
      68
      82
      94
      78
     105
     102
      97
      86
      99
      86
      86
      96
     131
     104
     114
     113
     123
     109
     126
     105
     125
     111
     141
     121
     131
     118
     117
     138
     142
     153
     145
     136
     148
     124
     142
     149
     156
     134
     149
     149
     145
     161
     154
     168
     163
     159
     155
     165
     151
     172
     147
     157
     160
     154
     166
     189
     161
     193
     161
     206
     199
     182
     182
     158
     170
     174
     209
     201
     210
     184
     240
     185
     205
     189
     199
     186
     185
     194
     184
     205
     199
     195
     183
     202
     222
     204
     199
     221
     215
     232
     202
     205
     202
     219
     212
     201
     223
     186
     214
     205
     212
     213
     214
     201
     214
     216
     218
     235
     194
     222
     222
     214
     219
     222
     229
     215
     203
     217
     206
     212
     193
     199
     194
     217
     199
     210
     206
     186
     209
     216
     195
     201
     194
     206
     201
     173
     204
     197
     195
     181
     177
     193
     197
     196
     183
     193
     168
     148
     165
     147
     161
     157
     159
     180
     167
     156
     190
     170
     167
     180
     145
     137
     177
     128
     134
     137
     134
     141
     126
     134
     132
     139
     122
     125
     131
     124
     125
     116
     133
     102
     104
     118
      96
     103
     107
     111
     109
     108
     106
     103
      82
     104
      87
      98
     107
      81
      92
      81
      90
      80
      93
      74
      83
      81
      92
      84
      86
      71
      74
      75
      67
      75
      71
      65
      56
      60
      58
      60
      57
      63
      49
      54
      41
      63
      62
      45
      41
      39
      42
      46
      37
      33
      43
      40
      28
      43
      35
      36
      30
      37
      33
      26
      24
      24
      27
      32
      28
      21
      22
      25
      25
      24
      17
      20
      21
      18
      18
      22
      16
      28
      27
      20
      15
      26
       8
      13
      17
      17
      10
       8
      11
      17
       9
       7
      13
      14
      10
       9
      10
       8
       6
       7
       8
       6
      11
       5
       8
       9
      14
       4
       4
       8
       1
       5
       7
       3
       7
       6
       1
       4
       2
       4
       4
       4
       1
       1
       1
       2
       3
       2
       4
       0
       0
       2
       2
       4
       2
       0
       2
       0
       3
       2
       2
       0
       0
       2
       0
       1
       3
       4
       1
       2
       0
       2
       1
       1
       1
       1
       0
       1
       1
       1
       0
       2
       1
       0
       1
       0
       0
       2
       2
       0
       2
       0
       0
       0
       0
       0
       1
       0
       0
       0
       1
       0
       0
       1
       0
       0
       0
       0
       0
       1
       0
       0
       0
       0
       1
       0
       0
       0
       0
       0
       0
       0
       1
       0
       1
       1
       0
       0
       0
       0
       0
       0
       0
       0
       0
       0
       0
       0
       0
       0
       0
       0
       0
       1
       0
       0
       0
       0
       0
       0
       0
       0
       0
       0
       0
       0
       0
       0
       0
       0
       0
       0
       0
       0
       0
       0
       0
       0
       0
       0
       0
       0
       0
       0
       0
       1
       0
       1
       0
       0
       0
       0
       0
       0
       0
       0
       0
       0
       0
       0
       0
       0
       0
       0
       0
       0
       0
       0
       0
       0
       0
       1
       0
       0
       0
       0
       0
       0
       0
       0
       0
       0
       0
       0
       0
       0
       0
       0
       1
       0
       0
       0
       0
       0
       0
       0
       0
       0
       0
       0
       0
       0
       0
       0
       0
       0
       0
       0
       0
       0
       0
       0
       0
       0
       0
       0
       0
       0
       0
       0
       0
       0
       0
       0
       0
       0
       0
       0
       0
       0
       0
       0
       0
       0
       0
       0
       0
       0
       0
       0
       0
       0
       0
       0
       0
       0
       0
       0
       0
       0
       0
       0
       0
       0
       0
       0
       0
       0
       0
       0
       0
       0
       0
       0
       0
       0
       0
       0
       0
       0
       0
       0
       0
       0
       0
       0
       0
       0
       0
       0
       0
       0
       0
       0
       0
       0
       0
       0
       0
       0
       0
       0
       0
       0
       0
       0
       0
       0
       0
       0
       0
       0
       0
       0
       0
       0
       0
       0
       0
       0
       0
       0
       0
       0
       0
       0
       0
       1
       0
       0
       0
       0
       0
       0
       0
       0
       0
       0
       0
       0
       0
       0
       0
       0
       0
       0
       0
       0
       0
       0
       0
       0
       0
       0
       0
       0
       0
       1
       0
       0
       0
       0
       0
       0
       0
       0
       0
       1
       0
       0
       0
       0
       0
       0
       0
       0
       0
       0
       0
       0
       0
       0
       0
       0
       0
       0
       0
       0
       0
       0
       0
       0
       0
       0
       0
       0
       0
       0
       0
       0
       0
       0
       0
       0
       0
       0
       0
       0
       0
       0
       0
       0
       0
       0
       0
       0
       0
       0
       0
       0
       0
       0
       0
       0
       0
       0
       0
       0
       1
       0
       0
       0
       0
       0
       0
       0
       0
       0
       0
       0
       0
       0
       0
       1
       0
       0
       0
       0
       0
       0
       0
       0
       0
       0
       0
       0
       0
       1
       0
       0
       0
       0
       0
       0
       0
       0
       0
       0
       0
       0
       0
       0
       0
       0
       0
       0
       0
       0
       0
       0
       0
       0
       0
       0
       0
       0
       0
       0
       0
       0
       0
       0
       0
       0
       0
       0
       0
       0
       0
       0
       0
       0
       0
       0
       0
       1
       0
       0
       0
       0
       0
       0
       0
       0
       0
       0
       0
       0
       0
       0
       0
       0
       0
       0
       0
       0
       0
       0
       0
       0
       0
       0
       0
       0
       0
       0
       0
       0
       0
       0
       0
       0
       0
       0
       0
       0
       0
       1
       0
       0
       0
       0
       0
       0
       0
       0
       0
       0
       0
       0
       0
       0
       0
       0
       0
       0
       1
       0
       0
       0
       0
       0
       0
       1
       0
       0
       0
       0
       0
       0
       0
       0
       0
       0
       0
       0
       0
       0
       0
       0
       0
       0
       0
       0
       0
       0
       0
       0
       0
       0
       0
       1
       0
       0
       0
       0
       0
       0
       0
       0
       0
       0
       0
       0
       0
       0
       0
       0
       0
       0
       0
       0
       0
       0
       0
       0
       0
       0
       0
       0
       0
       0
       0
       0
       0
       0
       0
       0
       0
       0
       0
       1
       0
       0
       0
       0
       0
       0
       0
       0
       0
       0
       0
       0
       0
       0
       1
       0
       0
       0
       0
       0
       0
       0
       0
       0
       0
       0
       0
       0
       0
       0
       0
       0
       0
       0
       0
       0
       0
       0
       0
       0
       0
       0
       0
       0
       0
       0
       0
       1
       0
       0
       0
       0
       0
       0
       0
       0
       1
       0
       0
       0
       0
       0
       0
       0
       0
       0
       0
       0
       0
       0
       0
       0
       0
       0
       0
       0
       0
       0
       0
       0
       0
       0
       0
       0
       0
       0
       0
       0
       0
       0
       0
       0
       0
       0
       0
       0
       0
       0
       0
       0
       0
       0
       0
       0
       0
       0
       0
       0
       0
       0
       0
       0
       0
       0
       0
       0
       0
       0
       0
       0
       0
       0
       0
       0
       0
       0
       0
       0
       0
       0
       0
       0
       0
       0
       0
       0
       0
       0
       0
       0
       0
       0
       0
       0
       0
       0
       0
       0
       0
       0
       0
       0
       0
       0
       0
       0
       0
       0
       0
       0
       0
       0
       0
       0
       0
       0
       0
       0
       0
       0
       0
       0
       0
       0
       0
       0
       0
       0
       0
       0
       0
       0
       0
       0
       0
       0
       0
       0
       0
       0
       0
       0
       0
       0
       0
       0
       0
       0
       0
       0
       0
       0
       0
       0
       0
       0
       0
       0
       0
       0
       0
       0
       0
       0
       0
       0
       0
       0
       0
       0
       0
       0
       0
       0
       0
       0
       0
       0
       0
       0
       0
       0
       0
       0
       0
       0
       0
       0
       0
       0
       0
       0
       0
       0
       0
       0
       0
       0
       0
       0
       0
       0
       0
       0
       0
       0
       0
       0
       0
       0
       0
       0
       0
       0
       0
       0
       0
       0
       0
       0
       0
       0
       0
       0
       0
       0
       0
       0
       0
       0
       0
       0
       0
       0
       0
       0
       0
       0
       0
       0
       0
       0
       0
       0
       0
       0
       0
       0
       0
       0
       0
       0
       0
       0
       0
       0
       0
       0
       0
       0
       0
       0
       0
       0
       0
       0
       0
       0
       0
       0
       0
       0
       0
       0
       0
       0
       0
       0
       0
       0
       0
       0
       0
       0
       0
       0
       0
       0
       0
       0
       0
       0
       0
       0
       0
       0
       0
       0
       0
       0
       0
       0
       0
       0
       0
       0
       0
       0
       0
       0
       0
       0
       0
       0
       0
       0
       0
       0
       0
       0
       0
       0
       0
       0
       0
       0
       0
       0
$ROI:
0
$PRESETS:
Live Time
120
0
$ENER_FIT:
0.000000 0.002526
$MCA_CAL:
3
0.000000E+000 2.525835E-003 0.000000E+000 keV
$SHAPE_CAL:
3
0.000000E+000 0.000000E+000 0.000000E+000
