$SPEC_ID:
No sample description was entered.
$SPEC_REM:
DET# 1
DETDESC# 
AP# Maestro Version 6.08
$DATE_MEA:
09/21/2017 10:37:27
$MEAS_TIM:
120 120
$DATA:
0 2047
       0
       0
       0
       0
       0
       0
       0
       0
       0
       0
       0
       0
       0
       0
       0
       0
       0
       0
       0
       0
       0
       0
       0
       0
       0
       0
       0
       0
       0
       0
       0
       0
       0
       0
       0
       0
       0
       0
       0
       0
       0
       0
       0
       0
       0
       0
       0
       0
       0
       0
       0
       0
       0
       0
       0
       0
       0
       0
       0
       0
       0
       0
       0
       0
       0
       0
       0
       0
       0
       0
       0
       0
       0
       0
       0
       0
       0
       0
       0
       0
       0
       0
       0
       0
       0
       0
       0
       0
       0
       0
       0
       0
       0
       0
       0
       0
       0
       0
       0
       0
       0
       0
       0
       0
       0
       0
       0
       0
       0
       0
       0
       0
       0
       0
       0
       0
       0
       0
       0
       0
       0
       0
       0
       0
       0
       0
       0
       0
       0
       0
       0
       0
       0
       0
       0
       0
       0
       0
       0
       0
       0
       0
       0
       0
       0
       0
       0
       0
       0
       0
       0
       0
       0
       0
       0
       0
       0
       0
       0
       0
       0
       0
       0
       0
       0
       0
       0
       0
       0
       0
       0
       0
       0
       0
       0
       0
       0
       0
       0
       0
       0
       0
       0
       0
       0
       0
       0
       0
       0
       0
       0
       0
       0
       0
       0
       0
       0
       0
       3
       1
       1
       1
       1
       1
       0
       1
       2
       1
       3
       3
       2
       4
       2
       1
       3
       3
       2
       0
       2
       1
       2
       0
       1
       1
       2
       2
       2
       0
       2
       0
       2
       0
       2
       1
       3
       0
       1
       1
       2
       1
       0
       0
       1
       0
       1
       3
       0
       3
       1
       3
       2
       3
       3
       1
       2
       1
       0
       1
       2
       3
       1
       3
       0
       1
       2
       2
       3
       2
       1
       4
       3
       0
       1
       1
       1
       1
       1
       1
       2
       1
       0
       4
       1
       2
       0
       1
       3
       3
       0
       3
       0
       2
       1
       1
       1
       4
       0
       2
       2
       0
       1
       0
       2
       2
       1
       0
       4
       1
       3
       3
       5
       0
       1
       2
       3
       3
       1
       3
       1
       1
       2
       2
       0
       3
       3
       3
       0
       2
       1
       3
       1
       1
       1
       0
       3
       4
       4
       1
       1
       1
       3
       2
       0
       2
       4
       2
       1
       2
       1
       1
       1
       6
       0
       0
       3
       3
       1
       1
       2
       3
       1
       2
       0
       3
       2
       2
       6
       0
       2
       0
       0
       2
       1
       2
       2
       0
       1
       0
       1
       1
       3
       1
       2
       4
       3
       4
       2
       1
       2
       2
       2
       2
       0
       1
       2
       1
       5
       2
       2
       2
       2
       2
       2
       1
       3
       0
       1
       3
       2
       5
       3
       3
       2
       5
       1
       1
       4
       2
       2
       1
       3
       4
       3
       3
       1
       0
       2
       1
       6
       4
       1
       6
       3
       0
       3
       4
       4
       2
       4
       5
       4
       4
       1
       1
       3
       3
       2
       4
       2
       2
       2
       2
       4
       1
       2
       4
       1
       5
       0
       4
       3
       2
       1
       1
       2
       4
       2
       2
       6
       2
       7
       1
       7
       5
       4
       5
       2
       5
       5
       2
       6
       5
       2
       4
       3
       1
       4
       2
       4
       3
       1
       2
       6
       2
       0
       3
       5
       2
       2
       0
       3
       1
       2
       3
       1
       2
       5
       3
       4
       1
       6
       4
       7
       3
       5
       5
       5
       2
       1
       0
       2
       3
       3
       3
       1
       4
       4
       5
       2
       6
       3
       1
       2
       1
       2
       4
       2
       4
       4
       3
       4
       2
       3
       2
       1
       2
       2
       6
       1
       4
       3
       1
       4
       2
       1
       4
       2
       2
       0
       4
       7
       3
       3
       8
       5
       3
       6
       3
       7
       1
       2
       4
       4
       4
       5
       2
       4
       4
       4
       4
       1
       3
       2
       3
       3
       6
       3
       3
       2
       4
       2
       4
       9
       6
       4
       0
       1
       2
       4
       5
       4
       6
       4
       1
       7
       5
       6
       8
       5
       7
       3
       5
       4
       7
       6
       8
       3
       4
       9
       8
       7
       8
       5
       7
       4
       4
       9
       7
       8
      13
      12
      10
       5
      17
      10
       6
      11
      12
       8
       6
      13
      13
      12
       7
      14
      12
      10
      14
      12
      11
      12
      12
      11
      16
      13
       9
      13
      11
      14
      14
      16
      18
      17
      13
      14
      11
      13
      21
      19
      20
      13
      15
      23
      20
      23
      16
      30
      15
      29
      19
      19
      34
      17
      20
      18
      29
      22
      32
      34
      29
      31
      26
      34
      34
      33
      33
      40
      43
      32
      32
      27
      36
      33
      39
      25
      40
      40
      40
      41
      34
      32
      46
      55
      60
      51
      53
      46
      51
      42
      54
      57
      45
      54
      69
      76
      57
      63
      72
      74
      71
      64
      65
      76
      74
      68
      62
      66
      66
      77
      72
      66
      73
      63
      82
      80
      82
      89
     104
      84
      92
      86
     104
      88
      98
      92
     101
      97
      94
     108
      93
      95
     101
     109
     116
     107
     105
     113
     122
     113
     115
     133
     127
     132
     115
     129
     155
     136
     117
     138
     144
     122
     128
     135
     147
     149
     179
     152
     152
     138
     166
     148
     151
     157
     177
     145
     154
     175
     181
     194
     179
     167
     179
     169
     171
     181
     186
     208
     164
     189
     171
     197
     190
     204
     186
     184
     205
     182
     181
     204
     204
     211
     178
     215
     178
     203
     193
     209
     201
     220
     220
     221
     219
     210
     204
     221
     217
     222
     220
     221
     223
     206
     205
     209
     208
     213
     212
     217
     246
     201
     198
     230
     204
     234
     207
     220
     202
     204
     197
     215
     217
     202
     212
     238
     173
     215
     204
     229
     225
     212
     202
     214
     194
     186
     212
     207
     211
     196
     192
     197
     199
     185
     175
     147
     205
     184
     183
     208
     173
     176
     197
     193
     190
     200
     183
     183
     197
     180
     166
     171
     171
     157
     162
     182
     183
     152
     160
     150
     161
     156
     155
     145
     142
     168
     141
     145
     157
     127
     129
     120
     122
     138
     124
     129
     104
     126
     104
     124
     115
     110
     110
     107
     109
     103
      98
      98
     108
     104
     114
     100
      88
      98
      98
      89
     103
      72
      67
      73
      85
      74
      88
      71
      65
      59
      62
      71
      68
      82
      56
      60
      64
      52
      68
      44
      64
      50
      59
      55
      42
      55
      48
      54
      47
      48
      44
      42
      40
      46
      32
      43
      41
      40
      30
      29
      41
      25
      32
      34
      35
      20
      33
      20
      34
      21
      27
      25
      21
      25
      23
      16
      17
      15
      18
      19
      22
      25
      17
      20
      14
      17
      16
       5
      13
      10
      18
      11
      15
      11
       8
       7
       8
      13
      16
       7
       9
      10
       6
       6
       7
       4
       3
       9
       8
       6
       5
       5
       7
       4
       6
       3
       6
       6
       7
       4
       4
       2
       7
       5
       2
       3
       3
       3
       2
       0
       3
       2
       1
       1
       6
       4
       3
       5
       0
       2
       1
       1
       3
       1
       1
       2
       1
       0
       1
       2
       1
       1
       0
       1
       2
       3
       2
       0
       0
       1
       1
       0
       2
       1
       1
       2
       0
       2
       0
       0
       0
       1
       0
       0
       0
       0
       0
       0
       2
       0
       0
       0
       0
       1
       0
       0
       1
       2
       0
       0
       0
       1
       1
       0
       0
       0
       0
       0
       0
       1
       0
       0
       0
       0
       0
       1
       0
       0
       0
       0
       0
       0
       0
       0
       0
       0
       0
       0
       0
       0
       0
       0
       0
       0
       0
       1
       0
       0
       0
       0
       0
       0
       0
       0
       0
       0
       0
       0
       0
       0
       0
       0
       0
       0
       1
       0
       0
       0
       0
       0
       0
       0
       0
       0
       0
       0
       0
       0
       0
       0
       0
       0
       0
       0
       0
       0
       0
       0
       0
       0
       0
       1
       0
       0
       1
       0
       0
       0
       0
       0
       0
       0
       0
       0
       0
       0
       0
       0
       1
       0
       0
       0
       0
       0
       0
       0
       0
       0
       0
       0
       0
       0
       0
       0
       0
       0
       0
       1
       0
       0
       1
       0
       0
       0
       0
       0
       0
       0
       0
       0
       0
       0
       0
       0
       0
       0
       0
       0
       0
       0
       0
       0
       0
       0
       0
       0
       0
       0
       0
       0
       0
       0
       0
       0
       0
       0
       0
       0
       0
       0
       0
       0
       0
       0
       0
       0
       0
       0
       0
       0
       0
       0
       0
       0
       0
       0
       0
       0
       0
       0
       0
       0
       0
       0
       0
       1
       0
       0
       0
       0
       0
       0
       0
       0
       0
       0
       0
       0
       0
       0
       0
       0
       0
       0
       0
       0
       0
       0
       0
       0
       0
       0
       0
       0
       0
       0
       0
       0
       0
       0
       0
       0
       0
       0
       0
       0
       0
       0
       0
       0
       0
       0
       0
       0
       0
       1
       0
       0
       0
       0
       0
       0
       0
       0
       0
       0
       0
       0
       0
       0
       0
       0
       0
       0
       0
       0
       0
       0
       1
       0
       0
       0
       0
       0
       0
       0
       0
       0
       0
       0
       0
       0
       0
       0
       0
       0
       0
       0
       0
       0
       0
       0
       0
       0
       0
       0
       0
       0
       0
       0
       0
       0
       0
       0
       0
       0
       0
       0
       0
       0
       0
       1
       0
       0
       0
       0
       0
       0
       0
       0
       0
       0
       0
       0
       0
       0
       0
       0
       0
       0
       0
       0
       0
       0
       0
       1
       0
       0
       0
       0
       0
       0
       0
       0
       0
       0
       0
       0
       0
       0
       0
       0
       0
       0
       0
       0
       0
       0
       0
       0
       0
       0
       0
       0
       0
       0
       0
       0
       0
       0
       1
       0
       0
       0
       0
       0
       0
       0
       0
       0
       0
       0
       0
       0
       1
       0
       0
       0
       0
       0
       0
       0
       0
       0
       0
       0
       0
       0
       0
       0
       1
       0
       0
       0
       0
       0
       0
       0
       0
       0
       0
       0
       0
       0
       0
       0
       0
       0
       0
       0
       0
       0
       0
       0
       0
       0
       0
       0
       0
       0
       0
       0
       0
       0
       0
       0
       0
       0
       0
       0
       0
       0
       0
       1
       0
       0
       0
       0
       0
       0
       0
       0
       0
       0
       0
       0
       0
       1
       0
       0
       1
       0
       0
       0
       0
       0
       0
       0
       0
       0
       0
       0
       0
       0
       0
       0
       0
       0
       0
       0
       0
       0
       1
       0
       0
       0
       0
       0
       0
       0
       0
       0
       0
       0
       0
       0
       0
       0
       0
       0
       0
       0
       1
       0
       0
       0
       0
       0
       0
       0
       0
       0
       0
       0
       0
       0
       0
       0
       0
       0
       0
       0
       0
       0
       0
       0
       0
       0
       0
       0
       1
       0
       0
       0
       0
       0
       0
       0
       0
       0
       0
       0
       0
       0
       0
       0
       0
       0
       0
       0
       0
       0
       0
       0
       0
       0
       0
       0
       0
       0
       0
       0
       0
       0
       0
       0
       0
       0
       0
       0
       0
       0
       0
       0
       0
       0
       0
       0
       0
       0
       0
       0
       0
       0
       0
       0
       0
       0
       0
       0
       0
       0
       0
       0
       0
       0
       0
       0
       0
       0
       0
       0
       0
       0
       0
       0
       0
       0
       0
       0
       0
       0
       0
       0
       0
       0
       0
       0
       0
       0
       0
       0
       0
       0
       0
       0
       0
       0
       0
       0
       0
       0
       0
       0
       0
       1
       0
       0
       0
       0
       0
       0
       1
       0
       0
       0
       0
       0
       0
       0
       0
       0
       0
       0
       0
       0
       0
       0
       0
       0
       0
       0
       0
       0
       0
       0
       0
       0
       0
       0
       0
       0
       0
       0
       0
       0
       0
       0
       0
       0
       0
       0
       0
       0
       0
       0
       0
       0
       0
       0
       0
       0
       0
       0
       0
       0
       0
       0
       0
       0
       0
       0
       0
       0
       0
       0
       0
       0
       0
       0
       0
       0
       0
       0
       0
       0
       0
       0
       0
       0
       0
       0
       0
       0
       0
       0
       0
       0
       0
       0
       0
       0
       0
       0
       0
       0
       0
       0
       0
       0
       0
       0
       0
       0
       0
       0
       0
       1
       0
       0
       0
       0
       0
       1
       0
       0
       0
       0
       0
       0
       0
       0
       0
       0
       0
       0
       0
       0
       0
       0
       0
       0
       0
       0
       0
       0
       0
       0
       0
       0
       0
       0
       0
       0
       0
       0
       0
       0
       0
       0
       0
       0
       0
       0
       0
       0
       0
       0
       0
       0
       0
       0
       0
       0
       0
       0
       0
       0
       0
       0
       0
       0
       0
       0
       0
       0
       0
       0
       0
       0
       0
       0
       0
       0
       0
       0
       0
       0
       0
       0
       0
       0
       0
       0
       0
       0
       0
       0
       0
       0
       0
       0
       0
       0
       0
       0
       0
       0
       0
       0
       0
       0
       0
       0
       0
       0
       0
       0
       0
       0
       0
       0
       0
       0
       0
       0
       0
       0
       0
       0
       0
       0
       0
       0
       0
       0
       0
       0
       0
       0
       0
       0
       0
       0
       0
       0
       0
       0
       0
       0
       0
       0
       0
       0
       0
       0
       0
       0
       0
       0
       0
       0
       0
       0
       0
       0
       0
       0
       0
       0
       0
       0
       0
       0
       0
       0
       0
       0
       0
       0
       0
       0
       0
       0
       0
       0
       0
       0
       0
       0
       0
       0
       0
       0
       0
       0
       0
       0
       0
       0
       0
       0
       0
       0
       0
$ROI:
0
$PRESETS:
Live Time
120
0
$ENER_FIT:
0.000000 0.002526
$MCA_CAL:
3
0.000000E+000 2.525835E-003 0.000000E+000 keV
$SHAPE_CAL:
3
0.000000E+000 0.000000E+000 0.000000E+000
