$SPEC_ID:
No sample description was entered.
$SPEC_REM:
DET# 1
DETDESC# 
AP# Maestro Version 6.08
$DATE_MEA:
09/21/2017 10:35:26
$MEAS_TIM:
120 120
$DATA:
0 2047
       0
       0
       0
       0
       0
       0
       0
       0
       0
       0
       0
       0
       0
       0
       0
       0
       0
       0
       0
       0
       0
       0
       0
       0
       0
       0
       0
       0
       0
       0
       0
       0
       0
       0
       0
       0
       0
       0
       0
       0
       0
       0
       0
       0
       0
       0
       0
       0
       0
       0
       0
       0
       0
       0
       0
       0
       0
       0
       0
       0
       0
       0
       0
       0
       0
       0
       0
       0
       0
       0
       0
       0
       0
       0
       0
       0
       0
       0
       0
       0
       0
       0
       0
       0
       0
       0
       0
       0
       0
       0
       0
       0
       0
       0
       0
       0
       0
       0
       0
       0
       0
       0
       0
       0
       0
       0
       0
       0
       0
       0
       0
       0
       0
       0
       0
       0
       0
       0
       0
       0
       0
       0
       0
       0
       0
       0
       0
       0
       0
       0
       0
       0
       0
       0
       0
       0
       0
       0
       0
       0
       0
       0
       0
       0
       0
       0
       0
       0
       0
       0
       0
       0
       0
       0
       0
       0
       0
       0
       0
       0
       0
       0
       0
       0
       0
       0
       0
       0
       0
       0
       0
       0
       0
       0
       0
       0
       0
       0
       0
       0
       0
       0
       0
       0
       0
       0
       0
       0
       0
       0
       0
       0
       0
       0
       2
      10
      24
     100
     328
     362
     379
     399
     412
     388
     387
     404
     416
     437
     431
     495
     421
     421
     460
     449
     443
     420
     459
     440
     420
     437
     496
     447
     501
     467
     463
     432
     455
     449
     455
     493
     500
     460
     520
     463
     439
     476
     459
     463
     496
     420
     429
     422
     487
     434
     413
     475
     401
     426
     383
     394
     382
     393
     420
     375
     405
     383
     395
     337
     355
     356
     296
     386
     325
     330
     334
     337
     310
     288
     307
     264
     239
     259
     263
     279
     276
     258
     260
     238
     252
     224
     225
     256
     219
     215
     186
     212
     240
     185
     215
     212
     173
     223
     196
     168
     210
     179
     187
     190
     183
     183
     187
     189
     198
     153
     165
     136
     168
     165
     172
     168
     137
     154
     161
     174
     145
     185
     144
     143
     156
     144
     158
     126
     149
     133
     142
     144
     122
     134
     128
     113
     119
     132
     133
     101
     125
     124
     113
     111
     107
     113
     110
     100
      90
      90
      93
     112
     102
      93
      98
      95
      81
      83
      91
      84
      73
      74
      67
      68
      56
      55
      81
      81
      63
      50
      50
      64
      45
      47
      55
      58
      44
      43
      27
      38
      41
      43
      37
      29
      30
      30
      38
      27
      25
      29
      15
      15
      17
      20
      16
      16
      23
      21
      14
      15
      19
      22
      11
      15
       9
       8
       7
      16
       4
      10
      11
       5
       6
       6
       3
       5
       5
       9
       4
       5
       6
       2
       9
       5
       5
       4
       2
       2
       7
       5
       2
       2
       3
       1
       3
       3
       2
       3
       4
       2
       2
       5
       2
       4
       3
       3
       2
       5
       3
       3
       3
       3
       3
       3
       2
       2
       1
       2
       1
       1
       5
       0
       1
       4
       4
       5
       2
       1
       5
       4
       4
      10
       2
       7
       5
       1
       3
       0
       3
       1
       3
       2
       2
       5
       0
       4
       3
       3
       3
       4
       6
       2
       6
       4
       1
       2
       6
       5
       5
       4
       3
       1
       2
       4
       2
       4
       5
       2
       1
       4
       1
       1
       1
       1
       2
       2
       3
       0
       4
       2
       0
       5
       1
       4
       2
       3
       3
       5
       3
       2
       1
       8
       3
       3
       3
       3
       4
       4
       3
       4
       4
       3
       5
       3
       3
       6
       3
       1
       8
       3
       2
       9
       6
       3
       2
       3
       4
       2
       4
       1
       1
       7
       2
       2
       4
       1
       4
       2
       1
       5
       2
       6
       3
       3
       7
       2
       4
       1
       4
       4
       6
       5
       5
       1
       1
       4
       3
       3
       6
       4
       5
       8
       7
       3
       4
       7
       3
       4
       6
       7
       5
       4
       6
       3
       8
       7
       5
       7
       5
       6
      10
       9
       7
       5
       6
       7
       5
       8
       6
       4
      10
       5
       3
       8
       8
       6
       8
       6
       5
       4
       8
       7
       9
       8
       7
       9
       9
       7
      11
      11
      12
       9
      12
      10
      15
      15
       5
      12
       8
      14
      16
      11
      19
      10
      13
       9
       5
      14
       7
      16
      16
      15
      12
      11
      18
      27
      20
      14
      19
      16
      20
      18
      20
      20
      21
      17
      21
      24
      15
      22
      21
      19
      29
      28
      20
      23
      28
      21
      23
      21
      16
      20
      21
      33
      33
      34
      29
      26
      42
      33
      32
      30
      27
      39
      38
      34
      33
      31
      37
      34
      36
      51
      34
      61
      33
      44
      48
      52
      43
      49
      49
      56
      41
      41
      45
      44
      50
      59
      61
      50
      70
      63
      57
      64
      60
      65
      57
      65
      62
      66
      66
      82
      73
      73
      74
      86
      93
      84
      89
      76
     110
      82
      88
      85
      94
      73
      99
      91
     113
     107
      87
     113
     111
     101
     104
     101
     118
     105
     120
     102
     132
     125
     115
     128
     104
     115
     125
     126
     115
     132
     127
     121
     128
     132
     117
     155
     154
     143
     134
     141
     150
     160
     140
     142
     138
     153
     168
     156
     166
     141
     153
     174
     167
     144
     164
     191
     165
     168
     163
     179
     197
     166
     143
     186
     155
     167
     197
     192
     181
     193
     198
     184
     205
     170
     160
     183
     197
     198
     205
     204
     183
     201
     220
     217
     225
     193
     196
     188
     217
     215
     211
     215
     181
     206
     220
     212
     192
     194
     204
     204
     215
     204
     217
     203
     209
     211
     223
     212
     221
     210
     226
     238
     166
     212
     196
     182
     230
     233
     212
     210
     214
     197
     233
     191
     223
     219
     191
     205
     184
     214
     193
     193
     175
     209
     182
     223
     170
     168
     190
     187
     184
     190
     195
     176
     188
     194
     156
     173
     174
     172
     185
     186
     169
     141
     161
     137
     159
     169
     158
     162
     153
     160
     146
     155
     163
     142
     122
     154
     136
     144
     143
     136
     126
     138
     127
     137
     127
     131
     132
     120
     124
     109
     110
     103
     119
     102
     105
     115
      96
     103
      97
      94
     104
      84
      77
      98
      97
      85
      76
      78
      96
      83
      81
      93
      81
      67
      73
      76
      73
      73
      68
      65
      72
      63
      75
      58
      45
      61
      60
      67
      37
      66
      44
      65
      49
      46
      58
      52
      53
      45
      43
      42
      40
      45
      42
      36
      49
      39
      29
      41
      25
      38
      29
      32
      24
      28
      30
      32
      36
      19
      30
      28
      24
      23
      25
      19
      20
      25
      19
       9
      25
      15
      15
       8
      17
      19
      19
      15
      12
      13
       9
      14
      12
      22
      17
      11
      17
      12
      10
      13
      10
       6
      12
      10
      10
      13
      13
       7
       8
       4
       3
       5
       4
       7
       8
       7
      10
       7
       6
       3
       1
       9
       1
       9
       4
       7
       3
       4
       8
       3
       4
       3
       3
       3
       2
       2
       0
       0
       3
       2
       4
       2
       2
       2
       1
       2
       1
       3
       0
       2
       4
       1
       1
       1
       1
       1
       0
       2
       0
       0
       2
       1
       0
       1
       1
       0
       0
       0
       3
       2
       2
       0
       0
       2
       0
       1
       1
       0
       0
       1
       1
       2
       0
       1
       2
       0
       0
       0
       1
       0
       0
       0
       1
       0
       0
       0
       0
       1
       0
       1
       0
       0
       0
       0
       1
       0
       0
       0
       0
       0
       1
       0
       0
       0
       0
       0
       0
       1
       3
       1
       0
       0
       1
       1
       1
       0
       0
       0
       2
       0
       0
       1
       0
       0
       0
       0
       0
       0
       0
       1
       1
       0
       1
       0
       0
       1
       0
       0
       1
       0
       0
       0
       0
       0
       0
       0
       0
       0
       0
       0
       0
       0
       0
       0
       1
       0
       0
       1
       0
       0
       0
       0
       0
       0
       0
       0
       0
       0
       0
       0
       0
       0
       0
       1
       0
       0
       0
       0
       0
       0
       0
       0
       0
       1
       0
       0
       1
       0
       0
       0
       1
       0
       0
       0
       0
       0
       0
       0
       0
       0
       0
       0
       0
       0
       0
       0
       0
       0
       0
       0
       0
       1
       0
       0
       0
       0
       0
       0
       0
       0
       0
       0
       0
       0
       0
       0
       0
       0
       0
       0
       1
       0
       0
       0
       0
       0
       1
       0
       0
       0
       0
       0
       0
       0
       0
       0
       0
       0
       0
       0
       0
       0
       0
       0
       0
       0
       0
       0
       0
       0
       0
       0
       0
       0
       0
       0
       0
       0
       1
       0
       0
       0
       1
       0
       0
       0
       0
       0
       0
       0
       0
       0
       0
       0
       0
       0
       0
       0
       0
       0
       0
       0
       0
       0
       0
       0
       0
       1
       0
       0
       0
       1
       0
       0
       0
       1
       0
       0
       0
       0
       0
       0
       0
       0
       0
       0
       0
       0
       0
       0
       0
       0
       0
       0
       0
       0
       0
       0
       0
       0
       0
       0
       0
       0
       0
       0
       0
       0
       0
       0
       0
       0
       0
       0
       0
       0
       0
       0
       0
       0
       0
       0
       0
       0
       0
       0
       0
       0
       0
       0
       0
       0
       0
       0
       0
       0
       0
       0
       0
       0
       0
       0
       0
       0
       0
       0
       0
       0
       0
       0
       0
       0
       0
       0
       0
       0
       0
       0
       0
       0
       0
       0
       0
       0
       0
       0
       0
       0
       0
       0
       0
       0
       0
       0
       0
       0
       0
       0
       0
       0
       0
       0
       0
       0
       0
       0
       0
       0
       0
       0
       0
       0
       0
       0
       0
       0
       0
       0
       0
       0
       0
       0
       0
       0
       0
       0
       0
       0
       1
       0
       0
       0
       0
       0
       0
       0
       0
       0
       0
       0
       0
       1
       0
       0
       0
       0
       0
       0
       0
       0
       0
       0
       0
       0
       0
       0
       0
       0
       1
       0
       0
       0
       0
       0
       0
       0
       0
       0
       0
       0
       0
       0
       0
       0
       0
       0
       0
       0
       0
       0
       1
       0
       0
       0
       0
       0
       0
       0
       0
       0
       0
       0
       0
       0
       0
       0
       0
       0
       0
       0
       0
       0
       0
       0
       0
       0
       0
       0
       0
       0
       1
       0
       0
       0
       0
       0
       0
       0
       0
       0
       0
       0
       0
       0
       0
       0
       0
       0
       0
       0
       0
       0
       0
       0
       0
       0
       0
       0
       0
       0
       0
       0
       0
       1
       0
       0
       0
       0
       0
       0
       0
       0
       0
       0
       0
       0
       0
       0
       0
       0
       0
       0
       0
       0
       0
       0
       0
       0
       0
       0
       0
       0
       0
       0
       0
       0
       0
       0
       0
       0
       1
       0
       0
       0
       0
       0
       0
       0
       0
       0
       0
       0
       0
       0
       0
       0
       0
       0
       0
       0
       0
       0
       0
       0
       1
       0
       0
       1
       0
       0
       0
       0
       0
       0
       0
       0
       0
       0
       0
       0
       0
       0
       0
       0
       0
       0
       0
       0
       0
       0
       0
       0
       0
       0
       0
       0
       0
       0
       0
       0
       0
       0
       0
       0
       0
       0
       0
       0
       0
       0
       0
       0
       0
       0
       1
       0
       1
       0
       0
       0
       0
       0
       0
       0
       0
       0
       0
       0
       0
       0
       0
       0
       0
       0
       0
       1
       0
       0
       0
       0
       0
       0
       0
       0
       0
       0
       0
       0
       0
       0
       0
       0
       0
       0
       0
       0
       0
       0
       0
       0
       0
       0
       0
       0
       0
       0
       0
       0
       0
       0
       0
       0
       0
       0
       0
       0
       0
       0
       0
       0
       0
       0
       0
       0
       0
       0
       0
       0
       0
       0
       0
       0
       0
       0
       0
       0
       0
       0
       0
       0
       0
       0
       0
       0
       0
       0
       0
       0
       0
       0
       0
       0
       0
       0
       0
       0
       0
       0
       0
       0
       0
       0
       0
       0
       0
       0
       0
       0
       0
       0
       0
       0
       0
       0
       0
       0
       0
       0
       0
       0
       0
       0
       0
       0
       0
       0
       0
       0
       0
       0
       0
       0
       0
       0
       0
       0
       0
       0
       0
       0
       0
       0
       0
       0
       0
       0
       0
       0
       0
       0
       0
       0
       0
       0
       0
       0
       0
       0
       0
       0
       0
       0
       0
       0
       0
       0
       0
       0
       0
       0
       0
       0
       0
       0
       0
       0
       0
       0
       0
       0
       0
       0
       0
       0
       0
       0
       0
       0
       0
       0
       0
       0
       0
       0
       0
       0
       0
       0
       0
       0
       0
       0
       0
       0
       0
       0
       0
       0
       0
       0
       0
       0
       0
       0
       0
       0
       0
       0
       0
       0
       0
       0
       0
       0
       0
       0
       0
       0
       0
       0
       0
       0
       0
       0
       0
       0
       0
       0
       0
       0
       0
       0
       0
       0
       0
       0
       0
       0
       0
       0
       0
       0
       0
       0
       0
       0
       0
       0
       0
       0
       0
       0
       0
       0
       0
       0
       0
       0
       0
       0
       0
       0
       0
       0
       0
       0
       0
       0
       0
       0
       0
       0
       0
       0
       0
       0
       0
       0
       0
       0
       0
       0
       0
       0
       0
       0
       0
       0
       0
       0
       0
       0
       0
       0
       0
       0
       0
       0
       0
       0
       0
       0
       0
       0
       0
       0
       0
       0
       0
       0
       0
       0
       0
       0
       0
       0
       0
       0
       0
       0
       0
       0
       0
       0
       0
       0
       0
       0
       0
       0
       0
       0
       0
       0
$ROI:
0
$PRESETS:
Live Time
120
0
$ENER_FIT:
0.000000 0.002526
$MCA_CAL:
3
0.000000E+000 2.525835E-003 0.000000E+000 keV
$SHAPE_CAL:
3
0.000000E+000 0.000000E+000 0.000000E+000
