$SPEC_ID:
No sample description was entered.
$SPEC_REM:
DET# 1
DETDESC# 
AP# Maestro Version 6.08
$DATE_MEA:
09/21/2017 10:29:25
$MEAS_TIM:
120 120
$DATA:
0 2047
       0
       0
       0
       0
       0
       0
       0
       0
       0
       0
       0
       0
       0
       0
       0
       0
       0
       0
       0
       0
       0
       0
       0
       0
       0
       0
       0
       0
       0
       0
       0
       0
       0
       0
       0
       0
       0
       0
       0
       0
       0
       0
       0
       0
       0
       0
       0
       0
       0
       0
       0
       0
       0
       0
       0
       0
       0
       0
       0
       0
       0
       0
       0
       0
       0
       0
       0
       0
       0
       0
       0
       0
       0
       0
       0
       0
       0
       0
       0
       0
       0
       0
       0
       0
       0
       0
       0
       0
       0
       0
       0
       0
       0
       0
       0
       0
       0
       0
       0
       0
       0
       0
       0
       0
       0
       0
       0
       0
       0
       0
       0
       0
       0
       0
       0
       0
       0
       0
       0
       0
       0
       0
       0
       0
       0
       0
       0
       0
       0
       0
       0
       0
       0
       0
       0
       0
       0
       0
       0
       0
       0
       0
       0
       0
       0
       0
       0
       0
       0
       0
       0
       0
       0
       0
       0
       0
       0
       0
       0
       0
       0
       0
       0
       0
       0
       0
       0
       0
       0
       0
       0
       0
       0
       0
       0
       0
       0
       0
       0
       0
       0
       0
       0
       0
       0
       0
       0
       0
       0
       0
       0
       0
       0
       0
       0
       0
       0
       0
       1
       2
       5
       2
       0
       1
       3
       2
       0
       1
       1
       3
       0
       4
       2
       1
       1
       1
       2
       1
       2
       1
       2
       2
       2
       2
       2
       0
       1
       2
       3
       1
       2
       2
       2
       3
       1
       1
       1
       1
       0
       2
       3
       0
       2
       1
       1
       0
       1
       3
       2
       0
       3
       3
       2
       0
       1
       2
       3
       1
       0
       1
       2
       0
       1
       1
       1
       3
       0
       2
       0
       2
       0
       1
       4
       1
       2
       0
       4
       2
       2
       1
       0
       0
       1
       2
       1
       3
       1
       1
       1
       1
       3
       2
       2
       0
       1
       2
       1
       2
       0
       2
       0
       1
       2
       3
       0
       2
       1
       2
       2
       4
       4
       2
       1
       2
       1
       0
       2
       0
       2
       2
       2
       1
       2
       0
       5
       0
       0
       0
       1
       1
       1
       5
       5
       1
       4
       2
       1
       1
       0
       2
       1
       2
       4
       2
       1
       2
       0
       3
       2
       4
       0
       1
       0
       2
       1
       1
       3
       0
       1
       1
       2
       1
       2
       4
       2
       3
       2
       2
       2
       2
       3
       1
       0
       6
       3
       3
       3
       0
       4
       3
       2
       2
       2
       4
       2
       2
       4
       1
       1
       1
       2
       3
       1
       0
       2
       2
       2
       6
       1
       4
       4
       2
       7
       2
       3
       5
       3
       3
       3
       1
       1
       3
       3
       0
       2
       5
       1
       3
       1
       3
       3
       3
       2
       6
       1
       3
       3
       1
       0
       5
       3
       2
       5
       3
       1
       2
       0
       0
       2
       4
       4
       2
       2
       3
       3
       4
       1
       6
       0
       5
       2
       0
       3
       4
       1
       1
       1
       4
       5
       7
       4
       4
       6
       1
       2
       3
       3
       2
       0
       2
       3
       2
       7
       4
       2
       1
       3
       2
       1
       1
       2
       0
       2
       2
       4
       3
       4
       5
       2
       1
       3
       5
       2
       5
       5
       1
       3
       3
       3
       3
       2
       4
       3
       0
       2
       6
       2
       3
       2
       6
       2
       3
       2
       4
       4
       2
       2
       3
       1
       2
       4
       4
       5
       4
       4
       3
       2
       4
       4
       2
       0
       2
       3
       1
       2
       4
       2
       5
       2
       3
       3
       5
       5
       3
       5
       8
       1
       4
       3
       6
       6
       2
       3
       3
       2
       4
       5
       2
       3
       2
       5
       4
       0
       7
       3
       6
       4
       3
       6
       4
       2
       3
       4
       5
       3
       1
       1
       6
       3
       3
       7
       6
       3
       1
       6
       5
       7
       4
       4
       4
       9
       3
       7
       6
       2
       6
       3
       4
       3
       3
       7
       6
       4
       3
       3
       3
       4
       4
       7
       8
       3
       5
       4
       3
       2
       6
       4
       4
      10
       6
       4
       7
       9
       6
      10
       6
       6
       7
       8
       6
      10
      10
       9
      12
      14
      11
       6
      11
      12
       8
      12
      11
      11
      15
       3
       9
      12
       4
       8
       4
      15
      10
      24
      15
      12
      10
      13
      10
      11
      11
      16
      19
      16
      11
      11
      19
      11
      20
      19
      14
      16
      11
      18
      16
      19
      22
      23
      16
      23
      17
      24
      26
      25
      24
      25
      26
      29
      31
      25
      27
      26
      23
      28
      38
      38
      16
      28
      39
      26
      31
      36
      38
      27
      22
      40
      47
      43
      39
      41
      48
      28
      39
      51
      40
      53
      57
      54
      49
      64
      54
      53
      55
      51
      60
      68
      50
      49
      59
      75
      66
      60
      50
      74
      59
      87
      66
      62
      68
      72
      69
      70
      81
      80
      78
      73
      67
      87
      94
      86
     101
      75
      88
     110
     104
      94
     110
      83
     104
     104
      99
      98
      99
      97
     118
     113
     107
     123
     119
     116
     112
     128
     118
     137
     127
     140
     126
     139
     143
     136
     143
     142
     136
     149
     137
     161
     147
     128
     172
     166
     148
     155
     167
     178
     146
     150
     175
     160
     154
     180
     160
     174
     174
     158
     162
     179
     179
     153
     181
     177
     171
     188
     162
     187
     206
     181
     184
     187
     195
     184
     180
     184
     176
     174
     194
     184
     181
     190
     216
     230
     195
     216
     224
     229
     218
     212
     203
     191
     223
     217
     221
     204
     211
     201
     219
     203
     199
     209
     230
     217
     208
     194
     226
     195
     214
     186
     204
     232
     211
     213
     212
     199
     226
     223
     200
     204
     213
     199
     200
     215
     191
     172
     209
     199
     192
     192
     210
     216
     190
     211
     188
     167
     208
     200
     187
     215
     174
     211
     186
     201
     198
     172
     190
     170
     155
     191
     173
     182
     191
     185
     167
     141
     156
     157
     172
     154
     164
     130
     138
     152
     148
     155
     148
     136
     140
     146
     113
     127
     143
     148
     137
     120
     116
     138
     133
     115
     126
     129
     128
     109
     122
     102
     111
     113
     110
      91
      98
     106
      97
      92
     104
      88
      84
      81
      93
      89
      92
      84
      78
      90
      66
      78
      61
      75
      71
      70
      61
      62
      59
      55
      45
      48
      60
      55
      53
      71
      67
      41
      48
      60
      43
      64
      42
      38
      49
      53
      33
      49
      39
      42
      37
      37
      27
      32
      22
      36
      36
      34
      33
      25
      20
      27
      28
      25
      23
      30
      24
      23
      21
      23
      20
      19
      11
      32
      16
      10
      18
      23
      14
      15
      16
      14
      17
       6
      17
       9
      18
      11
       8
       7
       6
      10
      13
       9
      14
       5
      10
      11
       4
       7
       5
       6
       7
       8
       8
       5
       5
       7
       6
       7
       6
       3
       2
       6
       3
       4
       7
       4
       3
       1
       4
       3
       4
       2
       5
       0
       3
       6
       2
       2
       3
       7
       3
       1
       3
       2
       1
       1
       1
       1
       1
       3
       1
       1
       0
       2
       1
       1
       4
       0
       0
       0
       1
       0
       0
       2
       0
       0
       0
       2
       0
       0
       2
       1
       2
       1
       0
       1
       0
       2
       0
       2
       0
       0
       0
       0
       1
       0
       0
       0
       0
       0
       1
       0
       0
       0
       0
       0
       0
       0
       0
       0
       0
       0
       0
       0
       1
       1
       0
       0
       0
       0
       0
       0
       0
       0
       0
       0
       0
       0
       0
       0
       0
       0
       0
       0
       0
       0
       0
       0
       0
       0
       1
       0
       0
       0
       0
       0
       0
       0
       0
       0
       0
       0
       0
       0
       0
       0
       0
       0
       0
       0
       0
       0
       0
       0
       1
       0
       0
       0
       0
       0
       0
       1
       0
       1
       0
       0
       0
       0
       0
       0
       0
       0
       0
       0
       0
       0
       0
       1
       1
       0
       0
       0
       0
       0
       1
       0
       0
       0
       0
       0
       0
       0
       0
       0
       0
       0
       0
       0
       0
       0
       0
       0
       0
       0
       2
       0
       0
       0
       0
       0
       0
       0
       0
       0
       0
       0
       0
       0
       0
       0
       0
       0
       0
       1
       0
       1
       0
       0
       0
       0
       0
       0
       0
       0
       0
       0
       0
       0
       0
       0
       0
       0
       0
       0
       0
       0
       0
       0
       0
       0
       0
       0
       0
       0
       0
       1
       0
       0
       0
       0
       0
       0
       0
       0
       0
       0
       0
       0
       0
       0
       0
       0
       0
       0
       0
       0
       0
       0
       0
       0
       0
       0
       0
       0
       0
       0
       0
       0
       0
       0
       0
       0
       0
       0
       0
       0
       0
       1
       0
       0
       0
       0
       0
       0
       0
       0
       0
       0
       0
       0
       0
       0
       0
       0
       0
       0
       0
       0
       0
       0
       0
       0
       0
       0
       0
       0
       0
       0
       0
       0
       0
       0
       0
       0
       0
       0
       0
       0
       0
       0
       0
       0
       0
       1
       0
       1
       0
       0
       0
       0
       0
       0
       0
       0
       0
       0
       0
       0
       0
       0
       0
       0
       0
       0
       0
       0
       0
       0
       0
       0
       0
       0
       0
       0
       0
       0
       0
       0
       0
       0
       0
       0
       0
       0
       0
       0
       0
       0
       1
       0
       0
       0
       0
       0
       0
       0
       0
       0
       0
       0
       0
       0
       0
       1
       0
       0
       0
       1
       0
       0
       0
       0
       0
       1
       0
       0
       0
       0
       0
       0
       0
       0
       0
       0
       0
       0
       0
       0
       0
       0
       0
       0
       0
       0
       0
       0
       0
       0
       0
       0
       0
       0
       0
       0
       0
       0
       0
       0
       0
       0
       0
       0
       0
       2
       0
       0
       0
       0
       0
       0
       0
       0
       0
       0
       0
       0
       0
       0
       0
       0
       0
       0
       0
       0
       0
       0
       0
       0
       1
       0
       0
       0
       0
       0
       0
       1
       0
       0
       0
       0
       0
       0
       1
       0
       0
       0
       0
       0
       0
       0
       0
       0
       0
       0
       0
       0
       0
       0
       0
       0
       0
       0
       0
       0
       0
       0
       0
       1
       0
       0
       0
       0
       0
       0
       0
       0
       0
       0
       0
       0
       0
       0
       0
       1
       0
       0
       0
       0
       0
       0
       0
       0
       0
       1
       0
       0
       0
       0
       0
       0
       0
       0
       0
       0
       0
       0
       0
       0
       1
       0
       0
       0
       0
       0
       0
       0
       0
       0
       0
       1
       0
       0
       0
       0
       0
       0
       0
       0
       0
       0
       0
       0
       0
       0
       0
       0
       0
       0
       0
       0
       0
       0
       0
       0
       0
       0
       0
       0
       1
       0
       0
       0
       0
       0
       0
       0
       0
       0
       0
       0
       0
       0
       0
       0
       0
       0
       0
       0
       0
       0
       0
       0
       1
       0
       0
       0
       0
       0
       0
       0
       0
       0
       0
       0
       0
       0
       0
       0
       0
       1
       0
       0
       0
       0
       0
       0
       1
       0
       0
       0
       0
       0
       0
       0
       0
       0
       0
       0
       0
       0
       0
       0
       0
       1
       0
       0
       0
       0
       0
       0
       0
       0
       0
       0
       0
       0
       0
       0
       0
       0
       0
       1
       0
       0
       0
       0
       0
       0
       0
       0
       0
       0
       0
       0
       0
       0
       0
       0
       0
       0
       0
       0
       0
       0
       0
       0
       0
       0
       0
       0
       0
       0
       0
       0
       0
       0
       0
       0
       0
       0
       0
       0
       0
       0
       0
       0
       0
       0
       0
       0
       0
       0
       0
       0
       0
       0
       0
       0
       0
       0
       0
       0
       0
       0
       0
       0
       0
       0
       0
       0
       0
       0
       0
       0
       0
       0
       0
       0
       0
       1
       0
       0
       0
       0
       0
       0
       0
       0
       0
       0
       0
       0
       0
       0
       0
       0
       0
       0
       0
       0
       0
       0
       0
       0
       0
       0
       0
       0
       0
       0
       0
       0
       0
       0
       0
       0
       0
       0
       0
       0
       0
       0
       0
       0
       0
       0
       0
       0
       0
       0
       0
       0
       0
       0
       0
       0
       0
       0
       0
       0
       0
       0
       0
       0
       0
       0
       0
       0
       0
       0
       0
       0
       0
       0
       0
       0
       0
       0
       0
       0
       0
       0
       0
       0
       0
       0
       0
       0
       0
       0
       0
       0
       0
       0
       0
       0
       0
       0
       0
       0
       0
       0
       0
       0
       0
       0
       0
       0
       0
       0
       0
       0
       0
       0
       0
       0
       0
       0
       0
       0
       0
       0
       0
       0
       0
       0
       0
       0
       0
       0
       0
       0
       0
       0
       0
       0
       0
       0
       0
       0
       0
       0
       0
       0
       0
       0
       0
       0
       0
       0
       0
       0
       0
       0
       0
       0
       0
       0
       0
       0
       0
       0
       0
       0
       0
       0
       0
       0
       0
       0
       0
       0
       0
       0
       0
       0
       0
       0
       0
       0
       0
       0
       0
       0
       0
       0
       0
       0
       0
       0
       0
       0
       0
       0
       0
       0
       0
       0
       0
       0
       0
       0
       0
       0
       0
       0
       0
       0
       0
       0
       0
       0
       0
       0
       0
       0
       0
       0
       0
       0
       0
       0
       0
       0
       0
       0
       0
       0
       0
       0
       0
       0
       0
       0
       0
       0
       0
       0
       0
       0
       0
       0
       0
       0
       0
       0
       0
       0
       0
       0
       0
       0
       0
       0
       0
       0
       0
       0
       0
       0
       0
       0
       0
       0
       0
       0
       0
$ROI:
0
$PRESETS:
Live Time
120
0
$ENER_FIT:
0.000000 0.002526
$MCA_CAL:
3
0.000000E+000 2.525835E-003 0.000000E+000 keV
$SHAPE_CAL:
3
0.000000E+000 0.000000E+000 0.000000E+000
