SPEC_ID:	'No sample description was entered.'
SPEC_REM:	'DET# 1'
DATE_MEA:	'09/29/2017 06:22:00'
MEAS_TIM:	'14400 14400'
DATA:	'0 2047'
ROI:	'0'
PRESETS:	'Live Time'
ENER_FIT:	'0.000000 0.002526'
MCA_CAL:	'3'
SHAPE_CAL:	'3'

Channel	Counts
0	0
1	0
2	0
3	0
4	0
5	0
6	0
7	0
8	0
9	0
10	0
11	0
12	0
13	0
14	0
15	0
16	0
17	0
18	0
19	0
20	0
21	0
22	0
23	0
24	0
25	0
26	0
27	0
28	0
29	0
30	0
31	0
32	0
33	0
34	0
35	0
36	0
37	0
38	0
39	0
40	0
41	0
42	0
43	0
44	0
45	0
46	0
47	0
48	0
49	0
50	0
51	0
52	0
53	0
54	0
55	0
56	0
57	0
58	0
59	0
60	0
61	0
62	0
63	0
64	0
65	0
66	0
67	0
68	0
69	0
70	0
71	0
72	0
73	0
74	0
75	0
76	0
77	0
78	0
79	0
80	0
81	0
82	0
83	0
84	0
85	0
86	0
87	0
88	0
89	0
90	0
91	0
92	0
93	0
94	0
95	0
96	0
97	0
98	0
99	0
100	0
101	0
102	0
103	0
104	0
105	0
106	0
107	0
108	0
109	0
110	0
111	0
112	0
113	0
114	0
115	0
116	0
117	0
118	0
119	0
120	0
121	0
122	0
123	0
124	0
125	0
126	0
127	0
128	0
129	0
130	0
131	0
132	0
133	0
134	0
135	0
136	0
137	0
138	0
139	0
140	0
141	0
142	0
143	0
144	0
145	0
146	0
147	0
148	0
149	0
150	0
151	0
152	0
153	0
154	0
155	0
156	0
157	0
158	0
159	0
160	0
161	0
162	0
163	0
164	0
165	0
166	0
167	0
168	0
169	0
170	0
171	0
172	0
173	0
174	0
175	0
176	0
177	0
178	0
179	0
180	0
181	0
182	0
183	0
184	0
185	0
186	0
187	0
188	0
189	0
190	0
191	0
192	0
193	0
194	0
195	0
196	0
197	0
198	3
199	5
200	3
201	5
202	7
203	4
204	2
205	1
206	4
207	5
208	4
209	3
210	3
211	2
212	4
213	6
214	4
215	10
216	2
217	6
218	4
219	4
220	4
221	3
222	4
223	5
224	2
225	10
226	2
227	3
228	2
229	3
230	5
231	3
232	1
233	4
234	1
235	7
236	5
237	6
238	3
239	2
240	5
241	3
242	1
243	5
244	5
245	3
246	3
247	4
248	2
249	5
250	2
251	3
252	2
253	5
254	4
255	0
256	3
257	4
258	5
259	2
260	3
261	6
262	5
263	2
264	4
265	5
266	4
267	2
268	4
269	1
270	2
271	4
272	4
273	2
274	1
275	2
276	1
277	2
278	1
279	2
280	0
281	4
282	1
283	1
284	2
285	2
286	2
287	1
288	1
289	1
290	2
291	1
292	0
293	2
294	2
295	1
296	5
297	1
298	4
299	2
300	2
301	3
302	1
303	1
304	1
305	3
306	0
307	3
308	0
309	0
310	2
311	1
312	1
313	0
314	2
315	1
316	2
317	2
318	0
319	3
320	1
321	0
322	2
323	3
324	2
325	0
326	4
327	0
328	1
329	1
330	2
331	1
332	1
333	2
334	1
335	2
336	0
337	0
338	2
339	1
340	1
341	2
342	2
343	1
344	0
345	3
346	1
347	1
348	1
349	0
350	1
351	0
352	5
353	1
354	0
355	1
356	5
357	1
358	0
359	3
360	2
361	1
362	1
363	0
364	3
365	2
366	2
367	3
368	1
369	1
370	1
371	3
372	1
373	0
374	1
375	0
376	1
377	1
378	0
379	3
380	1
381	0
382	1
383	1
384	0
385	2
386	1
387	4
388	0
389	0
390	0
391	1
392	1
393	0
394	1
395	0
396	1
397	4
398	0
399	1
400	1
401	2
402	0
403	0
404	1
405	1
406	0
407	3
408	2
409	1
410	1
411	1
412	0
413	1
414	1
415	1
416	0
417	3
418	3
419	0
420	0
421	0
422	2
423	3
424	1
425	1
426	1
427	1
428	1
429	0
430	0
431	1
432	2
433	1
434	1
435	1
436	1
437	0
438	0
439	0
440	0
441	0
442	1
443	2
444	1
445	0
446	2
447	1
448	0
449	0
450	0
451	1
452	0
453	0
454	2
455	0
456	0
457	0
458	0
459	0
460	2
461	0
462	1
463	0
464	0
465	2
466	0
467	0
468	0
469	2
470	2
471	0
472	0
473	0
474	1
475	0
476	1
477	0
478	3
479	0
480	1
481	1
482	0
483	0
484	2
485	0
486	0
487	0
488	2
489	0
490	0
491	1
492	0
493	0
494	0
495	0
496	1
497	2
498	0
499	0
500	0
501	1
502	2
503	2
504	0
505	1
506	1
507	3
508	0
509	3
510	1
511	0
512	0
513	1
514	1
515	1
516	2
517	0
518	2
519	1
520	2
521	0
522	1
523	1
524	3
525	1
526	1
527	4
528	0
529	1
530	1
531	0
532	0
533	1
534	0
535	1
536	0
537	0
538	0
539	0
540	0
541	0
542	1
543	0
544	0
545	1
546	0
547	1
548	1
549	0
550	0
551	1
552	0
553	0
554	0
555	0
556	0
557	1
558	0
559	0
560	0
561	1
562	2
563	0
564	1
565	0
566	0
567	0
568	1
569	0
570	0
571	0
572	0
573	0
574	0
575	0
576	0
577	3
578	0
579	0
580	1
581	1
582	2
583	0
584	1
585	0
586	1
587	1
588	0
589	0
590	0
591	1
592	1
593	0
594	1
595	0
596	3
597	0
598	0
599	0
600	0
601	0
602	2
603	0
604	0
605	1
606	0
607	0
608	0
609	1
610	0
611	0
612	0
613	0
614	0
615	0
616	0
617	2
618	1
619	1
620	1
621	0
622	0
623	0
624	0
625	0
626	0
627	0
628	1
629	0
630	1
631	0
632	0
633	1
634	1
635	0
636	0
637	0
638	0
639	2
640	0
641	1
642	0
643	0
644	1
645	0
646	0
647	0
648	2
649	0
650	2
651	0
652	0
653	0
654	0
655	1
656	1
657	0
658	0
659	0
660	0
661	0
662	1
663	2
664	0
665	0
666	0
667	0
668	1
669	1
670	0
671	1
672	0
673	1
674	0
675	0
676	0
677	1
678	0
679	0
680	0
681	0
682	0
683	0
684	0
685	1
686	2
687	1
688	0
689	0
690	0
691	2
692	0
693	0
694	3
695	0
696	0
697	0
698	0
699	0
700	0
701	0
702	1
703	0
704	0
705	0
706	0
707	0
708	0
709	1
710	0
711	1
712	1
713	0
714	0
715	1
716	0
717	0
718	2
719	2
720	0
721	0
722	2
723	1
724	1
725	0
726	1
727	0
728	0
729	0
730	2
731	1
732	0
733	0
734	0
735	0
736	0
737	0
738	1
739	0
740	0
741	0
742	0
743	0
744	0
745	0
746	0
747	0
748	1
749	0
750	1
751	0
752	0
753	0
754	0
755	0
756	1
757	0
758	1
759	0
760	0
761	2
762	0
763	0
764	1
765	0
766	0
767	0
768	0
769	0
770	0
771	0
772	2
773	1
774	0
775	0
776	0
777	0
778	0
779	0
780	1
781	0
782	0
783	1
784	0
785	0
786	0
787	0
788	0
789	0
790	1
791	0
792	0
793	0
794	0
795	0
796	0
797	1
798	1
799	0
800	0
801	0
802	0
803	1
804	0
805	0
806	0
807	0
808	1
809	0
810	0
811	0
812	0
813	1
814	0
815	0
816	0
817	0
818	0
819	0
820	1
821	0
822	0
823	0
824	0
825	0
826	0
827	0
828	1
829	0
830	0
831	1
832	1
833	0
834	0
835	0
836	0
837	1
838	0
839	0
840	0
841	0
842	0
843	0
844	1
845	0
846	0
847	0
848	0
849	0
850	1
851	0
852	0
853	1
854	0
855	0
856	0
857	0
858	1
859	0
860	0
861	0
862	0
863	0
864	0
865	0
866	0
867	0
868	0
869	0
870	1
871	0
872	0
873	0
874	0
875	0
876	1
877	1
878	0
879	0
880	0
881	0
882	0
883	0
884	0
885	0
886	0
887	0
888	0
889	2
890	1
891	0
892	1
893	0
894	0
895	1
896	0
897	0
898	1
899	0
900	0
901	0
902	0
903	0
904	0
905	1
906	0
907	0
908	0
909	1
910	0
911	0
912	0
913	2
914	0
915	2
916	0
917	0
918	0
919	0
920	0
921	0
922	0
923	0
924	0
925	1
926	0
927	0
928	0
929	1
930	0
931	0
932	1
933	0
934	0
935	0
936	1
937	1
938	0
939	0
940	0
941	0
942	1
943	0
944	0
945	0
946	1
947	0
948	0
949	0
950	0
951	0
952	0
953	0
954	0
955	1
956	0
957	0
958	0
959	0
960	1
961	1
962	0
963	0
964	0
965	0
966	0
967	0
968	1
969	0
970	0
971	0
972	0
973	0
974	0
975	0
976	0
977	1
978	2
979	0
980	0
981	1
982	0
983	0
984	1
985	0
986	1
987	0
988	0
989	0
990	0
991	1
992	0
993	0
994	0
995	0
996	0
997	0
998	1
999	0
1000	0
1001	0
1002	0
1003	1
1004	1
1005	0
1006	0
1007	0
1008	1
1009	0
1010	0
1011	0
1012	0
1013	0
1014	2
1015	0
1016	0
1017	1
1018	0
1019	0
1020	0
1021	0
1022	0
1023	1
1024	0
1025	0
1026	0
1027	0
1028	0
1029	0
1030	0
1031	2
1032	0
1033	1
1034	0
1035	0
1036	0
1037	0
1038	0
1039	0
1040	1
1041	0
1042	1
1043	0
1044	0
1045	0
1046	2
1047	0
1048	0
1049	0
1050	0
1051	0
1052	1
1053	0
1054	0
1055	1
1056	2
1057	1
1058	0
1059	0
1060	1
1061	0
1062	0
1063	0
1064	0
1065	2
1066	0
1067	1
1068	0
1069	0
1070	0
1071	0
1072	4
1073	0
1074	2
1075	0
1076	0
1077	0
1078	0
1079	0
1080	0
1081	0
1082	1
1083	2
1084	0
1085	0
1086	0
1087	0
1088	0
1089	1
1090	0
1091	0
1092	1
1093	0
1094	0
1095	0
1096	2
1097	1
1098	1
1099	1
1100	0
1101	0
1102	1
1103	0
1104	1
1105	0
1106	0
1107	1
1108	0
1109	1
1110	0
1111	0
1112	0
1113	0
1114	0
1115	1
1116	1
1117	1
1118	1
1119	0
1120	2
1121	0
1122	0
1123	1
1124	0
1125	0
1126	1
1127	0
1128	1
1129	1
1130	0
1131	1
1132	0
1133	3
1134	0
1135	0
1136	0
1137	0
1138	0
1139	1
1140	0
1141	0
1142	1
1143	0
1144	1
1145	0
1146	1
1147	1
1148	1
1149	0
1150	0
1151	1
1152	1
1153	2
1154	1
1155	0
1156	1
1157	0
1158	1
1159	0
1160	0
1161	0
1162	0
1163	0
1164	0
1165	0
1166	0
1167	0
1168	0
1169	0
1170	1
1171	4
1172	1
1173	0
1174	0
1175	1
1176	0
1177	1
1178	0
1179	0
1180	1
1181	0
1182	1
1183	0
1184	1
1185	2
1186	0
1187	1
1188	1
1189	0
1190	1
1191	1
1192	1
1193	0
1194	2
1195	1
1196	0
1197	1
1198	1
1199	0
1200	0
1201	1
1202	0
1203	0
1204	1
1205	1
1206	0
1207	1
1208	0
1209	0
1210	0
1211	0
1212	0
1213	0
1214	0
1215	0
1216	0
1217	1
1218	0
1219	0
1220	1
1221	1
1222	1
1223	0
1224	0
1225	1
1226	0
1227	1
1228	1
1229	0
1230	1
1231	3
1232	1
1233	2
1234	1
1235	0
1236	1
1237	1
1238	1
1239	3
1240	0
1241	0
1242	1
1243	0
1244	1
1245	2
1246	0
1247	3
1248	2
1249	1
1250	2
1251	1
1252	2
1253	0
1254	1
1255	1
1256	1
1257	1
1258	1
1259	1
1260	1
1261	1
1262	1
1263	2
1264	2
1265	1
1266	0
1267	0
1268	2
1269	3
1270	0
1271	1
1272	2
1273	0
1274	1
1275	0
1276	2
1277	0
1278	2
1279	1
1280	2
1281	0
1282	0
1283	0
1284	1
1285	2
1286	0
1287	0
1288	2
1289	1
1290	1
1291	1
1292	1
1293	1
1294	3
1295	2
1296	0
1297	0
1298	2
1299	0
1300	2
1301	0
1302	3
1303	0
1304	1
1305	3
1306	2
1307	3
1308	3
1309	4
1310	1
1311	2
1312	2
1313	6
1314	4
1315	1
1316	3
1317	3
1318	3
1319	1
1320	3
1321	1
1322	2
1323	2
1324	2
1325	4
1326	3
1327	2
1328	6
1329	4
1330	7
1331	4
1332	1
1333	4
1334	0
1335	5
1336	2
1337	2
1338	4
1339	3
1340	2
1341	3
1342	5
1343	5
1344	5
1345	1
1346	1
1347	4
1348	3
1349	3
1350	4
1351	5
1352	1
1353	2
1354	8
1355	2
1356	3
1357	6
1358	1
1359	3
1360	5
1361	3
1362	2
1363	2
1364	3
1365	7
1366	3
1367	8
1368	4
1369	4
1370	5
1371	7
1372	3
1373	8
1374	5
1375	4
1376	4
1377	5
1378	6
1379	6
1380	5
1381	6
1382	8
1383	13
1384	3
1385	8
1386	9
1387	8
1388	7
1389	8
1390	7
1391	5
1392	7
1393	7
1394	3
1395	6
1396	8
1397	10
1398	10
1399	9
1400	11
1401	5
1402	10
1403	9
1404	6
1405	6
1406	7
1407	8
1408	7
1409	8
1410	10
1411	6
1412	4
1413	4
1414	7
1415	13
1416	8
1417	10
1418	6
1419	7
1420	14
1421	7
1422	9
1423	9
1424	10
1425	9
1426	12
1427	6
1428	10
1429	10
1430	9
1431	5
1432	5
1433	7
1434	14
1435	21
1436	12
1437	10
1438	6
1439	5
1440	12
1441	13
1442	10
1443	7
1444	7
1445	18
1446	15
1447	11
1448	8
1449	11
1450	15
1451	14
1452	7
1453	9
1454	5
1455	12
1456	13
1457	10
1458	13
1459	7
1460	10
1461	10
1462	7
1463	6
1464	13
1465	10
1466	9
1467	13
1468	8
1469	8
1470	11
1471	12
1472	14
1473	11
1474	6
1475	6
1476	10
1477	12
1478	12
1479	5
1480	6
1481	10
1482	11
1483	9
1484	8
1485	9
1486	12
1487	7
1488	9
1489	6
1490	9
1491	10
1492	6
1493	6
1494	5
1495	2
1496	9
1497	4
1498	8
1499	7
1500	6
1501	5
1502	5
1503	5
1504	8
1505	5
1506	5
1507	9
1508	2
1509	3
1510	3
1511	4
1512	1
1513	2
1514	3
1515	3
1516	3
1517	3
1518	2
1519	1
1520	1
1521	5
1522	0
1523	5
1524	1
1525	5
1526	1
1527	0
1528	0
1529	3
1530	2
1531	0
1532	4
1533	2
1534	0
1535	3
1536	0
1537	2
1538	2
1539	1
1540	0
1541	0
1542	0
1543	3
1544	1
1545	0
1546	0
1547	2
1548	0
1549	2
1550	0
1551	0
1552	1
1553	2
1554	0
1555	0
1556	1
1557	0
1558	1
1559	2
1560	1
1561	0
1562	0
1563	0
1564	0
1565	0
1566	1
1567	1
1568	1
1569	1
1570	0
1571	0
1572	0
1573	0
1574	1
1575	0
1576	0
1577	0
1578	1
1579	0
1580	0
1581	0
1582	0
1583	0
1584	0
1585	0
1586	0
1587	0
1588	0
1589	0
1590	0
1591	0
1592	0
1593	0
1594	0
1595	0
1596	0
1597	0
1598	0
1599	0
1600	1
1601	0
1602	0
1603	0
1604	0
1605	0
1606	0
1607	0
1608	0
1609	0
1610	0
1611	0
1612	0
1613	0
1614	0
1615	0
1616	0
1617	0
1618	0
1619	0
1620	0
1621	0
1622	0
1623	0
1624	0
1625	0
1626	0
1627	0
1628	0
1629	0
1630	0
1631	0
1632	0
1633	0
1634	0
1635	0
1636	0
1637	0
1638	0
1639	0
1640	0
1641	0
1642	0
1643	0
1644	0
1645	0
1646	0
1647	0
1648	0
1649	0
1650	0
1651	0
1652	0
1653	0
1654	0
1655	0
1656	0
1657	0
1658	0
1659	0
1660	0
1661	0
1662	0
1663	0
1664	0
1665	0
1666	0
1667	0
1668	0
1669	0
1670	0
1671	0
1672	0
1673	0
1674	0
1675	0
1676	0
1677	0
1678	0
1679	0
1680	0
1681	0
1682	0
1683	0
1684	0
1685	0
1686	0
1687	0
1688	0
1689	0
1690	0
1691	0
1692	0
1693	0
1694	0
1695	0
1696	0
1697	0
1698	0
1699	1
1700	0
1701	0
1702	0
1703	0
1704	0
1705	0
1706	0
1707	0
1708	0
1709	0
1710	0
1711	0
1712	0
1713	0
1714	0
1715	0
1716	0
1717	0
1718	0
1719	0
1720	0
1721	0
1722	0
1723	0
1724	0
1725	0
1726	0
1727	0
1728	0
1729	1
1730	0
1731	0
1732	0
1733	0
1734	0
1735	0
1736	0
1737	0
1738	0
1739	0
1740	0
1741	0
1742	0
1743	0
1744	0
1745	0
1746	0
1747	0
1748	0
1749	0
1750	0
1751	0
1752	0
1753	0
1754	0
1755	0
1756	0
1757	0
1758	0
1759	0
1760	0
1761	0
1762	0
1763	0
1764	0
1765	0
1766	0
1767	0
1768	0
1769	0
1770	0
1771	0
1772	0
1773	0
1774	0
1775	0
1776	0
1777	1
1778	0
1779	0
1780	0
1781	0
1782	0
1783	0
1784	0
1785	0
1786	0
1787	0
1788	0
1789	0
1790	0
1791	0
1792	0
1793	0
1794	0
1795	0
1796	0
1797	1
1798	0
1799	0
1800	0
1801	0
1802	0
1803	0
1804	0
1805	0
1806	0
1807	0
1808	0
1809	0
1810	0
1811	0
1812	0
1813	0
1814	0
1815	1
1816	0
1817	0
1818	0
1819	0
1820	0
1821	0
1822	0
1823	0
1824	1
1825	0
1826	0
1827	0
1828	0
1829	0
1830	0
1831	0
1832	0
1833	0
1834	0
1835	0
1836	0
1837	0
1838	0
1839	0
1840	0
1841	0
1842	0
1843	0
1844	0
1845	0
1846	1
1847	0
1848	1
1849	0
1850	1
1851	0
1852	0
1853	0
1854	0
1855	1
1856	1
1857	0
1858	1
1859	0
1860	0
1861	0
1862	0
1863	0
1864	0
1865	0
1866	1
1867	1
1868	0
1869	0
1870	0
1871	1
1872	0
1873	0
1874	0
1875	0
1876	0
1877	0
1878	0
1879	0
1880	0
1881	0
1882	0
1883	0
1884	0
1885	0
1886	0
1887	0
1888	0
1889	0
1890	0
1891	0
1892	0
1893	0
1894	0
1895	0
1896	0
1897	0
1898	0
1899	0
1900	0
1901	0
1902	0
1903	0
1904	0
1905	0
1906	0
1907	0
1908	0
1909	0
1910	0
1911	0
1912	0
1913	0
1914	0
1915	0
1916	0
1917	0
1918	0
1919	0
1920	0
1921	0
1922	0
1923	0
1924	0
1925	0
1926	0
1927	0
1928	0
1929	0
1930	0
1931	0
1932	0
1933	0
1934	0
1935	0
1936	0
1937	0
1938	0
1939	0
1940	0
1941	0
1942	0
1943	0
1944	0
1945	0
1946	0
1947	0
1948	0
1949	0
1950	0
1951	0
1952	0
1953	0
1954	0
1955	0
1956	0
1957	0
1958	0
1959	0
1960	0
1961	0
1962	0
1963	0
1964	0
1965	0
1966	0
1967	0
1968	0
1969	0
1970	0
1971	0
1972	0
1973	0
1974	0
1975	0
1976	0
1977	0
1978	0
1979	0
1980	0
1981	0
1982	0
1983	0
1984	0
1985	0
1986	0
1987	0
1988	0
1989	0
1990	0
1991	0
1992	0
1993	0
1994	0
1995	0
1996	0
1997	0
1998	0
1999	0
2000	0
2001	0
2002	0
2003	0
2004	0
2005	0
2006	0
2007	0
2008	0
2009	0
2010	0
2011	0
2012	0
2013	0
2014	0
2015	0
2016	0
2017	0
2018	0
2019	0
2020	0
2021	0
2022	0
2023	0
2024	0
2025	0
2026	0
2027	0
2028	0
2029	0
2030	0
2031	0
2032	0
2033	0
2034	0
2035	0
2036	0
2037	0
2038	0
2039	0
2040	0
2041	0
2042	0
2043	0
2044	0
2045	0
2046	0
2047	0
