SPEC_ID:	'No sample description was entered.'
SPEC_REM:	'DET# 1'
DATE_MEA:	'09/21/2017 10:37:27'
MEAS_TIM:	'120 120'
DATA:	'0 2047'
ROI:	'0'
PRESETS:	'Live Time'
ENER_FIT:	'0.000000 0.002526'
MCA_CAL:	'3'
SHAPE_CAL:	'3'

Channel	Counts
0	0
1	0
2	0
3	0
4	0
5	0
6	0
7	0
8	0
9	0
10	0
11	0
12	0
13	0
14	0
15	0
16	0
17	0
18	0
19	0
20	0
21	0
22	0
23	0
24	0
25	0
26	0
27	0
28	0
29	0
30	0
31	0
32	0
33	0
34	0
35	0
36	0
37	0
38	0
39	0
40	0
41	0
42	0
43	0
44	0
45	0
46	0
47	0
48	0
49	0
50	0
51	0
52	0
53	0
54	0
55	0
56	0
57	0
58	0
59	0
60	0
61	0
62	0
63	0
64	0
65	0
66	0
67	0
68	0
69	0
70	0
71	0
72	0
73	0
74	0
75	0
76	0
77	0
78	0
79	0
80	0
81	0
82	0
83	0
84	0
85	0
86	0
87	0
88	0
89	0
90	0
91	0
92	0
93	0
94	0
95	0
96	0
97	0
98	0
99	0
100	0
101	0
102	0
103	0
104	0
105	0
106	0
107	0
108	0
109	0
110	0
111	0
112	0
113	0
114	0
115	0
116	0
117	0
118	0
119	0
120	0
121	0
122	0
123	0
124	0
125	0
126	0
127	0
128	0
129	0
130	0
131	0
132	0
133	0
134	0
135	0
136	0
137	0
138	0
139	0
140	0
141	0
142	0
143	0
144	0
145	0
146	0
147	0
148	0
149	0
150	0
151	0
152	0
153	0
154	0
155	0
156	0
157	0
158	0
159	0
160	0
161	0
162	0
163	0
164	0
165	0
166	0
167	0
168	0
169	0
170	0
171	0
172	0
173	0
174	0
175	0
176	0
177	0
178	0
179	0
180	0
181	0
182	0
183	0
184	0
185	0
186	0
187	0
188	0
189	0
190	0
191	0
192	0
193	0
194	0
195	0
196	0
197	0
198	3
199	1
200	1
201	1
202	1
203	1
204	0
205	1
206	2
207	1
208	3
209	3
210	2
211	4
212	2
213	1
214	3
215	3
216	2
217	0
218	2
219	1
220	2
221	0
222	1
223	1
224	2
225	2
226	2
227	0
228	2
229	0
230	2
231	0
232	2
233	1
234	3
235	0
236	1
237	1
238	2
239	1
240	0
241	0
242	1
243	0
244	1
245	3
246	0
247	3
248	1
249	3
250	2
251	3
252	3
253	1
254	2
255	1
256	0
257	1
258	2
259	3
260	1
261	3
262	0
263	1
264	2
265	2
266	3
267	2
268	1
269	4
270	3
271	0
272	1
273	1
274	1
275	1
276	1
277	1
278	2
279	1
280	0
281	4
282	1
283	2
284	0
285	1
286	3
287	3
288	0
289	3
290	0
291	2
292	1
293	1
294	1
295	4
296	0
297	2
298	2
299	0
300	1
301	0
302	2
303	2
304	1
305	0
306	4
307	1
308	3
309	3
310	5
311	0
312	1
313	2
314	3
315	3
316	1
317	3
318	1
319	1
320	2
321	2
322	0
323	3
324	3
325	3
326	0
327	2
328	1
329	3
330	1
331	1
332	1
333	0
334	3
335	4
336	4
337	1
338	1
339	1
340	3
341	2
342	0
343	2
344	4
345	2
346	1
347	2
348	1
349	1
350	1
351	6
352	0
353	0
354	3
355	3
356	1
357	1
358	2
359	3
360	1
361	2
362	0
363	3
364	2
365	2
366	6
367	0
368	2
369	0
370	0
371	2
372	1
373	2
374	2
375	0
376	1
377	0
378	1
379	1
380	3
381	1
382	2
383	4
384	3
385	4
386	2
387	1
388	2
389	2
390	2
391	2
392	0
393	1
394	2
395	1
396	5
397	2
398	2
399	2
400	2
401	2
402	2
403	1
404	3
405	0
406	1
407	3
408	2
409	5
410	3
411	3
412	2
413	5
414	1
415	1
416	4
417	2
418	2
419	1
420	3
421	4
422	3
423	3
424	1
425	0
426	2
427	1
428	6
429	4
430	1
431	6
432	3
433	0
434	3
435	4
436	4
437	2
438	4
439	5
440	4
441	4
442	1
443	1
444	3
445	3
446	2
447	4
448	2
449	2
450	2
451	2
452	4
453	1
454	2
455	4
456	1
457	5
458	0
459	4
460	3
461	2
462	1
463	1
464	2
465	4
466	2
467	2
468	6
469	2
470	7
471	1
472	7
473	5
474	4
475	5
476	2
477	5
478	5
479	2
480	6
481	5
482	2
483	4
484	3
485	1
486	4
487	2
488	4
489	3
490	1
491	2
492	6
493	2
494	0
495	3
496	5
497	2
498	2
499	0
500	3
501	1
502	2
503	3
504	1
505	2
506	5
507	3
508	4
509	1
510	6
511	4
512	7
513	3
514	5
515	5
516	5
517	2
518	1
519	0
520	2
521	3
522	3
523	3
524	1
525	4
526	4
527	5
528	2
529	6
530	3
531	1
532	2
533	1
534	2
535	4
536	2
537	4
538	4
539	3
540	4
541	2
542	3
543	2
544	1
545	2
546	2
547	6
548	1
549	4
550	3
551	1
552	4
553	2
554	1
555	4
556	2
557	2
558	0
559	4
560	7
561	3
562	3
563	8
564	5
565	3
566	6
567	3
568	7
569	1
570	2
571	4
572	4
573	4
574	5
575	2
576	4
577	4
578	4
579	4
580	1
581	3
582	2
583	3
584	3
585	6
586	3
587	3
588	2
589	4
590	2
591	4
592	9
593	6
594	4
595	0
596	1
597	2
598	4
599	5
600	4
601	6
602	4
603	1
604	7
605	5
606	6
607	8
608	5
609	7
610	3
611	5
612	4
613	7
614	6
615	8
616	3
617	4
618	9
619	8
620	7
621	8
622	5
623	7
624	4
625	4
626	9
627	7
628	8
629	13
630	12
631	10
632	5
633	17
634	10
635	6
636	11
637	12
638	8
639	6
640	13
641	13
642	12
643	7
644	14
645	12
646	10
647	14
648	12
649	11
650	12
651	12
652	11
653	16
654	13
655	9
656	13
657	11
658	14
659	14
660	16
661	18
662	17
663	13
664	14
665	11
666	13
667	21
668	19
669	20
670	13
671	15
672	23
673	20
674	23
675	16
676	30
677	15
678	29
679	19
680	19
681	34
682	17
683	20
684	18
685	29
686	22
687	32
688	34
689	29
690	31
691	26
692	34
693	34
694	33
695	33
696	40
697	43
698	32
699	32
700	27
701	36
702	33
703	39
704	25
705	40
706	40
707	40
708	41
709	34
710	32
711	46
712	55
713	60
714	51
715	53
716	46
717	51
718	42
719	54
720	57
721	45
722	54
723	69
724	76
725	57
726	63
727	72
728	74
729	71
730	64
731	65
732	76
733	74
734	68
735	62
736	66
737	66
738	77
739	72
740	66
741	73
742	63
743	82
744	80
745	82
746	89
747	104
748	84
749	92
750	86
751	104
752	88
753	98
754	92
755	101
756	97
757	94
758	108
759	93
760	95
761	101
762	109
763	116
764	107
765	105
766	113
767	122
768	113
769	115
770	133
771	127
772	132
773	115
774	129
775	155
776	136
777	117
778	138
779	144
780	122
781	128
782	135
783	147
784	149
785	179
786	152
787	152
788	138
789	166
790	148
791	151
792	157
793	177
794	145
795	154
796	175
797	181
798	194
799	179
800	167
801	179
802	169
803	171
804	181
805	186
806	208
807	164
808	189
809	171
810	197
811	190
812	204
813	186
814	184
815	205
816	182
817	181
818	204
819	204
820	211
821	178
822	215
823	178
824	203
825	193
826	209
827	201
828	220
829	220
830	221
831	219
832	210
833	204
834	221
835	217
836	222
837	220
838	221
839	223
840	206
841	205
842	209
843	208
844	213
845	212
846	217
847	246
848	201
849	198
850	230
851	204
852	234
853	207
854	220
855	202
856	204
857	197
858	215
859	217
860	202
861	212
862	238
863	173
864	215
865	204
866	229
867	225
868	212
869	202
870	214
871	194
872	186
873	212
874	207
875	211
876	196
877	192
878	197
879	199
880	185
881	175
882	147
883	205
884	184
885	183
886	208
887	173
888	176
889	197
890	193
891	190
892	200
893	183
894	183
895	197
896	180
897	166
898	171
899	171
900	157
901	162
902	182
903	183
904	152
905	160
906	150
907	161
908	156
909	155
910	145
911	142
912	168
913	141
914	145
915	157
916	127
917	129
918	120
919	122
920	138
921	124
922	129
923	104
924	126
925	104
926	124
927	115
928	110
929	110
930	107
931	109
932	103
933	98
934	98
935	108
936	104
937	114
938	100
939	88
940	98
941	98
942	89
943	103
944	72
945	67
946	73
947	85
948	74
949	88
950	71
951	65
952	59
953	62
954	71
955	68
956	82
957	56
958	60
959	64
960	52
961	68
962	44
963	64
964	50
965	59
966	55
967	42
968	55
969	48
970	54
971	47
972	48
973	44
974	42
975	40
976	46
977	32
978	43
979	41
980	40
981	30
982	29
983	41
984	25
985	32
986	34
987	35
988	20
989	33
990	20
991	34
992	21
993	27
994	25
995	21
996	25
997	23
998	16
999	17
1000	15
1001	18
1002	19
1003	22
1004	25
1005	17
1006	20
1007	14
1008	17
1009	16
1010	5
1011	13
1012	10
1013	18
1014	11
1015	15
1016	11
1017	8
1018	7
1019	8
1020	13
1021	16
1022	7
1023	9
1024	10
1025	6
1026	6
1027	7
1028	4
1029	3
1030	9
1031	8
1032	6
1033	5
1034	5
1035	7
1036	4
1037	6
1038	3
1039	6
1040	6
1041	7
1042	4
1043	4
1044	2
1045	7
1046	5
1047	2
1048	3
1049	3
1050	3
1051	2
1052	0
1053	3
1054	2
1055	1
1056	1
1057	6
1058	4
1059	3
1060	5
1061	0
1062	2
1063	1
1064	1
1065	3
1066	1
1067	1
1068	2
1069	1
1070	0
1071	1
1072	2
1073	1
1074	1
1075	0
1076	1
1077	2
1078	3
1079	2
1080	0
1081	0
1082	1
1083	1
1084	0
1085	2
1086	1
1087	1
1088	2
1089	0
1090	2
1091	0
1092	0
1093	0
1094	1
1095	0
1096	0
1097	0
1098	0
1099	0
1100	0
1101	2
1102	0
1103	0
1104	0
1105	0
1106	1
1107	0
1108	0
1109	1
1110	2
1111	0
1112	0
1113	0
1114	1
1115	1
1116	0
1117	0
1118	0
1119	0
1120	0
1121	0
1122	1
1123	0
1124	0
1125	0
1126	0
1127	0
1128	1
1129	0
1130	0
1131	0
1132	0
1133	0
1134	0
1135	0
1136	0
1137	0
1138	0
1139	0
1140	0
1141	0
1142	0
1143	0
1144	0
1145	0
1146	0
1147	0
1148	1
1149	0
1150	0
1151	0
1152	0
1153	0
1154	0
1155	0
1156	0
1157	0
1158	0
1159	0
1160	0
1161	0
1162	0
1163	0
1164	0
1165	0
1166	0
1167	1
1168	0
1169	0
1170	0
1171	0
1172	0
1173	0
1174	0
1175	0
1176	0
1177	0
1178	0
1179	0
1180	0
1181	0
1182	0
1183	0
1184	0
1185	0
1186	0
1187	0
1188	0
1189	0
1190	0
1191	0
1192	0
1193	0
1194	1
1195	0
1196	0
1197	1
1198	0
1199	0
1200	0
1201	0
1202	0
1203	0
1204	0
1205	0
1206	0
1207	0
1208	0
1209	0
1210	0
1211	1
1212	0
1213	0
1214	0
1215	0
1216	0
1217	0
1218	0
1219	0
1220	0
1221	0
1222	0
1223	0
1224	0
1225	0
1226	0
1227	0
1228	0
1229	0
1230	1
1231	0
1232	0
1233	1
1234	0
1235	0
1236	0
1237	0
1238	0
1239	0
1240	0
1241	0
1242	0
1243	0
1244	0
1245	0
1246	0
1247	0
1248	0
1249	0
1250	0
1251	0
1252	0
1253	0
1254	0
1255	0
1256	0
1257	0
1258	0
1259	0
1260	0
1261	0
1262	0
1263	0
1264	0
1265	0
1266	0
1267	0
1268	0
1269	0
1270	0
1271	0
1272	0
1273	0
1274	0
1275	0
1276	0
1277	0
1278	0
1279	0
1280	0
1281	0
1282	0
1283	0
1284	0
1285	0
1286	0
1287	0
1288	0
1289	0
1290	0
1291	0
1292	0
1293	0
1294	0
1295	0
1296	0
1297	0
1298	1
1299	0
1300	0
1301	0
1302	0
1303	0
1304	0
1305	0
1306	0
1307	0
1308	0
1309	0
1310	0
1311	0
1312	0
1313	0
1314	0
1315	0
1316	0
1317	0
1318	0
1319	0
1320	0
1321	0
1322	0
1323	0
1324	0
1325	0
1326	0
1327	0
1328	0
1329	0
1330	0
1331	0
1332	0
1333	0
1334	0
1335	0
1336	0
1337	0
1338	0
1339	0
1340	0
1341	0
1342	0
1343	0
1344	0
1345	0
1346	0
1347	0
1348	1
1349	0
1350	0
1351	0
1352	0
1353	0
1354	0
1355	0
1356	0
1357	0
1358	0
1359	0
1360	0
1361	0
1362	0
1363	0
1364	0
1365	0
1366	0
1367	0
1368	0
1369	0
1370	0
1371	1
1372	0
1373	0
1374	0
1375	0
1376	0
1377	0
1378	0
1379	0
1380	0
1381	0
1382	0
1383	0
1384	0
1385	0
1386	0
1387	0
1388	0
1389	0
1390	0
1391	0
1392	0
1393	0
1394	0
1395	0
1396	0
1397	0
1398	0
1399	0
1400	0
1401	0
1402	0
1403	0
1404	0
1405	0
1406	0
1407	0
1408	0
1409	0
1410	0
1411	0
1412	0
1413	0
1414	1
1415	0
1416	0
1417	0
1418	0
1419	0
1420	0
1421	0
1422	0
1423	0
1424	0
1425	0
1426	0
1427	0
1428	0
1429	0
1430	0
1431	0
1432	0
1433	0
1434	0
1435	0
1436	0
1437	0
1438	1
1439	0
1440	0
1441	0
1442	0
1443	0
1444	0
1445	0
1446	0
1447	0
1448	0
1449	0
1450	0
1451	0
1452	0
1453	0
1454	0
1455	0
1456	0
1457	0
1458	0
1459	0
1460	0
1461	0
1462	0
1463	0
1464	0
1465	0
1466	0
1467	0
1468	0
1469	0
1470	0
1471	0
1472	0
1473	1
1474	0
1475	0
1476	0
1477	0
1478	0
1479	0
1480	0
1481	0
1482	0
1483	0
1484	0
1485	0
1486	0
1487	1
1488	0
1489	0
1490	0
1491	0
1492	0
1493	0
1494	0
1495	0
1496	0
1497	0
1498	0
1499	0
1500	0
1501	0
1502	0
1503	1
1504	0
1505	0
1506	0
1507	0
1508	0
1509	0
1510	0
1511	0
1512	0
1513	0
1514	0
1515	0
1516	0
1517	0
1518	0
1519	0
1520	0
1521	0
1522	0
1523	0
1524	0
1525	0
1526	0
1527	0
1528	0
1529	0
1530	0
1531	0
1532	0
1533	0
1534	0
1535	0
1536	0
1537	0
1538	0
1539	0
1540	0
1541	0
1542	0
1543	0
1544	0
1545	0
1546	1
1547	0
1548	0
1549	0
1550	0
1551	0
1552	0
1553	0
1554	0
1555	0
1556	0
1557	0
1558	0
1559	0
1560	1
1561	0
1562	0
1563	1
1564	0
1565	0
1566	0
1567	0
1568	0
1569	0
1570	0
1571	0
1572	0
1573	0
1574	0
1575	0
1576	0
1577	0
1578	0
1579	0
1580	0
1581	0
1582	0
1583	0
1584	0
1585	1
1586	0
1587	0
1588	0
1589	0
1590	0
1591	0
1592	0
1593	0
1594	0
1595	0
1596	0
1597	0
1598	0
1599	0
1600	0
1601	0
1602	0
1603	0
1604	0
1605	1
1606	0
1607	0
1608	0
1609	0
1610	0
1611	0
1612	0
1613	0
1614	0
1615	0
1616	0
1617	0
1618	0
1619	0
1620	0
1621	0
1622	0
1623	0
1624	0
1625	0
1626	0
1627	0
1628	0
1629	0
1630	0
1631	0
1632	0
1633	1
1634	0
1635	0
1636	0
1637	0
1638	0
1639	0
1640	0
1641	0
1642	0
1643	0
1644	0
1645	0
1646	0
1647	0
1648	0
1649	0
1650	0
1651	0
1652	0
1653	0
1654	0
1655	0
1656	0
1657	0
1658	0
1659	0
1660	0
1661	0
1662	0
1663	0
1664	0
1665	0
1666	0
1667	0
1668	0
1669	0
1670	0
1671	0
1672	0
1673	0
1674	0
1675	0
1676	0
1677	0
1678	0
1679	0
1680	0
1681	0
1682	0
1683	0
1684	0
1685	0
1686	0
1687	0
1688	0
1689	0
1690	0
1691	0
1692	0
1693	0
1694	0
1695	0
1696	0
1697	0
1698	0
1699	0
1700	0
1701	0
1702	0
1703	0
1704	0
1705	0
1706	0
1707	0
1708	0
1709	0
1710	0
1711	0
1712	0
1713	0
1714	0
1715	0
1716	0
1717	0
1718	0
1719	0
1720	0
1721	0
1722	0
1723	0
1724	0
1725	0
1726	0
1727	0
1728	0
1729	0
1730	0
1731	0
1732	0
1733	0
1734	0
1735	0
1736	0
1737	0
1738	1
1739	0
1740	0
1741	0
1742	0
1743	0
1744	0
1745	1
1746	0
1747	0
1748	0
1749	0
1750	0
1751	0
1752	0
1753	0
1754	0
1755	0
1756	0
1757	0
1758	0
1759	0
1760	0
1761	0
1762	0
1763	0
1764	0
1765	0
1766	0
1767	0
1768	0
1769	0
1770	0
1771	0
1772	0
1773	0
1774	0
1775	0
1776	0
1777	0
1778	0
1779	0
1780	0
1781	0
1782	0
1783	0
1784	0
1785	0
1786	0
1787	0
1788	0
1789	0
1790	0
1791	0
1792	0
1793	0
1794	0
1795	0
1796	0
1797	0
1798	0
1799	0
1800	0
1801	0
1802	0
1803	0
1804	0
1805	0
1806	0
1807	0
1808	0
1809	0
1810	0
1811	0
1812	0
1813	0
1814	0
1815	0
1816	0
1817	0
1818	0
1819	0
1820	0
1821	0
1822	0
1823	0
1824	0
1825	0
1826	0
1827	0
1828	0
1829	0
1830	0
1831	0
1832	0
1833	0
1834	0
1835	0
1836	0
1837	0
1838	0
1839	0
1840	0
1841	0
1842	0
1843	0
1844	0
1845	0
1846	0
1847	0
1848	0
1849	0
1850	1
1851	0
1852	0
1853	0
1854	0
1855	0
1856	1
1857	0
1858	0
1859	0
1860	0
1861	0
1862	0
1863	0
1864	0
1865	0
1866	0
1867	0
1868	0
1869	0
1870	0
1871	0
1872	0
1873	0
1874	0
1875	0
1876	0
1877	0
1878	0
1879	0
1880	0
1881	0
1882	0
1883	0
1884	0
1885	0
1886	0
1887	0
1888	0
1889	0
1890	0
1891	0
1892	0
1893	0
1894	0
1895	0
1896	0
1897	0
1898	0
1899	0
1900	0
1901	0
1902	0
1903	0
1904	0
1905	0
1906	0
1907	0
1908	0
1909	0
1910	0
1911	0
1912	0
1913	0
1914	0
1915	0
1916	0
1917	0
1918	0
1919	0
1920	0
1921	0
1922	0
1923	0
1924	0
1925	0
1926	0
1927	0
1928	0
1929	0
1930	0
1931	0
1932	0
1933	0
1934	0
1935	0
1936	0
1937	0
1938	0
1939	0
1940	0
1941	0
1942	0
1943	0
1944	0
1945	0
1946	0
1947	0
1948	0
1949	0
1950	0
1951	0
1952	0
1953	0
1954	0
1955	0
1956	0
1957	0
1958	0
1959	0
1960	0
1961	0
1962	0
1963	0
1964	0
1965	0
1966	0
1967	0
1968	0
1969	0
1970	0
1971	0
1972	0
1973	0
1974	0
1975	0
1976	0
1977	0
1978	0
1979	0
1980	0
1981	0
1982	0
1983	0
1984	0
1985	0
1986	0
1987	0
1988	0
1989	0
1990	0
1991	0
1992	0
1993	0
1994	0
1995	0
1996	0
1997	0
1998	0
1999	0
2000	0
2001	0
2002	0
2003	0
2004	0
2005	0
2006	0
2007	0
2008	0
2009	0
2010	0
2011	0
2012	0
2013	0
2014	0
2015	0
2016	0
2017	0
2018	0
2019	0
2020	0
2021	0
2022	0
2023	0
2024	0
2025	0
2026	0
2027	0
2028	0
2029	0
2030	0
2031	0
2032	0
2033	0
2034	0
2035	0
2036	0
2037	0
2038	0
2039	0
2040	0
2041	0
2042	0
2043	0
2044	0
2045	0
2046	0
2047	0
