SPEC_ID:	'No sample description was entered.'
SPEC_REM:	'DET# 1'
DATE_MEA:	'09/21/2017 10:35:26'
MEAS_TIM:	'120 120'
DATA:	'0 2047'
ROI:	'0'
PRESETS:	'Live Time'
ENER_FIT:	'0.000000 0.002526'
MCA_CAL:	'3'
SHAPE_CAL:	'3'

Channel	Counts
0	0
1	0
2	0
3	0
4	0
5	0
6	0
7	0
8	0
9	0
10	0
11	0
12	0
13	0
14	0
15	0
16	0
17	0
18	0
19	0
20	0
21	0
22	0
23	0
24	0
25	0
26	0
27	0
28	0
29	0
30	0
31	0
32	0
33	0
34	0
35	0
36	0
37	0
38	0
39	0
40	0
41	0
42	0
43	0
44	0
45	0
46	0
47	0
48	0
49	0
50	0
51	0
52	0
53	0
54	0
55	0
56	0
57	0
58	0
59	0
60	0
61	0
62	0
63	0
64	0
65	0
66	0
67	0
68	0
69	0
70	0
71	0
72	0
73	0
74	0
75	0
76	0
77	0
78	0
79	0
80	0
81	0
82	0
83	0
84	0
85	0
86	0
87	0
88	0
89	0
90	0
91	0
92	0
93	0
94	0
95	0
96	0
97	0
98	0
99	0
100	0
101	0
102	0
103	0
104	0
105	0
106	0
107	0
108	0
109	0
110	0
111	0
112	0
113	0
114	0
115	0
116	0
117	0
118	0
119	0
120	0
121	0
122	0
123	0
124	0
125	0
126	0
127	0
128	0
129	0
130	0
131	0
132	0
133	0
134	0
135	0
136	0
137	0
138	0
139	0
140	0
141	0
142	0
143	0
144	0
145	0
146	0
147	0
148	0
149	0
150	0
151	0
152	0
153	0
154	0
155	0
156	0
157	0
158	0
159	0
160	0
161	0
162	0
163	0
164	0
165	0
166	0
167	0
168	0
169	0
170	0
171	0
172	0
173	0
174	0
175	0
176	0
177	0
178	0
179	0
180	0
181	0
182	0
183	0
184	0
185	0
186	0
187	0
188	0
189	0
190	0
191	0
192	0
193	0
194	2
195	10
196	24
197	100
198	328
199	362
200	379
201	399
202	412
203	388
204	387
205	404
206	416
207	437
208	431
209	495
210	421
211	421
212	460
213	449
214	443
215	420
216	459
217	440
218	420
219	437
220	496
221	447
222	501
223	467
224	463
225	432
226	455
227	449
228	455
229	493
230	500
231	460
232	520
233	463
234	439
235	476
236	459
237	463
238	496
239	420
240	429
241	422
242	487
243	434
244	413
245	475
246	401
247	426
248	383
249	394
250	382
251	393
252	420
253	375
254	405
255	383
256	395
257	337
258	355
259	356
260	296
261	386
262	325
263	330
264	334
265	337
266	310
267	288
268	307
269	264
270	239
271	259
272	263
273	279
274	276
275	258
276	260
277	238
278	252
279	224
280	225
281	256
282	219
283	215
284	186
285	212
286	240
287	185
288	215
289	212
290	173
291	223
292	196
293	168
294	210
295	179
296	187
297	190
298	183
299	183
300	187
301	189
302	198
303	153
304	165
305	136
306	168
307	165
308	172
309	168
310	137
311	154
312	161
313	174
314	145
315	185
316	144
317	143
318	156
319	144
320	158
321	126
322	149
323	133
324	142
325	144
326	122
327	134
328	128
329	113
330	119
331	132
332	133
333	101
334	125
335	124
336	113
337	111
338	107
339	113
340	110
341	100
342	90
343	90
344	93
345	112
346	102
347	93
348	98
349	95
350	81
351	83
352	91
353	84
354	73
355	74
356	67
357	68
358	56
359	55
360	81
361	81
362	63
363	50
364	50
365	64
366	45
367	47
368	55
369	58
370	44
371	43
372	27
373	38
374	41
375	43
376	37
377	29
378	30
379	30
380	38
381	27
382	25
383	29
384	15
385	15
386	17
387	20
388	16
389	16
390	23
391	21
392	14
393	15
394	19
395	22
396	11
397	15
398	9
399	8
400	7
401	16
402	4
403	10
404	11
405	5
406	6
407	6
408	3
409	5
410	5
411	9
412	4
413	5
414	6
415	2
416	9
417	5
418	5
419	4
420	2
421	2
422	7
423	5
424	2
425	2
426	3
427	1
428	3
429	3
430	2
431	3
432	4
433	2
434	2
435	5
436	2
437	4
438	3
439	3
440	2
441	5
442	3
443	3
444	3
445	3
446	3
447	3
448	2
449	2
450	1
451	2
452	1
453	1
454	5
455	0
456	1
457	4
458	4
459	5
460	2
461	1
462	5
463	4
464	4
465	10
466	2
467	7
468	5
469	1
470	3
471	0
472	3
473	1
474	3
475	2
476	2
477	5
478	0
479	4
480	3
481	3
482	3
483	4
484	6
485	2
486	6
487	4
488	1
489	2
490	6
491	5
492	5
493	4
494	3
495	1
496	2
497	4
498	2
499	4
500	5
501	2
502	1
503	4
504	1
505	1
506	1
507	1
508	2
509	2
510	3
511	0
512	4
513	2
514	0
515	5
516	1
517	4
518	2
519	3
520	3
521	5
522	3
523	2
524	1
525	8
526	3
527	3
528	3
529	3
530	4
531	4
532	3
533	4
534	4
535	3
536	5
537	3
538	3
539	6
540	3
541	1
542	8
543	3
544	2
545	9
546	6
547	3
548	2
549	3
550	4
551	2
552	4
553	1
554	1
555	7
556	2
557	2
558	4
559	1
560	4
561	2
562	1
563	5
564	2
565	6
566	3
567	3
568	7
569	2
570	4
571	1
572	4
573	4
574	6
575	5
576	5
577	1
578	1
579	4
580	3
581	3
582	6
583	4
584	5
585	8
586	7
587	3
588	4
589	7
590	3
591	4
592	6
593	7
594	5
595	4
596	6
597	3
598	8
599	7
600	5
601	7
602	5
603	6
604	10
605	9
606	7
607	5
608	6
609	7
610	5
611	8
612	6
613	4
614	10
615	5
616	3
617	8
618	8
619	6
620	8
621	6
622	5
623	4
624	8
625	7
626	9
627	8
628	7
629	9
630	9
631	7
632	11
633	11
634	12
635	9
636	12
637	10
638	15
639	15
640	5
641	12
642	8
643	14
644	16
645	11
646	19
647	10
648	13
649	9
650	5
651	14
652	7
653	16
654	16
655	15
656	12
657	11
658	18
659	27
660	20
661	14
662	19
663	16
664	20
665	18
666	20
667	20
668	21
669	17
670	21
671	24
672	15
673	22
674	21
675	19
676	29
677	28
678	20
679	23
680	28
681	21
682	23
683	21
684	16
685	20
686	21
687	33
688	33
689	34
690	29
691	26
692	42
693	33
694	32
695	30
696	27
697	39
698	38
699	34
700	33
701	31
702	37
703	34
704	36
705	51
706	34
707	61
708	33
709	44
710	48
711	52
712	43
713	49
714	49
715	56
716	41
717	41
718	45
719	44
720	50
721	59
722	61
723	50
724	70
725	63
726	57
727	64
728	60
729	65
730	57
731	65
732	62
733	66
734	66
735	82
736	73
737	73
738	74
739	86
740	93
741	84
742	89
743	76
744	110
745	82
746	88
747	85
748	94
749	73
750	99
751	91
752	113
753	107
754	87
755	113
756	111
757	101
758	104
759	101
760	118
761	105
762	120
763	102
764	132
765	125
766	115
767	128
768	104
769	115
770	125
771	126
772	115
773	132
774	127
775	121
776	128
777	132
778	117
779	155
780	154
781	143
782	134
783	141
784	150
785	160
786	140
787	142
788	138
789	153
790	168
791	156
792	166
793	141
794	153
795	174
796	167
797	144
798	164
799	191
800	165
801	168
802	163
803	179
804	197
805	166
806	143
807	186
808	155
809	167
810	197
811	192
812	181
813	193
814	198
815	184
816	205
817	170
818	160
819	183
820	197
821	198
822	205
823	204
824	183
825	201
826	220
827	217
828	225
829	193
830	196
831	188
832	217
833	215
834	211
835	215
836	181
837	206
838	220
839	212
840	192
841	194
842	204
843	204
844	215
845	204
846	217
847	203
848	209
849	211
850	223
851	212
852	221
853	210
854	226
855	238
856	166
857	212
858	196
859	182
860	230
861	233
862	212
863	210
864	214
865	197
866	233
867	191
868	223
869	219
870	191
871	205
872	184
873	214
874	193
875	193
876	175
877	209
878	182
879	223
880	170
881	168
882	190
883	187
884	184
885	190
886	195
887	176
888	188
889	194
890	156
891	173
892	174
893	172
894	185
895	186
896	169
897	141
898	161
899	137
900	159
901	169
902	158
903	162
904	153
905	160
906	146
907	155
908	163
909	142
910	122
911	154
912	136
913	144
914	143
915	136
916	126
917	138
918	127
919	137
920	127
921	131
922	132
923	120
924	124
925	109
926	110
927	103
928	119
929	102
930	105
931	115
932	96
933	103
934	97
935	94
936	104
937	84
938	77
939	98
940	97
941	85
942	76
943	78
944	96
945	83
946	81
947	93
948	81
949	67
950	73
951	76
952	73
953	73
954	68
955	65
956	72
957	63
958	75
959	58
960	45
961	61
962	60
963	67
964	37
965	66
966	44
967	65
968	49
969	46
970	58
971	52
972	53
973	45
974	43
975	42
976	40
977	45
978	42
979	36
980	49
981	39
982	29
983	41
984	25
985	38
986	29
987	32
988	24
989	28
990	30
991	32
992	36
993	19
994	30
995	28
996	24
997	23
998	25
999	19
1000	20
1001	25
1002	19
1003	9
1004	25
1005	15
1006	15
1007	8
1008	17
1009	19
1010	19
1011	15
1012	12
1013	13
1014	9
1015	14
1016	12
1017	22
1018	17
1019	11
1020	17
1021	12
1022	10
1023	13
1024	10
1025	6
1026	12
1027	10
1028	10
1029	13
1030	13
1031	7
1032	8
1033	4
1034	3
1035	5
1036	4
1037	7
1038	8
1039	7
1040	10
1041	7
1042	6
1043	3
1044	1
1045	9
1046	1
1047	9
1048	4
1049	7
1050	3
1051	4
1052	8
1053	3
1054	4
1055	3
1056	3
1057	3
1058	2
1059	2
1060	0
1061	0
1062	3
1063	2
1064	4
1065	2
1066	2
1067	2
1068	1
1069	2
1070	1
1071	3
1072	0
1073	2
1074	4
1075	1
1076	1
1077	1
1078	1
1079	1
1080	0
1081	2
1082	0
1083	0
1084	2
1085	1
1086	0
1087	1
1088	1
1089	0
1090	0
1091	0
1092	3
1093	2
1094	2
1095	0
1096	0
1097	2
1098	0
1099	1
1100	1
1101	0
1102	0
1103	1
1104	1
1105	2
1106	0
1107	1
1108	2
1109	0
1110	0
1111	0
1112	1
1113	0
1114	0
1115	0
1116	1
1117	0
1118	0
1119	0
1120	0
1121	1
1122	0
1123	1
1124	0
1125	0
1126	0
1127	0
1128	1
1129	0
1130	0
1131	0
1132	0
1133	0
1134	1
1135	0
1136	0
1137	0
1138	0
1139	0
1140	0
1141	1
1142	3
1143	1
1144	0
1145	0
1146	1
1147	1
1148	1
1149	0
1150	0
1151	0
1152	2
1153	0
1154	0
1155	1
1156	0
1157	0
1158	0
1159	0
1160	0
1161	0
1162	0
1163	1
1164	1
1165	0
1166	1
1167	0
1168	0
1169	1
1170	0
1171	0
1172	1
1173	0
1174	0
1175	0
1176	0
1177	0
1178	0
1179	0
1180	0
1181	0
1182	0
1183	0
1184	0
1185	0
1186	0
1187	0
1188	1
1189	0
1190	0
1191	1
1192	0
1193	0
1194	0
1195	0
1196	0
1197	0
1198	0
1199	0
1200	0
1201	0
1202	0
1203	0
1204	0
1205	0
1206	0
1207	1
1208	0
1209	0
1210	0
1211	0
1212	0
1213	0
1214	0
1215	0
1216	0
1217	1
1218	0
1219	0
1220	1
1221	0
1222	0
1223	0
1224	1
1225	0
1226	0
1227	0
1228	0
1229	0
1230	0
1231	0
1232	0
1233	0
1234	0
1235	0
1236	0
1237	0
1238	0
1239	0
1240	0
1241	0
1242	0
1243	0
1244	0
1245	1
1246	0
1247	0
1248	0
1249	0
1250	0
1251	0
1252	0
1253	0
1254	0
1255	0
1256	0
1257	0
1258	0
1259	0
1260	0
1261	0
1262	0
1263	0
1264	1
1265	0
1266	0
1267	0
1268	0
1269	0
1270	1
1271	0
1272	0
1273	0
1274	0
1275	0
1276	0
1277	0
1278	0
1279	0
1280	0
1281	0
1282	0
1283	0
1284	0
1285	0
1286	0
1287	0
1288	0
1289	0
1290	0
1291	0
1292	0
1293	0
1294	0
1295	0
1296	0
1297	0
1298	0
1299	0
1300	0
1301	0
1302	1
1303	0
1304	0
1305	0
1306	1
1307	0
1308	0
1309	0
1310	0
1311	0
1312	0
1313	0
1314	0
1315	0
1316	0
1317	0
1318	0
1319	0
1320	0
1321	0
1322	0
1323	0
1324	0
1325	0
1326	0
1327	0
1328	0
1329	0
1330	0
1331	1
1332	0
1333	0
1334	0
1335	1
1336	0
1337	0
1338	0
1339	1
1340	0
1341	0
1342	0
1343	0
1344	0
1345	0
1346	0
1347	0
1348	0
1349	0
1350	0
1351	0
1352	0
1353	0
1354	0
1355	0
1356	0
1357	0
1358	0
1359	0
1360	0
1361	0
1362	0
1363	0
1364	0
1365	0
1366	0
1367	0
1368	0
1369	0
1370	0
1371	0
1372	0
1373	0
1374	0
1375	0
1376	0
1377	0
1378	0
1379	0
1380	0
1381	0
1382	0
1383	0
1384	0
1385	0
1386	0
1387	0
1388	0
1389	0
1390	0
1391	0
1392	0
1393	0
1394	0
1395	0
1396	0
1397	0
1398	0
1399	0
1400	0
1401	0
1402	0
1403	0
1404	0
1405	0
1406	0
1407	0
1408	0
1409	0
1410	0
1411	0
1412	0
1413	0
1414	0
1415	0
1416	0
1417	0
1418	0
1419	0
1420	0
1421	0
1422	0
1423	0
1424	0
1425	0
1426	0
1427	0
1428	0
1429	0
1430	0
1431	0
1432	0
1433	0
1434	0
1435	0
1436	0
1437	0
1438	0
1439	0
1440	0
1441	0
1442	0
1443	0
1444	0
1445	0
1446	0
1447	0
1448	0
1449	0
1450	0
1451	0
1452	0
1453	0
1454	0
1455	0
1456	0
1457	0
1458	0
1459	0
1460	0
1461	0
1462	0
1463	0
1464	0
1465	0
1466	0
1467	0
1468	0
1469	0
1470	0
1471	0
1472	1
1473	0
1474	0
1475	0
1476	0
1477	0
1478	0
1479	0
1480	0
1481	0
1482	0
1483	0
1484	0
1485	1
1486	0
1487	0
1488	0
1489	0
1490	0
1491	0
1492	0
1493	0
1494	0
1495	0
1496	0
1497	0
1498	0
1499	0
1500	0
1501	0
1502	1
1503	0
1504	0
1505	0
1506	0
1507	0
1508	0
1509	0
1510	0
1511	0
1512	0
1513	0
1514	0
1515	0
1516	0
1517	0
1518	0
1519	0
1520	0
1521	0
1522	0
1523	0
1524	1
1525	0
1526	0
1527	0
1528	0
1529	0
1530	0
1531	0
1532	0
1533	0
1534	0
1535	0
1536	0
1537	0
1538	0
1539	0
1540	0
1541	0
1542	0
1543	0
1544	0
1545	0
1546	0
1547	0
1548	0
1549	0
1550	0
1551	0
1552	0
1553	0
1554	1
1555	0
1556	0
1557	0
1558	0
1559	0
1560	0
1561	0
1562	0
1563	0
1564	0
1565	0
1566	0
1567	0
1568	0
1569	0
1570	0
1571	0
1572	0
1573	0
1574	0
1575	0
1576	0
1577	0
1578	0
1579	0
1580	0
1581	0
1582	0
1583	0
1584	0
1585	0
1586	0
1587	1
1588	0
1589	0
1590	0
1591	0
1592	0
1593	0
1594	0
1595	0
1596	0
1597	0
1598	0
1599	0
1600	0
1601	0
1602	0
1603	0
1604	0
1605	0
1606	0
1607	0
1608	0
1609	0
1610	0
1611	0
1612	0
1613	0
1614	0
1615	0
1616	0
1617	0
1618	0
1619	0
1620	0
1621	0
1622	0
1623	0
1624	1
1625	0
1626	0
1627	0
1628	0
1629	0
1630	0
1631	0
1632	0
1633	0
1634	0
1635	0
1636	0
1637	0
1638	0
1639	0
1640	0
1641	0
1642	0
1643	0
1644	0
1645	0
1646	0
1647	0
1648	1
1649	0
1650	0
1651	1
1652	0
1653	0
1654	0
1655	0
1656	0
1657	0
1658	0
1659	0
1660	0
1661	0
1662	0
1663	0
1664	0
1665	0
1666	0
1667	0
1668	0
1669	0
1670	0
1671	0
1672	0
1673	0
1674	0
1675	0
1676	0
1677	0
1678	0
1679	0
1680	0
1681	0
1682	0
1683	0
1684	0
1685	0
1686	0
1687	0
1688	0
1689	0
1690	0
1691	0
1692	0
1693	0
1694	0
1695	0
1696	0
1697	0
1698	1
1699	0
1700	1
1701	0
1702	0
1703	0
1704	0
1705	0
1706	0
1707	0
1708	0
1709	0
1710	0
1711	0
1712	0
1713	0
1714	0
1715	0
1716	0
1717	0
1718	0
1719	1
1720	0
1721	0
1722	0
1723	0
1724	0
1725	0
1726	0
1727	0
1728	0
1729	0
1730	0
1731	0
1732	0
1733	0
1734	0
1735	0
1736	0
1737	0
1738	0
1739	0
1740	0
1741	0
1742	0
1743	0
1744	0
1745	0
1746	0
1747	0
1748	0
1749	0
1750	0
1751	0
1752	0
1753	0
1754	0
1755	0
1756	0
1757	0
1758	0
1759	0
1760	0
1761	0
1762	0
1763	0
1764	0
1765	0
1766	0
1767	0
1768	0
1769	0
1770	0
1771	0
1772	0
1773	0
1774	0
1775	0
1776	0
1777	0
1778	0
1779	0
1780	0
1781	0
1782	0
1783	0
1784	0
1785	0
1786	0
1787	0
1788	0
1789	0
1790	0
1791	0
1792	0
1793	0
1794	0
1795	0
1796	0
1797	0
1798	0
1799	0
1800	0
1801	0
1802	0
1803	0
1804	0
1805	0
1806	0
1807	0
1808	0
1809	0
1810	0
1811	0
1812	0
1813	0
1814	0
1815	0
1816	0
1817	0
1818	0
1819	0
1820	0
1821	0
1822	0
1823	0
1824	0
1825	0
1826	0
1827	0
1828	0
1829	0
1830	0
1831	0
1832	0
1833	0
1834	0
1835	0
1836	0
1837	0
1838	0
1839	0
1840	0
1841	0
1842	0
1843	0
1844	0
1845	0
1846	0
1847	0
1848	0
1849	0
1850	0
1851	0
1852	0
1853	0
1854	0
1855	0
1856	0
1857	0
1858	0
1859	0
1860	0
1861	0
1862	0
1863	0
1864	0
1865	0
1866	0
1867	0
1868	0
1869	0
1870	0
1871	0
1872	0
1873	0
1874	0
1875	0
1876	0
1877	0
1878	0
1879	0
1880	0
1881	0
1882	0
1883	0
1884	0
1885	0
1886	0
1887	0
1888	0
1889	0
1890	0
1891	0
1892	0
1893	0
1894	0
1895	0
1896	0
1897	0
1898	0
1899	0
1900	0
1901	0
1902	0
1903	0
1904	0
1905	0
1906	0
1907	0
1908	0
1909	0
1910	0
1911	0
1912	0
1913	0
1914	0
1915	0
1916	0
1917	0
1918	0
1919	0
1920	0
1921	0
1922	0
1923	0
1924	0
1925	0
1926	0
1927	0
1928	0
1929	0
1930	0
1931	0
1932	0
1933	0
1934	0
1935	0
1936	0
1937	0
1938	0
1939	0
1940	0
1941	0
1942	0
1943	0
1944	0
1945	0
1946	0
1947	0
1948	0
1949	0
1950	0
1951	0
1952	0
1953	0
1954	0
1955	0
1956	0
1957	0
1958	0
1959	0
1960	0
1961	0
1962	0
1963	0
1964	0
1965	0
1966	0
1967	0
1968	0
1969	0
1970	0
1971	0
1972	0
1973	0
1974	0
1975	0
1976	0
1977	0
1978	0
1979	0
1980	0
1981	0
1982	0
1983	0
1984	0
1985	0
1986	0
1987	0
1988	0
1989	0
1990	0
1991	0
1992	0
1993	0
1994	0
1995	0
1996	0
1997	0
1998	0
1999	0
2000	0
2001	0
2002	0
2003	0
2004	0
2005	0
2006	0
2007	0
2008	0
2009	0
2010	0
2011	0
2012	0
2013	0
2014	0
2015	0
2016	0
2017	0
2018	0
2019	0
2020	0
2021	0
2022	0
2023	0
2024	0
2025	0
2026	0
2027	0
2028	0
2029	0
2030	0
2031	0
2032	0
2033	0
2034	0
2035	0
2036	0
2037	0
2038	0
2039	0
2040	0
2041	0
2042	0
2043	0
2044	0
2045	0
2046	0
2047	0
