SPEC_ID:	'No sample description was entered.'
SPEC_REM:	'DET# 1'
DATE_MEA:	'09/21/2017 10:41:28'
MEAS_TIM:	'120 120'
DATA:	'0 2047'
ROI:	'0'
PRESETS:	'Live Time'
ENER_FIT:	'0.000000 0.002526'
MCA_CAL:	'3'
SHAPE_CAL:	'3'

Channel	Counts
0	0
1	0
2	0
3	0
4	0
5	0
6	0
7	0
8	0
9	0
10	0
11	0
12	0
13	0
14	0
15	0
16	0
17	0
18	0
19	0
20	0
21	0
22	0
23	0
24	0
25	0
26	0
27	0
28	0
29	0
30	0
31	0
32	0
33	0
34	0
35	0
36	0
37	0
38	0
39	0
40	0
41	0
42	0
43	0
44	0
45	0
46	0
47	0
48	0
49	0
50	0
51	0
52	0
53	0
54	0
55	0
56	0
57	0
58	0
59	0
60	0
61	0
62	0
63	0
64	0
65	0
66	0
67	0
68	0
69	0
70	0
71	0
72	0
73	0
74	0
75	0
76	0
77	0
78	0
79	0
80	0
81	0
82	0
83	0
84	0
85	0
86	0
87	0
88	0
89	0
90	0
91	0
92	0
93	0
94	0
95	0
96	0
97	0
98	0
99	0
100	0
101	0
102	0
103	0
104	0
105	0
106	0
107	0
108	0
109	0
110	0
111	0
112	0
113	0
114	0
115	0
116	0
117	0
118	0
119	0
120	0
121	0
122	0
123	0
124	0
125	0
126	0
127	0
128	0
129	0
130	0
131	0
132	0
133	0
134	0
135	0
136	0
137	0
138	0
139	0
140	0
141	0
142	0
143	0
144	0
145	0
146	0
147	0
148	0
149	0
150	0
151	0
152	0
153	0
154	0
155	0
156	0
157	0
158	0
159	0
160	0
161	0
162	0
163	0
164	0
165	0
166	0
167	0
168	0
169	0
170	0
171	0
172	0
173	0
174	0
175	0
176	0
177	0
178	0
179	0
180	0
181	0
182	0
183	0
184	0
185	0
186	0
187	0
188	0
189	0
190	0
191	0
192	0
193	0
194	0
195	0
196	0
197	0
198	0
199	1
200	1
201	4
202	2
203	1
204	1
205	2
206	1
207	5
208	2
209	0
210	1
211	3
212	0
213	1
214	1
215	2
216	3
217	1
218	0
219	1
220	1
221	1
222	1
223	0
224	2
225	4
226	3
227	2
228	2
229	2
230	1
231	2
232	1
233	1
234	0
235	2
236	0
237	3
238	1
239	3
240	0
241	0
242	2
243	1
244	0
245	1
246	1
247	1
248	1
249	0
250	1
251	2
252	4
253	1
254	2
255	2
256	3
257	3
258	2
259	3
260	2
261	1
262	1
263	4
264	2
265	0
266	3
267	0
268	3
269	0
270	0
271	3
272	0
273	1
274	2
275	0
276	2
277	1
278	1
279	2
280	2
281	0
282	2
283	1
284	1
285	0
286	3
287	1
288	3
289	0
290	3
291	2
292	0
293	0
294	0
295	2
296	4
297	1
298	1
299	0
300	5
301	1
302	6
303	0
304	1
305	2
306	3
307	3
308	0
309	2
310	1
311	0
312	1
313	2
314	0
315	1
316	0
317	5
318	0
319	1
320	4
321	1
322	1
323	0
324	3
325	1
326	3
327	1
328	2
329	1
330	6
331	2
332	1
333	3
334	1
335	4
336	4
337	1
338	3
339	3
340	2
341	0
342	2
343	1
344	4
345	3
346	2
347	2
348	2
349	1
350	2
351	0
352	2
353	0
354	4
355	0
356	2
357	1
358	2
359	1
360	1
361	0
362	0
363	2
364	2
365	3
366	3
367	1
368	2
369	3
370	0
371	3
372	2
373	2
374	4
375	3
376	2
377	2
378	2
379	1
380	2
381	0
382	3
383	0
384	2
385	7
386	3
387	2
388	2
389	2
390	5
391	2
392	1
393	4
394	5
395	2
396	3
397	2
398	2
399	1
400	2
401	1
402	2
403	1
404	4
405	1
406	0
407	4
408	2
409	4
410	1
411	4
412	3
413	0
414	2
415	2
416	2
417	1
418	4
419	4
420	7
421	2
422	0
423	1
424	1
425	4
426	6
427	3
428	4
429	2
430	1
431	3
432	3
433	5
434	1
435	4
436	2
437	3
438	0
439	5
440	6
441	2
442	4
443	3
444	3
445	2
446	1
447	1
448	3
449	5
450	4
451	4
452	0
453	0
454	5
455	1
456	2
457	1
458	3
459	1
460	3
461	6
462	4
463	1
464	2
465	2
466	4
467	1
468	3
469	1
470	5
471	3
472	3
473	1
474	1
475	2
476	3
477	5
478	1
479	1
480	5
481	5
482	3
483	2
484	1
485	4
486	1
487	1
488	1
489	5
490	2
491	4
492	4
493	1
494	4
495	4
496	4
497	5
498	4
499	2
500	3
501	2
502	1
503	2
504	2
505	3
506	5
507	1
508	1
509	3
510	1
511	5
512	6
513	4
514	1
515	2
516	3
517	2
518	2
519	2
520	2
521	1
522	3
523	4
524	4
525	3
526	2
527	4
528	7
529	0
530	1
531	4
532	2
533	1
534	0
535	2
536	5
537	3
538	4
539	1
540	3
541	6
542	3
543	1
544	3
545	2
546	4
547	1
548	2
549	3
550	1
551	3
552	4
553	1
554	3
555	4
556	3
557	5
558	2
559	6
560	4
561	2
562	3
563	2
564	2
565	1
566	4
567	5
568	4
569	5
570	5
571	5
572	1
573	4
574	1
575	5
576	6
577	1
578	4
579	5
580	3
581	6
582	4
583	3
584	5
585	4
586	2
587	5
588	5
589	4
590	4
591	4
592	6
593	1
594	3
595	7
596	9
597	5
598	6
599	7
600	6
601	1
602	4
603	7
604	5
605	7
606	9
607	6
608	6
609	1
610	10
611	1
612	4
613	7
614	3
615	5
616	7
617	6
618	2
619	7
620	8
621	7
622	6
623	8
624	5
625	7
626	8
627	8
628	7
629	11
630	5
631	7
632	14
633	9
634	6
635	8
636	6
637	6
638	9
639	12
640	10
641	8
642	13
643	10
644	21
645	8
646	8
647	10
648	6
649	12
650	17
651	9
652	8
653	18
654	7
655	13
656	15
657	9
658	18
659	16
660	8
661	17
662	13
663	17
664	18
665	25
666	14
667	24
668	18
669	22
670	10
671	16
672	20
673	9
674	27
675	25
676	18
677	22
678	26
679	22
680	14
681	19
682	20
683	27
684	16
685	18
686	22
687	42
688	31
689	35
690	22
691	26
692	37
693	28
694	23
695	34
696	33
697	43
698	24
699	29
700	41
701	38
702	31
703	38
704	26
705	33
706	43
707	46
708	44
709	50
710	37
711	41
712	40
713	56
714	37
715	57
716	53
717	50
718	46
719	46
720	59
721	66
722	39
723	53
724	56
725	54
726	65
727	57
728	64
729	76
730	80
731	95
732	64
733	76
734	71
735	72
736	90
737	82
738	69
739	83
740	98
741	64
742	81
743	77
744	86
745	64
746	96
747	95
748	78
749	88
750	91
751	87
752	100
753	97
754	101
755	111
756	115
757	92
758	126
759	102
760	121
761	122
762	109
763	117
764	92
765	123
766	105
767	121
768	125
769	113
770	119
771	135
772	120
773	132
774	141
775	137
776	154
777	149
778	133
779	141
780	144
781	155
782	126
783	133
784	130
785	153
786	165
787	157
788	161
789	171
790	141
791	161
792	172
793	175
794	178
795	184
796	178
797	164
798	151
799	174
800	171
801	168
802	173
803	158
804	176
805	188
806	168
807	160
808	155
809	178
810	179
811	192
812	193
813	197
814	194
815	181
816	194
817	217
818	195
819	191
820	168
821	216
822	202
823	207
824	220
825	218
826	228
827	228
828	200
829	215
830	212
831	206
832	202
833	188
834	209
835	204
836	214
837	205
838	207
839	210
840	213
841	234
842	222
843	190
844	231
845	209
846	209
847	195
848	242
849	203
850	223
851	164
852	202
853	220
854	204
855	202
856	217
857	230
858	230
859	217
860	214
861	219
862	247
863	207
864	230
865	201
866	193
867	202
868	205
869	192
870	193
871	207
872	218
873	201
874	205
875	198
876	204
877	204
878	190
879	206
880	199
881	175
882	194
883	190
884	216
885	195
886	189
887	195
888	191
889	172
890	191
891	151
892	183
893	175
894	187
895	178
896	187
897	169
898	151
899	173
900	156
901	183
902	149
903	136
904	166
905	148
906	160
907	128
908	137
909	152
910	168
911	147
912	149
913	125
914	156
915	132
916	138
917	114
918	139
919	124
920	129
921	126
922	112
923	132
924	129
925	125
926	113
927	110
928	116
929	122
930	106
931	83
932	100
933	109
934	97
935	103
936	90
937	94
938	99
939	90
940	83
941	95
942	69
943	83
944	66
945	73
946	89
947	77
948	74
949	62
950	64
951	88
952	71
953	66
954	57
955	81
956	63
957	54
958	57
959	60
960	49
961	53
962	63
963	45
964	53
965	54
966	42
967	59
968	62
969	57
970	46
971	55
972	48
973	43
974	40
975	36
976	31
977	36
978	26
979	29
980	46
981	32
982	35
983	33
984	33
985	29
986	35
987	33
988	27
989	38
990	18
991	25
992	25
993	23
994	16
995	27
996	34
997	27
998	23
999	14
1000	22
1001	22
1002	17
1003	23
1004	24
1005	18
1006	15
1007	12
1008	28
1009	21
1010	14
1011	9
1012	14
1013	14
1014	16
1015	7
1016	10
1017	9
1018	11
1019	10
1020	14
1021	15
1022	8
1023	9
1024	6
1025	10
1026	4
1027	6
1028	7
1029	9
1030	7
1031	11
1032	8
1033	5
1034	6
1035	7
1036	5
1037	6
1038	8
1039	4
1040	7
1041	3
1042	4
1043	2
1044	1
1045	4
1046	2
1047	3
1048	4
1049	3
1050	2
1051	2
1052	3
1053	0
1054	1
1055	2
1056	1
1057	5
1058	0
1059	3
1060	3
1061	0
1062	4
1063	0
1064	1
1065	2
1066	2
1067	3
1068	2
1069	0
1070	1
1071	1
1072	2
1073	1
1074	1
1075	1
1076	0
1077	2
1078	0
1079	0
1080	4
1081	0
1082	0
1083	0
1084	1
1085	0
1086	0
1087	3
1088	0
1089	1
1090	1
1091	0
1092	0
1093	0
1094	0
1095	1
1096	0
1097	0
1098	0
1099	0
1100	0
1101	1
1102	1
1103	0
1104	0
1105	0
1106	0
1107	1
1108	0
1109	1
1110	0
1111	0
1112	0
1113	0
1114	1
1115	0
1116	0
1117	1
1118	0
1119	0
1120	1
1121	0
1122	0
1123	0
1124	0
1125	0
1126	0
1127	0
1128	0
1129	0
1130	0
1131	0
1132	1
1133	1
1134	0
1135	0
1136	0
1137	0
1138	0
1139	0
1140	1
1141	0
1142	0
1143	0
1144	0
1145	0
1146	0
1147	0
1148	0
1149	0
1150	1
1151	0
1152	0
1153	0
1154	0
1155	0
1156	0
1157	0
1158	0
1159	0
1160	0
1161	0
1162	0
1163	1
1164	0
1165	0
1166	0
1167	0
1168	0
1169	0
1170	0
1171	0
1172	0
1173	0
1174	0
1175	0
1176	0
1177	0
1178	0
1179	0
1180	0
1181	0
1182	0
1183	0
1184	0
1185	0
1186	0
1187	0
1188	0
1189	0
1190	0
1191	0
1192	0
1193	0
1194	0
1195	0
1196	0
1197	0
1198	0
1199	0
1200	0
1201	0
1202	0
1203	0
1204	0
1205	0
1206	0
1207	0
1208	0
1209	0
1210	0
1211	0
1212	0
1213	0
1214	0
1215	0
1216	0
1217	0
1218	0
1219	0
1220	0
1221	0
1222	0
1223	0
1224	0
1225	0
1226	0
1227	0
1228	0
1229	0
1230	0
1231	0
1232	0
1233	0
1234	0
1235	0
1236	0
1237	0
1238	0
1239	0
1240	0
1241	0
1242	0
1243	0
1244	0
1245	0
1246	0
1247	0
1248	0
1249	0
1250	0
1251	0
1252	0
1253	0
1254	0
1255	0
1256	0
1257	0
1258	0
1259	0
1260	0
1261	0
1262	1
1263	0
1264	0
1265	0
1266	0
1267	0
1268	0
1269	0
1270	0
1271	0
1272	0
1273	0
1274	0
1275	0
1276	0
1277	0
1278	0
1279	0
1280	0
1281	0
1282	1
1283	0
1284	0
1285	0
1286	0
1287	0
1288	0
1289	0
1290	0
1291	0
1292	0
1293	1
1294	0
1295	0
1296	0
1297	0
1298	0
1299	0
1300	0
1301	0
1302	0
1303	0
1304	0
1305	0
1306	0
1307	0
1308	0
1309	0
1310	0
1311	0
1312	0
1313	0
1314	0
1315	0
1316	0
1317	0
1318	0
1319	0
1320	0
1321	0
1322	0
1323	0
1324	0
1325	0
1326	0
1327	0
1328	0
1329	0
1330	0
1331	0
1332	0
1333	0
1334	0
1335	0
1336	0
1337	0
1338	0
1339	0
1340	0
1341	0
1342	0
1343	0
1344	0
1345	0
1346	1
1347	0
1348	0
1349	0
1350	0
1351	0
1352	0
1353	0
1354	0
1355	0
1356	0
1357	0
1358	0
1359	0
1360	0
1361	0
1362	0
1363	0
1364	0
1365	0
1366	0
1367	0
1368	0
1369	0
1370	1
1371	0
1372	0
1373	0
1374	0
1375	0
1376	0
1377	0
1378	0
1379	0
1380	0
1381	0
1382	0
1383	0
1384	0
1385	0
1386	0
1387	0
1388	0
1389	0
1390	0
1391	0
1392	0
1393	0
1394	0
1395	0
1396	0
1397	1
1398	0
1399	0
1400	0
1401	0
1402	0
1403	0
1404	0
1405	0
1406	0
1407	0
1408	0
1409	0
1410	0
1411	0
1412	0
1413	0
1414	0
1415	0
1416	0
1417	0
1418	0
1419	0
1420	0
1421	0
1422	0
1423	0
1424	0
1425	0
1426	0
1427	0
1428	0
1429	0
1430	0
1431	1
1432	0
1433	0
1434	0
1435	0
1436	0
1437	0
1438	0
1439	0
1440	0
1441	0
1442	0
1443	0
1444	0
1445	0
1446	0
1447	0
1448	0
1449	0
1450	0
1451	0
1452	0
1453	0
1454	0
1455	0
1456	0
1457	0
1458	0
1459	0
1460	0
1461	0
1462	0
1463	0
1464	0
1465	0
1466	0
1467	0
1468	0
1469	0
1470	0
1471	0
1472	0
1473	0
1474	0
1475	0
1476	0
1477	0
1478	0
1479	0
1480	0
1481	0
1482	0
1483	0
1484	0
1485	0
1486	0
1487	0
1488	0
1489	0
1490	0
1491	0
1492	0
1493	0
1494	0
1495	0
1496	0
1497	0
1498	0
1499	0
1500	0
1501	0
1502	0
1503	1
1504	0
1505	0
1506	0
1507	0
1508	0
1509	0
1510	0
1511	0
1512	0
1513	0
1514	0
1515	0
1516	0
1517	0
1518	0
1519	0
1520	0
1521	0
1522	1
1523	0
1524	0
1525	0
1526	0
1527	0
1528	0
1529	0
1530	0
1531	0
1532	0
1533	0
1534	0
1535	0
1536	1
1537	0
1538	0
1539	0
1540	0
1541	0
1542	0
1543	0
1544	0
1545	0
1546	0
1547	0
1548	0
1549	0
1550	0
1551	0
1552	0
1553	0
1554	0
1555	0
1556	0
1557	0
1558	0
1559	0
1560	0
1561	0
1562	0
1563	0
1564	0
1565	1
1566	0
1567	0
1568	0
1569	0
1570	0
1571	0
1572	0
1573	1
1574	0
1575	0
1576	0
1577	0
1578	0
1579	0
1580	0
1581	1
1582	0
1583	0
1584	0
1585	0
1586	0
1587	0
1588	0
1589	0
1590	0
1591	0
1592	1
1593	0
1594	0
1595	0
1596	0
1597	0
1598	0
1599	0
1600	0
1601	0
1602	0
1603	0
1604	0
1605	0
1606	0
1607	0
1608	0
1609	0
1610	0
1611	0
1612	0
1613	0
1614	0
1615	0
1616	0
1617	0
1618	0
1619	0
1620	0
1621	0
1622	0
1623	0
1624	0
1625	0
1626	0
1627	0
1628	0
1629	1
1630	0
1631	0
1632	0
1633	0
1634	0
1635	0
1636	0
1637	0
1638	0
1639	0
1640	0
1641	0
1642	0
1643	0
1644	0
1645	0
1646	0
1647	0
1648	0
1649	0
1650	0
1651	0
1652	0
1653	0
1654	1
1655	0
1656	0
1657	0
1658	0
1659	0
1660	0
1661	0
1662	0
1663	0
1664	0
1665	1
1666	0
1667	0
1668	0
1669	0
1670	0
1671	0
1672	0
1673	0
1674	0
1675	0
1676	0
1677	0
1678	0
1679	0
1680	0
1681	0
1682	0
1683	0
1684	1
1685	0
1686	0
1687	0
1688	1
1689	0
1690	0
1691	0
1692	0
1693	0
1694	0
1695	0
1696	0
1697	0
1698	0
1699	0
1700	0
1701	0
1702	1
1703	0
1704	0
1705	0
1706	0
1707	0
1708	0
1709	0
1710	1
1711	0
1712	1
1713	0
1714	0
1715	0
1716	0
1717	0
1718	0
1719	0
1720	0
1721	0
1722	0
1723	0
1724	0
1725	0
1726	0
1727	0
1728	0
1729	0
1730	0
1731	0
1732	0
1733	0
1734	0
1735	1
1736	0
1737	0
1738	0
1739	0
1740	0
1741	0
1742	0
1743	0
1744	0
1745	0
1746	0
1747	0
1748	0
1749	0
1750	0
1751	0
1752	1
1753	0
1754	0
1755	0
1756	0
1757	0
1758	0
1759	0
1760	0
1761	0
1762	0
1763	0
1764	0
1765	0
1766	0
1767	0
1768	0
1769	0
1770	0
1771	0
1772	0
1773	0
1774	0
1775	0
1776	0
1777	0
1778	0
1779	0
1780	0
1781	0
1782	0
1783	0
1784	0
1785	0
1786	0
1787	0
1788	0
1789	0
1790	0
1791	0
1792	0
1793	0
1794	0
1795	0
1796	0
1797	0
1798	0
1799	0
1800	0
1801	0
1802	0
1803	0
1804	0
1805	0
1806	0
1807	0
1808	0
1809	0
1810	0
1811	0
1812	0
1813	0
1814	0
1815	0
1816	0
1817	0
1818	0
1819	0
1820	0
1821	0
1822	0
1823	0
1824	0
1825	0
1826	0
1827	0
1828	0
1829	0
1830	0
1831	0
1832	0
1833	0
1834	0
1835	0
1836	0
1837	0
1838	0
1839	0
1840	0
1841	0
1842	0
1843	0
1844	0
1845	0
1846	0
1847	0
1848	0
1849	0
1850	0
1851	0
1852	0
1853	0
1854	0
1855	0
1856	0
1857	0
1858	0
1859	0
1860	0
1861	0
1862	0
1863	0
1864	0
1865	0
1866	0
1867	0
1868	0
1869	0
1870	0
1871	0
1872	0
1873	0
1874	0
1875	0
1876	0
1877	0
1878	0
1879	0
1880	0
1881	0
1882	0
1883	0
1884	0
1885	0
1886	0
1887	0
1888	0
1889	0
1890	0
1891	0
1892	0
1893	0
1894	0
1895	0
1896	0
1897	0
1898	0
1899	0
1900	0
1901	0
1902	0
1903	0
1904	0
1905	0
1906	0
1907	0
1908	0
1909	0
1910	0
1911	0
1912	0
1913	0
1914	0
1915	0
1916	0
1917	0
1918	0
1919	0
1920	0
1921	0
1922	0
1923	0
1924	0
1925	0
1926	0
1927	0
1928	0
1929	0
1930	0
1931	0
1932	0
1933	0
1934	0
1935	0
1936	0
1937	0
1938	0
1939	0
1940	0
1941	0
1942	0
1943	0
1944	0
1945	0
1946	0
1947	0
1948	0
1949	0
1950	0
1951	0
1952	0
1953	0
1954	0
1955	0
1956	0
1957	0
1958	0
1959	0
1960	0
1961	0
1962	0
1963	0
1964	0
1965	0
1966	0
1967	0
1968	0
1969	0
1970	0
1971	0
1972	0
1973	0
1974	0
1975	0
1976	0
1977	0
1978	0
1979	0
1980	0
1981	1
1982	0
1983	0
1984	0
1985	0
1986	0
1987	0
1988	0
1989	0
1990	0
1991	0
1992	0
1993	0
1994	0
1995	0
1996	0
1997	0
1998	0
1999	0
2000	0
2001	0
2002	0
2003	0
2004	0
2005	0
2006	0
2007	0
2008	0
2009	0
2010	0
2011	0
2012	0
2013	0
2014	0
2015	0
2016	0
2017	0
2018	0
2019	0
2020	0
2021	0
2022	0
2023	0
2024	0
2025	0
2026	0
2027	0
2028	0
2029	0
2030	0
2031	0
2032	0
2033	0
2034	0
2035	0
2036	0
2037	0
2038	0
2039	0
2040	0
2041	0
2042	0
2043	0
2044	0
2045	0
2046	0
2047	0
