SPEC_ID:	'No sample description was entered.'
SPEC_REM:	'DET# 1'
DATE_MEA:	'09/12/2017 10:17:03'
MEAS_TIM:	'710 711'
DATA:	'0 2047'
ROI:	'0'
PRESETS:	'Live Time'
ENER_FIT:	'0.000000 0.002526'
MCA_CAL:	'3'
SHAPE_CAL:	'3'

Channel	Counts
0	0
1	0
2	0
3	0
4	0
5	0
6	0
7	0
8	0
9	0
10	0
11	0
12	0
13	0
14	0
15	0
16	0
17	0
18	0
19	0
20	0
21	0
22	0
23	0
24	0
25	0
26	0
27	0
28	0
29	0
30	0
31	0
32	0
33	0
34	0
35	0
36	0
37	0
38	0
39	0
40	0
41	0
42	0
43	0
44	0
45	0
46	0
47	0
48	0
49	0
50	0
51	0
52	0
53	0
54	0
55	0
56	0
57	0
58	0
59	0
60	0
61	0
62	0
63	0
64	0
65	0
66	0
67	0
68	0
69	0
70	0
71	0
72	0
73	0
74	0
75	0
76	0
77	0
78	0
79	0
80	0
81	0
82	0
83	0
84	0
85	0
86	0
87	0
88	0
89	0
90	0
91	0
92	0
93	0
94	0
95	0
96	0
97	0
98	0
99	0
100	0
101	0
102	0
103	0
104	0
105	0
106	0
107	0
108	0
109	0
110	0
111	0
112	0
113	0
114	0
115	0
116	0
117	0
118	0
119	0
120	0
121	0
122	0
123	0
124	0
125	0
126	0
127	0
128	0
129	0
130	0
131	0
132	0
133	0
134	0
135	0
136	0
137	0
138	0
139	0
140	0
141	0
142	0
143	0
144	0
145	0
146	0
147	0
148	0
149	0
150	0
151	0
152	0
153	0
154	0
155	0
156	0
157	0
158	0
159	0
160	0
161	0
162	0
163	0
164	0
165	0
166	0
167	0
168	0
169	0
170	0
171	0
172	0
173	0
174	0
175	0
176	0
177	0
178	0
179	0
180	0
181	0
182	0
183	0
184	0
185	0
186	0
187	0
188	0
189	0
190	0
191	0
192	0
193	0
194	0
195	0
196	0
197	0
198	1
199	0
200	2
201	1
202	1
203	5
204	4
205	2
206	2
207	5
208	2
209	1
210	2
211	1
212	4
213	5
214	3
215	2
216	3
217	3
218	4
219	2
220	3
221	3
222	2
223	2
224	1
225	3
226	2
227	2
228	6
229	3
230	6
231	3
232	5
233	4
234	6
235	11
236	27
237	20
238	42
239	61
240	62
241	83
242	85
243	104
244	130
245	147
246	134
247	105
248	112
249	99
250	70
251	58
252	61
253	52
254	36
255	31
256	14
257	17
258	10
259	6
260	9
261	0
262	5
263	3
264	1
265	4
266	1
267	3
268	3
269	2
270	0
271	3
272	0
273	2
274	1
275	2
276	2
277	1
278	1
279	0
280	3
281	2
282	4
283	4
284	0
285	1
286	0
287	0
288	2
289	3
290	1
291	1
292	5
293	1
294	0
295	2
296	0
297	2
298	5
299	2
300	4
301	3
302	0
303	1
304	1
305	3
306	4
307	5
308	5
309	2
310	6
311	6
312	5
313	8
314	15
315	18
316	13
317	35
318	38
319	59
320	66
321	77
322	104
323	134
324	165
325	157
326	151
327	173
328	131
329	130
330	117
331	97
332	85
333	44
334	27
335	29
336	28
337	16
338	8
339	9
340	6
341	1
342	1
343	1
344	2
345	3
346	1
347	2
348	1
349	0
350	1
351	2
352	0
353	2
354	0
355	2
356	1
357	2
358	1
359	2
360	1
361	1
362	2
363	3
364	2
365	0
366	2
367	1
368	1
369	2
370	3
371	3
372	6
373	7
374	5
375	14
376	11
377	15
378	10
379	13
380	19
381	26
382	25
383	18
384	48
385	44
386	56
387	88
388	95
389	122
390	109
391	117
392	130
393	137
394	123
395	132
396	134
397	121
398	99
399	75
400	72
401	58
402	38
403	46
404	26
405	21
406	27
407	18
408	16
409	6
410	13
411	8
412	6
413	10
414	4
415	2
416	5
417	5
418	1
419	4
420	1
421	5
422	1
423	0
424	1
425	3
426	1
427	0
428	3
429	0
430	1
431	1
432	1
433	2
434	3
435	1
436	3
437	3
438	0
439	1
440	0
441	0
442	2
443	1
444	3
445	2
446	0
447	2
448	0
449	0
450	3
451	1
452	3
453	3
454	0
455	3
456	3
457	5
458	6
459	7
460	3
461	5
462	14
463	6
464	3
465	11
466	12
467	21
468	23
469	24
470	30
471	36
472	40
473	52
474	33
475	35
476	54
477	67
478	73
479	79
480	86
481	86
482	99
483	89
484	99
485	106
486	101
487	126
488	105
489	103
490	102
491	85
492	87
493	88
494	94
495	85
496	64
497	56
498	45
499	53
500	57
501	28
502	34
503	30
504	26
505	26
506	19
507	12
508	17
509	14
510	11
511	12
512	7
513	3
514	7
515	2
516	2
517	2
518	3
519	4
520	2
521	2
522	2
523	1
524	4
525	1
526	3
527	6
528	1
529	3
530	1
531	3
532	3
533	4
534	6
535	6
536	3
537	3
538	3
539	5
540	5
541	7
542	10
543	10
544	10
545	12
546	11
547	18
548	25
549	26
550	28
551	44
552	37
553	49
554	50
555	56
556	48
557	80
558	78
559	68
560	85
561	81
562	75
563	96
564	83
565	86
566	104
567	98
568	103
569	101
570	121
571	88
572	84
573	83
574	98
575	83
576	94
577	70
578	73
579	64
580	48
581	55
582	57
583	41
584	39
585	38
586	25
587	23
588	16
589	29
590	9
591	10
592	14
593	5
594	15
595	5
596	6
597	7
598	1
599	9
600	2
601	6
602	2
603	4
604	4
605	3
606	2
607	2
608	1
609	3
610	3
611	4
612	8
613	10
614	8
615	11
616	18
617	20
618	14
619	23
620	24
621	41
622	38
623	49
624	55
625	43
626	47
627	67
628	59
629	74
630	70
631	92
632	89
633	99
634	78
635	103
636	86
637	111
638	90
639	80
640	112
641	76
642	93
643	76
644	66
645	73
646	59
647	69
648	56
649	47
650	41
651	40
652	38
653	33
654	23
655	26
656	16
657	16
658	16
659	11
660	12
661	11
662	4
663	6
664	1
665	6
666	4
667	1
668	2
669	3
670	1
671	5
672	2
673	1
674	4
675	2
676	2
677	3
678	3
679	3
680	4
681	1
682	3
683	3
684	4
685	6
686	1
687	6
688	4
689	6
690	10
691	13
692	10
693	10
694	6
695	12
696	21
697	22
698	25
699	31
700	29
701	33
702	43
703	52
704	53
705	41
706	60
707	78
708	71
709	89
710	89
711	87
712	103
713	97
714	103
715	102
716	117
717	97
718	89
719	121
720	87
721	103
722	84
723	82
724	74
725	61
726	62
727	66
728	36
729	44
730	44
731	39
732	23
733	18
734	23
735	9
736	19
737	9
738	10
739	9
740	4
741	4
742	7
743	6
744	4
745	2
746	1
747	3
748	4
749	5
750	5
751	3
752	2
753	0
754	6
755	2
756	2
757	1
758	1
759	3
760	3
761	3
762	1
763	7
764	4
765	1
766	7
767	3
768	5
769	9
770	15
771	11
772	12
773	14
774	30
775	15
776	19
777	22
778	36
779	41
780	46
781	53
782	64
783	63
784	88
785	84
786	85
787	102
788	88
789	114
790	110
791	129
792	144
793	147
794	125
795	140
796	147
797	164
798	154
799	135
800	126
801	130
802	118
803	105
804	122
805	96
806	80
807	68
808	72
809	70
810	73
811	58
812	42
813	33
814	31
815	24
816	26
817	24
818	16
819	8
820	8
821	7
822	9
823	5
824	2
825	2
826	3
827	2
828	3
829	3
830	3
831	1
832	1
833	1
834	1
835	0
836	4
837	3
838	1
839	1
840	2
841	4
842	0
843	2
844	3
845	1
846	5
847	0
848	0
849	3
850	1
851	7
852	2
853	6
854	3
855	6
856	10
857	7
858	13
859	15
860	20
861	22
862	24
863	27
864	31
865	40
866	39
867	47
868	52
869	60
870	75
871	71
872	105
873	102
874	110
875	118
876	110
877	147
878	119
879	135
880	130
881	132
882	147
883	154
884	141
885	128
886	153
887	131
888	118
889	104
890	118
891	99
892	106
893	89
894	87
895	66
896	64
897	58
898	36
899	49
900	44
901	30
902	28
903	22
904	16
905	16
906	11
907	13
908	13
909	8
910	8
911	3
912	6
913	6
914	3
915	2
916	2
917	2
918	1
919	2
920	2
921	3
922	3
923	5
924	3
925	6
926	1
927	4
928	4
929	2
930	8
931	10
932	8
933	12
934	7
935	24
936	18
937	24
938	18
939	30
940	24
941	43
942	51
943	54
944	57
945	60
946	83
947	85
948	90
949	100
950	106
951	99
952	103
953	138
954	98
955	116
956	106
957	124
958	119
959	89
960	110
961	127
962	93
963	93
964	80
965	91
966	68
967	73
968	62
969	55
970	33
971	45
972	40
973	29
974	35
975	24
976	19
977	13
978	9
979	14
980	6
981	13
982	5
983	11
984	2
985	2
986	4
987	6
988	8
989	1
990	1
991	3
992	2
993	2
994	4
995	3
996	8
997	5
998	6
999	10
1000	8
1001	11
1002	13
1003	12
1004	19
1005	19
1006	14
1007	25
1008	32
1009	43
1010	38
1011	39
1012	62
1013	53
1014	69
1015	57
1016	63
1017	61
1018	102
1019	91
1020	84
1021	108
1022	99
1023	102
1024	118
1025	119
1026	104
1027	128
1028	128
1029	134
1030	105
1031	97
1032	97
1033	98
1034	70
1035	70
1036	78
1037	61
1038	66
1039	52
1040	63
1041	41
1042	48
1043	36
1044	28
1045	17
1046	14
1047	18
1048	11
1049	11
1050	11
1051	10
1052	13
1053	7
1054	6
1055	3
1056	5
1057	1
1058	1
1059	0
1060	4
1061	1
1062	4
1063	2
1064	1
1065	1
1066	1
1067	2
1068	2
1069	2
1070	0
1071	2
1072	0
1073	0
1074	2
1075	1
1076	1
1077	4
1078	2
1079	1
1080	1
1081	3
1082	2
1083	2
1084	2
1085	3
1086	1
1087	5
1088	4
1089	7
1090	7
1091	7
1092	12
1093	9
1094	16
1095	16
1096	18
1097	18
1098	22
1099	29
1100	48
1101	38
1102	52
1103	51
1104	40
1105	59
1106	62
1107	69
1108	78
1109	58
1110	82
1111	94
1112	96
1113	77
1114	94
1115	81
1116	96
1117	86
1118	99
1119	84
1120	75
1121	88
1122	72
1123	72
1124	61
1125	68
1126	66
1127	44
1128	50
1129	38
1130	32
1131	33
1132	23
1133	16
1134	24
1135	27
1136	14
1137	11
1138	17
1139	8
1140	8
1141	6
1142	4
1143	6
1144	2
1145	6
1146	4
1147	4
1148	5
1149	4
1150	3
1151	0
1152	3
1153	2
1154	5
1155	1
1156	1
1157	5
1158	3
1159	3
1160	3
1161	4
1162	2
1163	2
1164	3
1165	4
1166	8
1167	3
1168	10
1169	6
1170	13
1171	12
1172	12
1173	19
1174	12
1175	28
1176	26
1177	27
1178	29
1179	32
1180	38
1181	58
1182	57
1183	60
1184	56
1185	62
1186	64
1187	83
1188	75
1189	94
1190	103
1191	102
1192	102
1193	92
1194	107
1195	105
1196	90
1197	109
1198	101
1199	103
1200	93
1201	82
1202	82
1203	63
1204	64
1205	85
1206	82
1207	50
1208	37
1209	36
1210	54
1211	33
1212	33
1213	27
1214	20
1215	31
1216	18
1217	17
1218	22
1219	6
1220	7
1221	7
1222	10
1223	6
1224	7
1225	5
1226	6
1227	1
1228	3
1229	7
1230	4
1231	10
1232	4
1233	5
1234	9
1235	11
1236	9
1237	10
1238	21
1239	24
1240	21
1241	34
1242	27
1243	48
1244	44
1245	48
1246	56
1247	61
1248	69
1249	79
1250	96
1251	101
1252	102
1253	97
1254	125
1255	153
1256	135
1257	133
1258	141
1259	165
1260	166
1261	164
1262	141
1263	191
1264	176
1265	162
1266	170
1267	170
1268	161
1269	170
1270	146
1271	140
1272	142
1273	101
1274	105
1275	111
1276	90
1277	68
1278	65
1279	70
1280	44
1281	49
1282	49
1283	28
1284	33
1285	26
1286	21
1287	20
1288	12
1289	14
1290	14
1291	7
1292	4
1293	5
1294	4
1295	9
1296	4
1297	1
1298	1
1299	3
1300	2
1301	2
1302	2
1303	1
1304	1
1305	2
1306	1
1307	1
1308	0
1309	0
1310	1
1311	2
1312	1
1313	0
1314	1
1315	1
1316	1
1317	1
1318	0
1319	2
1320	1
1321	0
1322	0
1323	0
1324	2
1325	0
1326	2
1327	1
1328	2
1329	0
1330	0
1331	1
1332	0
1333	1
1334	0
1335	0
1336	0
1337	0
1338	0
1339	0
1340	1
1341	0
1342	0
1343	0
1344	0
1345	1
1346	1
1347	0
1348	3
1349	0
1350	3
1351	1
1352	0
1353	0
1354	1
1355	0
1356	0
1357	0
1358	2
1359	1
1360	1
1361	0
1362	0
1363	2
1364	0
1365	0
1366	1
1367	2
1368	0
1369	1
1370	1
1371	1
1372	0
1373	1
1374	1
1375	1
1376	2
1377	1
1378	0
1379	0
1380	0
1381	1
1382	0
1383	0
1384	0
1385	1
1386	0
1387	0
1388	1
1389	2
1390	0
1391	1
1392	0
1393	0
1394	2
1395	0
1396	2
1397	3
1398	1
1399	0
1400	0
1401	3
1402	0
1403	1
1404	1
1405	1
1406	0
1407	0
1408	0
1409	0
1410	0
1411	0
1412	1
1413	0
1414	1
1415	1
1416	0
1417	0
1418	1
1419	1
1420	0
1421	0
1422	2
1423	1
1424	1
1425	3
1426	1
1427	1
1428	2
1429	2
1430	1
1431	0
1432	3
1433	2
1434	1
1435	1
1436	1
1437	0
1438	0
1439	1
1440	0
1441	0
1442	1
1443	0
1444	2
1445	0
1446	0
1447	1
1448	1
1449	2
1450	1
1451	1
1452	1
1453	0
1454	0
1455	2
1456	1
1457	0
1458	1
1459	1
1460	0
1461	3
1462	1
1463	1
1464	0
1465	1
1466	2
1467	0
1468	1
1469	0
1470	3
1471	1
1472	1
1473	0
1474	0
1475	0
1476	0
1477	0
1478	0
1479	0
1480	3
1481	2
1482	0
1483	1
1484	1
1485	1
1486	0
1487	1
1488	2
1489	1
1490	0
1491	1
1492	0
1493	1
1494	0
1495	2
1496	1
1497	1
1498	1
1499	0
1500	2
1501	0
1502	2
1503	1
1504	2
1505	2
1506	1
1507	1
1508	2
1509	1
1510	1
1511	1
1512	1
1513	1
1514	2
1515	4
1516	0
1517	1
1518	2
1519	1
1520	0
1521	0
1522	2
1523	0
1524	3
1525	1
1526	2
1527	2
1528	0
1529	2
1530	0
1531	2
1532	3
1533	0
1534	0
1535	3
1536	1
1537	1
1538	1
1539	1
1540	1
1541	1
1542	1
1543	1
1544	0
1545	1
1546	1
1547	3
1548	0
1549	0
1550	1
1551	2
1552	0
1553	0
1554	3
1555	1
1556	1
1557	0
1558	1
1559	0
1560	0
1561	1
1562	0
1563	1
1564	3
1565	2
1566	1
1567	2
1568	2
1569	0
1570	0
1571	2
1572	2
1573	1
1574	0
1575	1
1576	1
1577	2
1578	3
1579	1
1580	1
1581	1
1582	1
1583	2
1584	2
1585	1
1586	1
1587	1
1588	2
1589	1
1590	2
1591	3
1592	1
1593	2
1594	1
1595	0
1596	1
1597	0
1598	0
1599	0
1600	4
1601	0
1602	3
1603	2
1604	1
1605	2
1606	1
1607	2
1608	3
1609	2
1610	0
1611	1
1612	1
1613	2
1614	2
1615	1
1616	2
1617	4
1618	1
1619	1
1620	1
1621	1
1622	1
1623	1
1624	3
1625	0
1626	0
1627	1
1628	0
1629	2
1630	1
1631	2
1632	5
1633	3
1634	2
1635	3
1636	3
1637	2
1638	2
1639	3
1640	2
1641	3
1642	1
1643	3
1644	2
1645	4
1646	4
1647	5
1648	2
1649	3
1650	1
1651	5
1652	1
1653	5
1654	0
1655	4
1656	2
1657	3
1658	4
1659	2
1660	1
1661	7
1662	2
1663	2
1664	1
1665	3
1666	5
1667	2
1668	1
1669	7
1670	1
1671	2
1672	6
1673	4
1674	4
1675	4
1676	6
1677	3
1678	1
1679	7
1680	6
1681	5
1682	3
1683	3
1684	5
1685	8
1686	3
1687	4
1688	1
1689	4
1690	5
1691	8
1692	3
1693	7
1694	4
1695	8
1696	5
1697	4
1698	7
1699	5
1700	4
1701	2
1702	3
1703	5
1704	8
1705	6
1706	9
1707	2
1708	7
1709	6
1710	5
1711	2
1712	4
1713	10
1714	4
1715	6
1716	0
1717	2
1718	6
1719	4
1720	5
1721	9
1722	7
1723	7
1724	5
1725	7
1726	3
1727	6
1728	8
1729	5
1730	5
1731	10
1732	4
1733	8
1734	5
1735	6
1736	9
1737	5
1738	7
1739	6
1740	8
1741	5
1742	13
1743	9
1744	12
1745	9
1746	12
1747	8
1748	10
1749	5
1750	12
1751	5
1752	15
1753	12
1754	11
1755	16
1756	9
1757	16
1758	15
1759	12
1760	14
1761	11
1762	13
1763	10
1764	18
1765	14
1766	18
1767	15
1768	15
1769	12
1770	15
1771	13
1772	22
1773	24
1774	13
1775	18
1776	24
1777	26
1778	18
1779	24
1780	15
1781	26
1782	35
1783	26
1784	27
1785	22
1786	26
1787	22
1788	32
1789	36
1790	38
1791	36
1792	37
1793	54
1794	29
1795	31
1796	42
1797	57
1798	50
1799	50
1800	56
1801	61
1802	66
1803	56
1804	84
1805	86
1806	81
1807	96
1808	94
1809	92
1810	107
1811	126
1812	132
1813	138
1814	167
1815	155
1816	163
1817	197
1818	194
1819	226
1820	289
1821	268
1822	277
1823	322
1824	307
1825	430
1826	390
1827	401
1828	518
1829	512
1830	515
1831	598
1832	623
1833	654
1834	690
1835	770
1836	797
1837	809
1838	884
1839	937
1840	957
1841	1034
1842	1092
1843	1169
1844	1241
1845	1233
1846	1159
1847	1175
1848	1204
1849	1231
1850	1181
1851	1123
1852	1131
1853	1122
1854	997
1855	958
1856	946
1857	831
1858	762
1859	714
1860	669
1861	621
1862	577
1863	471
1864	489
1865	417
1866	384
1867	338
1868	273
1869	246
1870	226
1871	185
1872	168
1873	160
1874	121
1875	102
1876	114
1877	72
1878	56
1879	56
1880	38
1881	41
1882	28
1883	23
1884	23
1885	20
1886	12
1887	12
1888	7
1889	8
1890	1
1891	2
1892	6
1893	5
1894	7
1895	1
1896	1
1897	3
1898	3
1899	2
1900	1
1901	2
1902	0
1903	2
1904	2
1905	0
1906	2
1907	0
1908	1
1909	0
1910	0
1911	0
1912	0
1913	0
1914	0
1915	0
1916	0
1917	0
1918	0
1919	1
1920	0
1921	0
1922	0
1923	0
1924	0
1925	0
1926	0
1927	0
1928	0
1929	0
1930	0
1931	0
1932	1
1933	0
1934	0
1935	0
1936	0
1937	0
1938	0
1939	0
1940	0
1941	0
1942	0
1943	0
1944	0
1945	0
1946	0
1947	0
1948	0
1949	0
1950	0
1951	0
1952	0
1953	0
1954	0
1955	0
1956	0
1957	0
1958	0
1959	0
1960	0
1961	0
1962	0
1963	0
1964	0
1965	0
1966	0
1967	0
1968	0
1969	0
1970	0
1971	0
1972	0
1973	0
1974	0
1975	0
1976	0
1977	0
1978	0
1979	0
1980	0
1981	0
1982	0
1983	0
1984	0
1985	0
1986	0
1987	0
1988	0
1989	0
1990	0
1991	0
1992	0
1993	0
1994	0
1995	0
1996	0
1997	0
1998	0
1999	0
2000	0
2001	0
2002	0
2003	1
2004	0
2005	0
2006	0
2007	0
2008	0
2009	0
2010	0
2011	0
2012	0
2013	0
2014	0
2015	0
2016	0
2017	0
2018	0
2019	0
2020	0
2021	0
2022	0
2023	0
2024	0
2025	0
2026	0
2027	0
2028	0
2029	0
2030	0
2031	0
2032	0
2033	0
2034	0
2035	0
2036	0
2037	0
2038	0
2039	0
2040	0
2041	0
2042	0
2043	0
2044	0
2045	0
2046	0
2047	0
