SPEC_ID:	'No sample description was entered.'
SPEC_REM:	'DET# 1'
DATE_MEA:	'09/21/2017 09:02:07'
MEAS_TIM:	'120 120'
DATA:	'0 2047'
ROI:	'0'
PRESETS:	'Live Time'
ENER_FIT:	'0.000000 0.002526'
MCA_CAL:	'3'
SHAPE_CAL:	'3'

Channel	Counts
0	0
1	0
2	0
3	0
4	0
5	0
6	0
7	0
8	0
9	0
10	0
11	0
12	0
13	0
14	0
15	0
16	0
17	0
18	0
19	0
20	0
21	0
22	0
23	0
24	0
25	0
26	0
27	0
28	0
29	0
30	0
31	0
32	0
33	0
34	0
35	0
36	0
37	0
38	0
39	0
40	0
41	0
42	0
43	0
44	0
45	0
46	0
47	0
48	0
49	0
50	0
51	0
52	0
53	0
54	0
55	0
56	0
57	0
58	0
59	0
60	0
61	0
62	0
63	0
64	0
65	0
66	0
67	0
68	0
69	0
70	0
71	0
72	0
73	0
74	0
75	0
76	0
77	0
78	0
79	0
80	0
81	0
82	0
83	0
84	0
85	0
86	0
87	0
88	0
89	0
90	0
91	0
92	0
93	0
94	0
95	0
96	0
97	0
98	0
99	0
100	0
101	0
102	0
103	0
104	0
105	0
106	0
107	0
108	0
109	0
110	0
111	0
112	0
113	0
114	0
115	0
116	0
117	0
118	0
119	0
120	0
121	0
122	0
123	0
124	0
125	0
126	0
127	0
128	0
129	0
130	0
131	0
132	0
133	0
134	0
135	0
136	0
137	0
138	0
139	0
140	0
141	0
142	0
143	0
144	0
145	0
146	0
147	0
148	0
149	0
150	0
151	0
152	0
153	0
154	0
155	0
156	0
157	0
158	0
159	0
160	0
161	0
162	0
163	0
164	0
165	0
166	0
167	0
168	0
169	0
170	0
171	0
172	0
173	0
174	0
175	0
176	0
177	0
178	0
179	0
180	0
181	0
182	0
183	0
184	0
185	0
186	0
187	0
188	0
189	0
190	0
191	0
192	0
193	0
194	0
195	1
196	0
197	11
198	13
199	20
200	23
201	20
202	24
203	17
204	11
205	17
206	10
207	18
208	15
209	16
210	10
211	23
212	14
213	9
214	11
215	14
216	12
217	9
218	14
219	17
220	19
221	14
222	17
223	15
224	6
225	16
226	11
227	12
228	11
229	11
230	8
231	4
232	9
233	16
234	11
235	10
236	13
237	7
238	11
239	16
240	10
241	11
242	9
243	12
244	9
245	7
246	11
247	6
248	7
249	12
250	6
251	9
252	8
253	9
254	11
255	6
256	8
257	5
258	9
259	8
260	10
261	13
262	11
263	9
264	11
265	4
266	8
267	8
268	8
269	12
270	10
271	7
272	8
273	9
274	11
275	7
276	11
277	2
278	11
279	8
280	8
281	12
282	7
283	12
284	7
285	6
286	8
287	10
288	4
289	8
290	7
291	5
292	14
293	3
294	11
295	8
296	7
297	7
298	6
299	6
300	9
301	8
302	7
303	12
304	6
305	3
306	10
307	7
308	8
309	7
310	12
311	9
312	9
313	4
314	4
315	6
316	5
317	11
318	7
319	3
320	8
321	7
322	9
323	7
324	4
325	7
326	11
327	7
328	6
329	9
330	8
331	12
332	6
333	5
334	4
335	10
336	2
337	9
338	4
339	10
340	4
341	9
342	4
343	5
344	6
345	0
346	4
347	5
348	5
349	8
350	5
351	7
352	9
353	7
354	5
355	3
356	4
357	12
358	7
359	6
360	6
361	4
362	5
363	15
364	5
365	5
366	6
367	6
368	1
369	3
370	3
371	4
372	4
373	6
374	9
375	6
376	4
377	4
378	4
379	10
380	6
381	7
382	8
383	8
384	6
385	5
386	4
387	3
388	11
389	6
390	5
391	6
392	4
393	4
394	4
395	9
396	4
397	7
398	4
399	6
400	6
401	8
402	5
403	10
404	8
405	4
406	5
407	7
408	3
409	7
410	9
411	7
412	5
413	5
414	9
415	4
416	6
417	6
418	4
419	8
420	7
421	3
422	6
423	7
424	4
425	8
426	10
427	3
428	3
429	6
430	6
431	13
432	4
433	7
434	9
435	8
436	3
437	4
438	3
439	4
440	7
441	4
442	10
443	5
444	4
445	2
446	6
447	5
448	5
449	5
450	3
451	5
452	4
453	4
454	6
455	2
456	2
457	2
458	8
459	3
460	4
461	3
462	5
463	9
464	6
465	4
466	2
467	3
468	4
469	5
470	6
471	4
472	3
473	9
474	4
475	3
476	3
477	4
478	6
479	1
480	3
481	2
482	3
483	6
484	4
485	5
486	5
487	3
488	4
489	5
490	4
491	5
492	2
493	2
494	4
495	1
496	0
497	2
498	3
499	4
500	2
501	2
502	2
503	1
504	7
505	6
506	3
507	2
508	5
509	4
510	2
511	5
512	2
513	3
514	5
515	5
516	5
517	2
518	6
519	1
520	3
521	5
522	4
523	2
524	7
525	2
526	3
527	2
528	7
529	2
530	5
531	4
532	2
533	4
534	5
535	3
536	4
537	3
538	1
539	8
540	8
541	3
542	3
543	3
544	4
545	2
546	3
547	2
548	1
549	3
550	2
551	1
552	4
553	2
554	3
555	2
556	3
557	2
558	0
559	5
560	1
561	3
562	1
563	4
564	4
565	3
566	4
567	1
568	5
569	2
570	1
571	5
572	2
573	0
574	2
575	2
576	1
577	5
578	2
579	2
580	4
581	1
582	3
583	4
584	2
585	2
586	1
587	6
588	1
589	0
590	1
591	1
592	2
593	4
594	1
595	3
596	3
597	1
598	5
599	3
600	4
601	2
602	5
603	4
604	2
605	3
606	1
607	2
608	1
609	3
610	0
611	5
612	4
613	2
614	2
615	1
616	0
617	3
618	2
619	5
620	3
621	2
622	1
623	4
624	1
625	2
626	1
627	7
628	0
629	0
630	3
631	2
632	4
633	2
634	3
635	3
636	1
637	3
638	5
639	1
640	4
641	2
642	2
643	3
644	0
645	5
646	2
647	3
648	3
649	4
650	4
651	2
652	1
653	2
654	0
655	3
656	2
657	2
658	2
659	2
660	3
661	3
662	2
663	1
664	3
665	4
666	1
667	0
668	2
669	2
670	2
671	4
672	4
673	1
674	1
675	1
676	1
677	3
678	0
679	3
680	0
681	2
682	1
683	2
684	2
685	1
686	1
687	3
688	3
689	2
690	2
691	3
692	1
693	2
694	4
695	1
696	4
697	1
698	2
699	1
700	4
701	3
702	4
703	3
704	1
705	2
706	2
707	0
708	3
709	2
710	2
711	1
712	0
713	3
714	4
715	3
716	1
717	1
718	3
719	3
720	3
721	0
722	1
723	2
724	1
725	1
726	1
727	2
728	1
729	2
730	2
731	0
732	0
733	2
734	1
735	1
736	3
737	0
738	4
739	2
740	2
741	2
742	3
743	1
744	0
745	3
746	4
747	3
748	1
749	4
750	2
751	3
752	2
753	1
754	3
755	2
756	2
757	4
758	1
759	1
760	0
761	3
762	2
763	1
764	2
765	1
766	3
767	4
768	4
769	2
770	3
771	4
772	2
773	6
774	4
775	0
776	1
777	5
778	3
779	1
780	0
781	1
782	0
783	1
784	5
785	1
786	0
787	4
788	1
789	2
790	2
791	3
792	1
793	2
794	3
795	4
796	1
797	3
798	3
799	0
800	3
801	6
802	1
803	2
804	2
805	3
806	1
807	4
808	2
809	2
810	3
811	1
812	2
813	2
814	2
815	0
816	2
817	3
818	1
819	4
820	0
821	2
822	1
823	4
824	0
825	6
826	1
827	2
828	1
829	3
830	5
831	1
832	2
833	3
834	1
835	1
836	3
837	0
838	2
839	1
840	1
841	3
842	1
843	1
844	0
845	2
846	3
847	6
848	0
849	2
850	1
851	2
852	5
853	3
854	2
855	3
856	6
857	2
858	1
859	1
860	3
861	3
862	1
863	1
864	2
865	1
866	3
867	4
868	2
869	2
870	2
871	1
872	1
873	1
874	3
875	1
876	1
877	3
878	4
879	3
880	1
881	2
882	2
883	3
884	1
885	5
886	2
887	0
888	1
889	3
890	0
891	2
892	1
893	4
894	5
895	2
896	2
897	0
898	2
899	3
900	1
901	2
902	1
903	1
904	4
905	4
906	3
907	1
908	3
909	1
910	0
911	2
912	2
913	2
914	2
915	3
916	5
917	0
918	1
919	2
920	3
921	1
922	2
923	5
924	4
925	4
926	1
927	3
928	1
929	0
930	3
931	0
932	1
933	3
934	4
935	0
936	4
937	1
938	2
939	5
940	2
941	3
942	4
943	0
944	2
945	2
946	1
947	1
948	1
949	4
950	2
951	3
952	1
953	0
954	3
955	3
956	1
957	1
958	1
959	0
960	0
961	1
962	5
963	0
964	2
965	1
966	3
967	2
968	0
969	2
970	4
971	0
972	2
973	4
974	1
975	1
976	1
977	0
978	0
979	1
980	2
981	6
982	2
983	3
984	2
985	2
986	2
987	3
988	2
989	5
990	2
991	4
992	2
993	1
994	5
995	2
996	2
997	1
998	6
999	3
1000	2
1001	0
1002	3
1003	3
1004	1
1005	4
1006	2
1007	3
1008	2
1009	2
1010	5
1011	0
1012	6
1013	3
1014	5
1015	1
1016	1
1017	1
1018	1
1019	1
1020	2
1021	0
1022	0
1023	1
1024	3
1025	2
1026	1
1027	2
1028	3
1029	4
1030	1
1031	2
1032	1
1033	1
1034	2
1035	2
1036	3
1037	4
1038	1
1039	1
1040	1
1041	1
1042	3
1043	3
1044	5
1045	3
1046	2
1047	1
1048	4
1049	1
1050	2
1051	2
1052	4
1053	3
1054	2
1055	3
1056	3
1057	3
1058	0
1059	2
1060	2
1061	0
1062	4
1063	1
1064	5
1065	2
1066	2
1067	1
1068	3
1069	0
1070	3
1071	2
1072	2
1073	2
1074	8
1075	5
1076	1
1077	4
1078	0
1079	1
1080	1
1081	2
1082	5
1083	2
1084	4
1085	1
1086	1
1087	1
1088	3
1089	5
1090	1
1091	4
1092	1
1093	2
1094	3
1095	2
1096	1
1097	0
1098	3
1099	1
1100	3
1101	2
1102	4
1103	2
1104	4
1105	1
1106	6
1107	5
1108	0
1109	4
1110	2
1111	3
1112	7
1113	4
1114	5
1115	6
1116	4
1117	3
1118	2
1119	3
1120	4
1121	1
1122	1
1123	3
1124	3
1125	3
1126	3
1127	4
1128	6
1129	2
1130	2
1131	1
1132	3
1133	3
1134	4
1135	2
1136	2
1137	1
1138	7
1139	5
1140	1
1141	2
1142	1
1143	2
1144	2
1145	2
1146	2
1147	4
1148	2
1149	3
1150	1
1151	0
1152	1
1153	4
1154	2
1155	5
1156	0
1157	3
1158	7
1159	5
1160	1
1161	2
1162	2
1163	2
1164	3
1165	1
1166	1
1167	1
1168	1
1169	1
1170	2
1171	1
1172	4
1173	4
1174	3
1175	3
1176	4
1177	3
1178	1
1179	3
1180	3
1181	1
1182	3
1183	3
1184	1
1185	6
1186	3
1187	3
1188	7
1189	5
1190	7
1191	1
1192	4
1193	2
1194	2
1195	3
1196	3
1197	6
1198	3
1199	4
1200	5
1201	8
1202	4
1203	4
1204	5
1205	2
1206	7
1207	3
1208	3
1209	7
1210	7
1211	4
1212	5
1213	5
1214	8
1215	7
1216	1
1217	3
1218	7
1219	4
1220	4
1221	1
1222	3
1223	1
1224	9
1225	5
1226	5
1227	6
1228	4
1229	4
1230	4
1231	4
1232	9
1233	7
1234	4
1235	3
1236	4
1237	8
1238	8
1239	3
1240	7
1241	5
1242	5
1243	6
1244	8
1245	4
1246	4
1247	7
1248	1
1249	7
1250	5
1251	6
1252	3
1253	3
1254	4
1255	7
1256	3
1257	6
1258	8
1259	7
1260	3
1261	2
1262	5
1263	4
1264	8
1265	6
1266	7
1267	4
1268	8
1269	4
1270	9
1271	7
1272	9
1273	6
1274	5
1275	9
1276	6
1277	6
1278	3
1279	6
1280	4
1281	7
1282	2
1283	8
1284	6
1285	9
1286	2
1287	4
1288	4
1289	7
1290	1
1291	10
1292	4
1293	2
1294	6
1295	9
1296	7
1297	1
1298	3
1299	4
1300	6
1301	6
1302	3
1303	7
1304	8
1305	8
1306	6
1307	6
1308	11
1309	8
1310	7
1311	4
1312	6
1313	9
1314	5
1315	8
1316	4
1317	10
1318	11
1319	5
1320	5
1321	4
1322	6
1323	9
1324	6
1325	5
1326	7
1327	4
1328	3
1329	6
1330	8
1331	1
1332	5
1333	7
1334	5
1335	8
1336	6
1337	4
1338	2
1339	9
1340	9
1341	3
1342	7
1343	10
1344	10
1345	8
1346	12
1347	6
1348	3
1349	7
1350	12
1351	10
1352	6
1353	6
1354	7
1355	5
1356	6
1357	11
1358	8
1359	5
1360	8
1361	11
1362	14
1363	8
1364	10
1365	8
1366	10
1367	7
1368	9
1369	10
1370	13
1371	4
1372	15
1373	18
1374	7
1375	9
1376	20
1377	10
1378	18
1379	10
1380	15
1381	14
1382	19
1383	19
1384	15
1385	21
1386	11
1387	17
1388	20
1389	13
1390	18
1391	22
1392	25
1393	26
1394	28
1395	20
1396	21
1397	23
1398	27
1399	33
1400	28
1401	36
1402	30
1403	28
1404	30
1405	46
1406	36
1407	30
1408	33
1409	41
1410	37
1411	29
1412	46
1413	46
1414	59
1415	39
1416	48
1417	66
1418	63
1419	47
1420	50
1421	58
1422	56
1423	66
1424	67
1425	73
1426	67
1427	69
1428	87
1429	72
1430	92
1431	79
1432	84
1433	73
1434	83
1435	100
1436	94
1437	102
1438	106
1439	107
1440	93
1441	104
1442	121
1443	125
1444	133
1445	132
1446	129
1447	130
1448	146
1449	158
1450	161
1451	162
1452	158
1453	153
1454	192
1455	177
1456	192
1457	159
1458	208
1459	167
1460	196
1461	207
1462	184
1463	197
1464	210
1465	245
1466	232
1467	238
1468	227
1469	231
1470	269
1471	261
1472	278
1473	280
1474	248
1475	278
1476	283
1477	314
1478	323
1479	309
1480	285
1481	306
1482	346
1483	334
1484	338
1485	314
1486	347
1487	318
1488	353
1489	369
1490	363
1491	361
1492	339
1493	399
1494	390
1495	401
1496	405
1497	368
1498	408
1499	423
1500	385
1501	388
1502	403
1503	385
1504	385
1505	426
1506	411
1507	456
1508	397
1509	391
1510	454
1511	410
1512	451
1513	422
1514	489
1515	448
1516	437
1517	406
1518	448
1519	432
1520	412
1521	432
1522	440
1523	431
1524	390
1525	391
1526	388
1527	368
1528	417
1529	390
1530	420
1531	375
1532	390
1533	365
1534	375
1535	359
1536	373
1537	337
1538	357
1539	377
1540	338
1541	347
1542	327
1543	363
1544	319
1545	293
1546	309
1547	296
1548	345
1549	315
1550	279
1551	290
1552	290
1553	297
1554	251
1555	267
1556	241
1557	247
1558	239
1559	240
1560	228
1561	254
1562	228
1563	216
1564	207
1565	205
1566	193
1567	224
1568	186
1569	156
1570	175
1571	198
1572	155
1573	157
1574	161
1575	170
1576	132
1577	145
1578	161
1579	118
1580	116
1581	104
1582	107
1583	120
1584	101
1585	105
1586	98
1587	105
1588	95
1589	87
1590	97
1591	71
1592	78
1593	71
1594	89
1595	57
1596	65
1597	52
1598	68
1599	57
1600	73
1601	44
1602	49
1603	43
1604	36
1605	40
1606	40
1607	44
1608	43
1609	46
1610	30
1611	25
1612	33
1613	34
1614	33
1615	23
1616	19
1617	24
1618	33
1619	16
1620	22
1621	19
1622	15
1623	19
1624	15
1625	12
1626	18
1627	16
1628	9
1629	12
1630	8
1631	9
1632	10
1633	4
1634	9
1635	5
1636	3
1637	4
1638	2
1639	9
1640	4
1641	6
1642	2
1643	1
1644	4
1645	6
1646	3
1647	2
1648	4
1649	1
1650	3
1651	0
1652	4
1653	0
1654	3
1655	2
1656	3
1657	0
1658	3
1659	0
1660	1
1661	0
1662	1
1663	0
1664	2
1665	1
1666	0
1667	0
1668	0
1669	1
1670	0
1671	1
1672	0
1673	0
1674	0
1675	0
1676	0
1677	0
1678	0
1679	1
1680	0
1681	0
1682	0
1683	0
1684	1
1685	0
1686	0
1687	0
1688	0
1689	0
1690	0
1691	0
1692	1
1693	0
1694	0
1695	0
1696	0
1697	0
1698	0
1699	1
1700	1
1701	0
1702	0
1703	0
1704	0
1705	0
1706	0
1707	0
1708	0
1709	0
1710	0
1711	0
1712	0
1713	0
1714	0
1715	0
1716	0
1717	0
1718	0
1719	0
1720	0
1721	0
1722	0
1723	0
1724	0
1725	0
1726	0
1727	0
1728	0
1729	0
1730	0
1731	0
1732	0
1733	0
1734	0
1735	0
1736	0
1737	1
1738	0
1739	0
1740	0
1741	0
1742	0
1743	0
1744	0
1745	0
1746	0
1747	0
1748	0
1749	0
1750	0
1751	0
1752	0
1753	0
1754	0
1755	0
1756	0
1757	0
1758	0
1759	0
1760	0
1761	0
1762	0
1763	0
1764	0
1765	0
1766	0
1767	0
1768	0
1769	0
1770	0
1771	0
1772	0
1773	0
1774	0
1775	0
1776	0
1777	0
1778	0
1779	0
1780	0
1781	0
1782	0
1783	0
1784	1
1785	0
1786	0
1787	0
1788	0
1789	0
1790	0
1791	0
1792	0
1793	0
1794	0
1795	0
1796	0
1797	0
1798	0
1799	0
1800	0
1801	0
1802	0
1803	0
1804	0
1805	0
1806	0
1807	0
1808	0
1809	0
1810	0
1811	0
1812	0
1813	0
1814	1
1815	0
1816	0
1817	0
1818	0
1819	0
1820	0
1821	0
1822	0
1823	0
1824	0
1825	0
1826	0
1827	0
1828	0
1829	0
1830	0
1831	0
1832	0
1833	0
1834	0
1835	0
1836	0
1837	0
1838	1
1839	0
1840	0
1841	0
1842	0
1843	0
1844	0
1845	0
1846	1
1847	0
1848	0
1849	0
1850	0
1851	0
1852	0
1853	0
1854	0
1855	0
1856	0
1857	0
1858	0
1859	0
1860	0
1861	0
1862	0
1863	0
1864	0
1865	0
1866	0
1867	0
1868	0
1869	0
1870	0
1871	0
1872	1
1873	0
1874	0
1875	0
1876	0
1877	0
1878	0
1879	0
1880	0
1881	0
1882	0
1883	0
1884	0
1885	0
1886	0
1887	0
1888	0
1889	0
1890	0
1891	0
1892	0
1893	0
1894	0
1895	0
1896	0
1897	0
1898	0
1899	0
1900	0
1901	0
1902	0
1903	0
1904	0
1905	0
1906	1
1907	0
1908	0
1909	0
1910	0
1911	0
1912	0
1913	0
1914	0
1915	0
1916	0
1917	0
1918	0
1919	0
1920	0
1921	0
1922	0
1923	0
1924	0
1925	0
1926	0
1927	0
1928	0
1929	0
1930	0
1931	0
1932	0
1933	0
1934	0
1935	0
1936	0
1937	0
1938	0
1939	0
1940	0
1941	0
1942	0
1943	0
1944	0
1945	0
1946	0
1947	0
1948	0
1949	0
1950	0
1951	0
1952	0
1953	0
1954	0
1955	0
1956	0
1957	0
1958	0
1959	1
1960	0
1961	0
1962	0
1963	0
1964	0
1965	1
1966	0
1967	0
1968	0
1969	0
1970	0
1971	0
1972	0
1973	0
1974	0
1975	0
1976	0
1977	0
1978	0
1979	0
1980	0
1981	0
1982	0
1983	0
1984	0
1985	0
1986	0
1987	0
1988	0
1989	0
1990	0
1991	0
1992	0
1993	0
1994	0
1995	0
1996	0
1997	0
1998	0
1999	0
2000	0
2001	0
2002	0
2003	0
2004	0
2005	0
2006	0
2007	0
2008	0
2009	0
2010	0
2011	0
2012	0
2013	0
2014	0
2015	0
2016	0
2017	0
2018	0
2019	0
2020	0
2021	0
2022	0
2023	0
2024	0
2025	0
2026	0
2027	0
2028	0
2029	0
2030	0
2031	0
2032	0
2033	0
2034	0
2035	0
2036	0
2037	0
2038	0
2039	0
2040	0
2041	0
2042	0
2043	0
2044	0
2045	0
2046	0
2047	0
