$SPEC_ID:
No sample description was entered.
$SPEC_REM:
DET# 1
DETDESC# 
AP# Maestro Version 6.08
$DATE_MEA:
09/21/2017 09:04:07
$MEAS_TIM:
120 120
$DATA:
0 2047
       0
       0
       0
       0
       0
       0
       0
       0
       0
       0
       0
       0
       0
       0
       0
       0
       0
       0
       0
       0
       0
       0
       0
       0
       0
       0
       0
       0
       0
       0
       0
       0
       0
       0
       0
       0
       0
       0
       0
       0
       0
       0
       0
       0
       0
       0
       0
       0
       0
       0
       0
       0
       0
       0
       0
       0
       0
       0
       0
       0
       0
       0
       0
       0
       0
       0
       0
       0
       0
       0
       0
       0
       0
       0
       0
       0
       0
       0
       0
       0
       0
       0
       0
       0
       0
       0
       0
       0
       0
       0
       0
       0
       0
       0
       0
       0
       0
       0
       0
       0
       0
       0
       0
       0
       0
       0
       0
       0
       0
       0
       0
       0
       0
       0
       0
       0
       0
       0
       0
       0
       0
       0
       0
       0
       0
       0
       0
       0
       0
       0
       0
       0
       0
       0
       0
       0
       0
       0
       0
       0
       0
       0
       0
       0
       0
       0
       0
       0
       0
       0
       0
       0
       0
       0
       0
       0
       0
       0
       0
       0
       0
       0
       0
       0
       0
       0
       0
       0
       0
       0
       0
       0
       0
       0
       0
       0
       0
       0
       0
       0
       0
       0
       0
       0
       0
       0
       0
       0
       0
       0
       0
       0
       0
       0
       0
       0
       0
       0
       1
       0
       0
       2
       2
       1
       2
       2
       2
       2
       1
       2
       1
       3
       1
       3
       0
       0
       2
       0
       1
       1
       1
       2
       4
       3
       0
       2
       2
       1
       1
       0
       1
       0
       1
       1
       1
       0
       2
       1
       2
       1
       2
       3
       0
       1
       2
       1
       2
       2
       0
       0
       1
       3
       1
       0
       1
       0
       3
       2
       3
       0
       2
       0
       3
       0
       0
       1
       0
       3
       0
       4
       2
       3
       3
       0
       1
       3
       1
       3
       1
       1
       1
       0
       2
       1
       2
       2
       0
       2
       4
       2
       1
       0
       4
       1
       2
       3
       1
       2
       3
       0
       2
       0
       1
       2
       0
       0
       3
       0
       2
       1
       0
       2
       1
       1
       3
       2
       3
       2
       0
       1
       0
       0
       2
       1
       1
       2
       1
       2
       1
       1
       1
       1
       0
       2
       0
       1
       1
       0
       3
       1
       0
       1
       1
       0
       3
       3
       1
       2
       1
       0
       2
       0
       3
       4
       0
       1
       1
       4
       0
       2
       4
       4
       1
       2
       1
       2
       1
       3
       0
       2
       1
       0
       2
       5
       0
       1
       2
       3
       0
       2
       2
       3
       2
       3
       1
       2
       0
       1
       1
       3
       2
       3
       2
       0
       2
       1
       1
       4
       3
       0
       1
       1
       0
       2
       5
       2
       0
       2
       1
       0
       1
       1
       3
       0
       1
       3
       2
       2
       4
       2
       1
       1
       2
       4
       2
       0
       1
       2
       2
       0
       2
       2
       0
       3
       1
       0
       1
       0
       1
       2
       2
       1
       2
       0
       3
       2
       2
       2
       1
       2
       2
       4
       2
       3
       1
       3
       2
       2
       1
       0
       4
       0
       3
       0
       2
       3
       2
       1
       2
       1
       1
       2
       2
       2
       2
       1
       1
       1
       1
       5
       0
       3
       4
       3
       0
       1
       3
       1
       3
       0
       1
       4
       1
       2
       1
       1
       3
       0
       2
       1
       1
       2
       1
       1
       3
       1
       3
       3
       1
       0
       1
       3
       3
       3
       0
       1
       0
       3
       0
       0
       2
       1
       1
       0
       2
       4
       2
       1
       2
       0
       0
       0
       4
       5
       1
       0
       1
       3
       2
       1
       1
       2
       1
       1
       2
       1
       2
       3
       2
       1
       2
       1
       1
       3
       3
       0
       3
       2
       2
       2
       1
       1
       2
       2
       2
       3
       4
       2
       0
       1
       1
       2
       3
       3
       3
       1
       1
       3
       0
       1
       1
       2
       0
       2
       2
       2
       3
       2
       3
       0
       1
       3
       2
       0
       2
       2
       2
       3
       2
       3
       0
       2
       0
       2
       3
       2
       4
       1
       0
       1
       4
       3
       2
       4
       1
       2
       2
       3
       2
       1
       1
       2
       2
       2
       0
       0
       5
       3
       0
       1
       3
       2
       6
       3
       1
       2
       1
       2
       0
       5
       4
       2
       2
       1
       1
       2
       0
       1
       3
       2
       4
       1
       1
       2
       1
       4
       1
       0
       3
       2
       1
       3
       1
       2
       1
       6
       1
       4
       1
       3
       1
       4
       3
       3
       1
       1
       0
       4
       2
       3
       1
       3
       3
       2
       2
       0
       1
       1
       0
       4
       4
       3
       2
       2
       2
       1
       4
       3
       5
       1
       4
       2
       1
       6
       1
       4
       1
       2
       6
       2
       2
       2
       1
       2
       4
       1
       2
       1
       6
       1
       3
       7
       1
       0
       3
       2
       2
       3
       3
       1
       1
       3
       2
       7
       2
       2
       3
       5
       0
       2
       2
       3
       1
       1
       2
       1
       0
       1
       4
       6
       2
       2
       1
       4
       1
       2
       2
       1
       1
       6
       3
       2
       4
       3
       1
       0
       2
       2
       4
       1
       1
       3
       2
       3
       5
       0
       4
       2
       2
       4
       2
       1
       1
       0
       0
       6
       0
       3
       2
       7
       2
       2
       0
       2
       0
       1
       2
       0
       1
       3
       3
       2
       1
       0
       2
       4
       4
       3
       7
       3
       4
       0
       2
       5
       3
       1
       1
       1
       6
       2
       2
       3
       2
       1
       1
       1
       1
       3
       6
       1
       5
       0
       1
       3
       3
       2
       6
       4
       0
       2
       2
       2
       1
       1
       1
       2
       3
       1
       2
       2
       1
       3
       3
       0
       2
       4
       2
       0
       3
       0
       2
       5
       2
       0
       1
       2
       1
       1
       2
       2
       0
       2
       2
       4
       1
       4
       2
       1
       2
       1
       4
       1
       3
       4
       3
       1
       1
       2
       3
       0
       2
       1
       3
       5
       2
       4
       0
       1
       0
       1
       2
       1
       4
       3
       1
       1
       1
       3
       0
       2
       3
       2
       2
       2
       0
       1
       4
       5
       3
       1
       4
       2
       3
       1
       1
       2
       3
       2
       0
       2
       1
       4
       6
       4
       3
       2
       3
       0
       0
       3
       3
       3
       2
       2
       3
       1
       0
       3
       4
       1
       2
       4
       1
       1
       3
       1
       4
       1
       2
       3
       2
       5
       2
       2
       2
       4
       0
       1
       0
       2
       1
       2
       1
       1
       2
       3
       3
       3
       3
       5
       7
       1
       3
       2
       2
       3
       4
       4
       4
       4
       2
       3
       3
       1
       1
       5
       3
       2
       1
       4
       2
       3
       3
       3
       2
       1
       0
       3
       0
       1
       3
       4
       3
       2
       1
       3
       1
       0
       4
       1
       3
       0
       6
       0
       3
       2
       2
       1
       2
       3
       4
       4
       4
       3
       4
       1
       3
       2
       6
       5
       2
       5
       1
       3
       3
       2
       2
       1
       0
       1
       1
       2
       1
       3
       3
       2
       2
       1
       3
       2
       3
       1
       5
       1
       1
       3
       2
       2
       1
       4
       1
       1
       4
       0
       6
       5
       1
       2
       2
       3
       3
       0
       4
       1
       2
       2
       5
       2
       1
       1
       2
       1
       2
       3
       3
       4
       4
       2
       3
       5
       1
       2
       0
       3
       1
       0
       2
       4
       4
       2
       5
       0
       0
       4
       2
       1
       2
       3
       4
       1
       1
       2
       6
       1
       4
       1
       1
       4
       1
       4
       2
       1
       2
       0
       2
       1
       1
       5
       0
       4
       1
       1
       3
       2
       2
       2
       2
       4
       0
       4
       1
       1
       1
       3
       5
       2
       6
       1
       2
       3
       1
       5
       3
       3
       2
       1
       1
       3
       2
       4
       1
       1
       1
       4
       4
       2
       3
       1
       3
       2
       4
       2
       6
       3
       3
       2
       4
       3
       5
       6
       4
       3
       1
       3
       5
       1
       2
       6
       5
       2
       2
       3
       3
       0
       1
       3
       4
       3
       5
       5
       4
       3
       4
       2
       2
       6
       9
       3
       4
       6
       5
       3
       3
       5
       8
       3
      11
       7
       2
       6
       6
       6
       6
       2
       6
       5
       4
       6
       4
       2
       5
       5
       3
       4
       5
       5
       6
       8
       7
       8
       9
       5
       5
       5
       6
       7
       5
       4
       4
       4
       7
       4
       9
       6
       2
       7
       4
       4
       5
       6
       5
       5
       2
       9
       5
       4
       6
      11
       9
       5
       6
       6
       2
       5
       5
       6
       1
       4
       7
       2
       7
      12
       7
       2
       7
       4
      13
       5
       7
       4
       3
       7
       6
       5
       5
       5
       1
       7
       6
       6
       5
       7
       2
       9
       4
       7
       7
       5
       5
       5
       4
       4
       8
       4
       5
       5
       5
       9
       8
       7
       8
       7
       5
       3
       6
       4
       6
       5
       6
       5
       7
       5
       8
       5
       8
       6
       7
      13
       7
       6
      12
       4
       8
       9
       7
      10
      12
       6
       8
       6
      11
       8
       8
      13
       7
       7
      10
       6
      15
       7
      12
       5
      18
      10
      11
      16
      14
      15
      23
      19
      15
      18
       9
      16
      24
      12
      20
      17
      23
      25
      20
      22
      16
      20
      21
      27
      27
      33
      26
      25
      22
      42
      29
      52
      28
      39
      35
      30
      38
      42
      39
      59
      43
      47
      49
      45
      58
      44
      49
      51
      74
      49
      71
      79
      76
      65
      62
      72
      79
      87
      83
      76
      87
      76
      95
      81
     107
     115
     112
     138
     110
     130
     114
     153
     120
     147
     136
     143
     138
     156
     169
     162
     167
     148
     208
     188
     200
     220
     180
     185
     193
     189
     226
     207
     233
     226
     248
     251
     240
     263
     255
     283
     244
     263
     272
     295
     281
     344
     333
     310
     290
     310
     341
     339
     333
     340
     331
     339
     372
     387
     378
     376
     395
     371
     388
     378
     381
     424
     384
     384
     399
     407
     380
     456
     407
     398
     392
     406
     393
     356
     416
     466
     415
     398
     415
     403
     428
     411
     411
     419
     406
     372
     367
     436
     392
     383
     408
     403
     384
     390
     384
     360
     337
     378
     362
     349
     382
     349
     350
     336
     337
     368
     345
     319
     318
     315
     315
     292
     299
     300
     245
     279
     240
     245
     237
     227
     251
     261
     202
     222
     233
     202
     202
     220
     182
     196
     184
     201
     165
     168
     155
     158
     184
     159
     128
     140
     144
     130
     129
     113
     110
     116
     114
     112
     100
      95
     100
      91
     101
      76
      80
      71
      70
      67
      60
      52
      64
      49
      63
      32
      55
      51
      53
      38
      57
      38
      47
      37
      35
      25
      30
      26
      34
      38
      29
      21
      24
      15
      20
      13
      28
      13
      18
      20
      18
      11
      11
      11
      21
      10
       9
      11
       7
       8
       6
       8
       6
       1
       6
       8
       3
       1
       2
       3
       2
       6
       3
       3
       2
       2
       2
       3
       0
       1
       2
       1
       0
       0
       0
       0
       1
       1
       1
       2
       0
       0
       0
       0
       0
       0
       2
       0
       0
       0
       0
       0
       1
       0
       0
       0
       0
       0
       0
       0
       0
       0
       0
       0
       0
       0
       0
       0
       0
       0
       0
       0
       0
       0
       0
       0
       0
       0
       0
       0
       0
       0
       0
       0
       0
       0
       0
       1
       0
       0
       0
       0
       0
       0
       0
       0
       0
       0
       0
       0
       0
       0
       0
       0
       0
       0
       0
       0
       0
       0
       0
       0
       0
       0
       0
       0
       0
       0
       0
       1
       0
       1
       0
       0
       0
       0
       0
       0
       0
       0
       0
       0
       0
       0
       0
       0
       0
       0
       0
       0
       0
       0
       0
       0
       0
       0
       0
       0
       0
       0
       0
       0
       0
       0
       0
       0
       0
       0
       0
       0
       0
       0
       0
       0
       0
       0
       0
       0
       0
       1
       0
       0
       0
       0
       0
       0
       0
       0
       0
       0
       0
       0
       0
       0
       0
       0
       0
       0
       0
       0
       0
       0
       0
       0
       0
       0
       0
       0
       0
       0
       0
       0
       0
       0
       0
       0
       0
       0
       0
       0
       0
       0
       0
       0
       0
       0
       0
       0
       0
       0
       0
       0
       0
       0
       0
       0
       0
       0
       1
       0
       0
       0
       0
       0
       0
       0
       0
       0
       0
       0
       1
       0
       0
       0
       0
       0
       0
       0
       0
       0
       0
       0
       0
       0
       0
       0
       0
       0
       0
       0
       0
       0
       0
       0
       0
       0
       0
       0
       0
       0
       1
       0
       0
       0
       0
       0
       0
       0
       0
       0
       0
       0
       0
       0
       0
       0
       0
       0
       0
       0
       0
       0
       0
       0
       0
       0
       0
       0
       0
       0
       0
       0
       0
       0
       0
       0
       0
       0
       0
       0
       0
       0
       0
       0
       0
       0
       0
       0
       0
       0
       0
       0
       0
       0
       1
       0
       0
       0
       0
       0
       0
       0
       0
       0
       0
       0
       0
       0
       0
       0
       0
       0
       0
       1
       0
       0
       0
       0
       0
       0
       0
       0
       0
       0
       0
       0
       0
       0
       1
       0
       0
       0
       0
       0
       0
       0
       0
       0
       0
       0
       0
       0
       0
       1
       0
       0
       0
       0
       0
       0
       0
       0
       0
       0
       0
       0
       0
       0
       0
       0
       0
       0
       0
       0
       0
       0
       0
       0
       0
       0
       0
       0
       0
       0
       0
       0
       0
       0
       0
       0
       0
       0
       0
       0
       0
       0
       0
       0
       0
       0
       0
       0
       0
       0
$ROI:
0
$PRESETS:
Live Time
120
0
$ENER_FIT:
0.000000 0.002526
$MCA_CAL:
3
0.000000E+000 2.525835E-003 0.000000E+000 keV
$SHAPE_CAL:
3
0.000000E+000 0.000000E+000 0.000000E+000
