$SPEC_ID:
No sample description was entered.
$SPEC_REM:
DET# 1
DETDESC# 
AP# Maestro Version 6.08
$DATE_MEA:
09/21/2017 09:08:08
$MEAS_TIM:
120 120
$DATA:
0 2047
       0
       0
       0
       0
       0
       0
       0
       0
       0
       0
       0
       0
       0
       0
       0
       0
       0
       0
       0
       0
       0
       0
       0
       0
       0
       0
       0
       0
       0
       0
       0
       0
       0
       0
       0
       0
       0
       0
       0
       0
       0
       0
       0
       0
       0
       0
       0
       0
       0
       0
       0
       0
       0
       0
       0
       0
       0
       0
       0
       0
       0
       0
       0
       0
       0
       0
       0
       0
       0
       0
       0
       0
       0
       0
       0
       0
       0
       0
       0
       0
       0
       0
       0
       0
       0
       0
       0
       0
       0
       0
       0
       0
       0
       0
       0
       0
       0
       0
       0
       0
       0
       0
       0
       0
       0
       0
       0
       0
       0
       0
       0
       0
       0
       0
       0
       0
       0
       0
       0
       0
       0
       0
       0
       0
       0
       0
       0
       0
       0
       0
       0
       0
       0
       0
       0
       0
       0
       0
       0
       0
       0
       0
       0
       0
       0
       0
       0
       0
       0
       0
       0
       0
       0
       0
       0
       0
       0
       0
       0
       0
       0
       0
       0
       0
       0
       0
       0
       0
       0
       0
       0
       0
       0
       0
       0
       0
       0
       0
       0
       0
       0
       0
       0
       0
       0
       0
       0
       0
       0
       0
       0
       0
       0
       0
       0
       0
       0
       0
       1
       2
       1
       0
       1
       2
       0
       1
       3
       0
       1
       1
       0
       2
       1
       2
       4
       2
       3
       2
       1
       1
       1
       0
       0
       0
       2
       2
       1
       2
       1
       0
       1
       3
       2
       0
       0
       2
       1
       1
       5
       3
       5
       4
       0
       1
       2
       3
       1
       4
       2
       2
       3
       2
       3
       0
       2
       2
       2
       1
       0
       2
       1
       1
       0
       1
       0
       0
       1
       1
       2
       2
       1
       1
       3
       1
       0
       1
       4
       1
       1
       1
       3
       0
       1
       2
       2
       1
       2
       2
       2
       2
       3
       3
       3
       0
       3
       0
       1
       1
       1
       3
       3
       0
       0
       1
       3
       3
       1
       1
       1
       2
       1
       0
       2
       0
       1
       0
       4
       0
       2
       2
       2
       2
       1
       3
       0
       0
       2
       1
       1
       3
       1
       0
       1
       1
       1
       2
       1
       1
       2
       3
       2
       1
       1
       3
       1
       0
       1
       4
       3
       2
       2
       1
       2
       3
       1
       1
       5
       1
       2
       0
       2
       0
       2
       1
       1
       1
       2
       0
       2
       0
       1
       2
       3
       3
       0
       2
       2
       1
       4
       1
       3
       2
       2
       1
       1
       3
       2
       3
       2
       0
       1
       0
       4
       1
       1
       0
       2
       3
       2
       1
       4
       2
       3
       3
       2
       3
       1
       5
       2
       1
       7
       1
       0
       0
       2
       1
       1
       2
       1
       4
       2
       1
       0
       0
       1
       3
       0
       2
       2
       1
       1
       2
       1
       4
       2
       2
       1
       2
       1
       1
       2
       0
       1
       3
       1
       4
       3
       1
       1
       2
       1
       2
       2
       6
       2
       2
       3
       4
       4
       2
       2
       0
       4
       4
       3
       2
       2
       2
       1
       1
       3
       2
       1
       3
       1
       1
       1
       4
       1
       2
       0
       4
       3
       2
       2
       1
       1
       0
       3
       1
       1
       5
       2
       3
       1
       0
       1
       4
       0
       2
       1
       2
       2
       1
       3
       1
       2
       1
       4
       2
       1
       5
       2
       2
       2
       1
       2
       1
       2
       1
       3
       2
       2
       3
       1
       2
       2
       0
       2
       2
       2
       1
       1
       0
       2
       2
       0
       2
       2
       3
       3
       3
       2
       0
       1
       3
       2
       1
       5
       1
       4
       2
       1
       1
       2
       2
       1
       2
       2
       3
       0
       2
       1
       4
       2
       1
       0
       1
       3
       1
       0
       3
       1
       3
       1
       1
       4
       2
       1
       1
       1
       0
       0
       2
       0
       2
       3
       2
       7
       5
       1
       1
       0
       0
       2
       1
       1
       3
       1
       0
       3
       0
       2
       4
       1
       2
       3
       2
       0
       1
       2
       1
       3
       0
       0
       2
       2
       5
       4
       1
       2
       2
       1
       4
       3
       1
       6
       3
       0
       3
       1
       1
       1
       1
       1
       0
       4
       3
       1
       0
       4
       1
       4
       2
       2
       2
       1
       3
       4
       1
       2
       1
       1
       0
       1
       4
       4
       1
       1
       4
       2
       1
       2
       1
       3
       3
       1
       0
       0
       1
       3
       6
       3
       2
       1
       1
       1
       3
       3
       4
       1
       0
       2
       5
       2
       1
       1
       4
       3
       1
       3
       1
       5
       0
       2
       3
       4
       6
       3
       2
       2
       1
       1
       1
       2
       1
       2
       6
       3
       0
       1
       0
       1
       1
       3
       2
       5
       1
       3
       3
       1
       4
       2
       1
       0
       4
       3
       5
       1
       1
       2
       3
       4
       1
       1
       3
       4
       5
       3
       3
       1
       1
       3
       4
       0
       1
       0
       0
       2
       1
       1
       3
       3
       1
       5
       2
       4
       2
       2
       4
       1
       0
       4
       1
       2
       3
       3
       2
       2
       8
       1
       3
       2
       2
       2
       3
       2
       1
       3
       3
       1
       2
       4
       2
       0
       0
       6
       3
       0
       4
       1
       6
       2
       0
       1
       2
       0
       2
       2
       0
       2
       1
       5
       3
       2
       1
       1
       3
       1
       3
       3
       2
       3
       1
       1
       1
       1
       2
       3
       2
       1
       2
       3
       3
       0
       4
       3
       0
       2
       0
       2
       2
       0
       4
       2
       4
       1
       1
       3
       1
       0
       3
       4
       0
       3
       2
       1
       2
       2
       2
       4
       0
       2
       1
       4
       0
       5
       3
       4
       6
       4
       2
       1
       1
       2
       2
       2
       1
       2
       2
       2
       0
       2
       4
       4
       2
       1
       1
       1
       3
       5
       5
       2
       3
       2
       2
       1
       0
       3
       1
       5
       4
       3
       3
       4
       3
       2
       3
       1
       2
       3
       3
       3
       1
       3
       3
       4
       0
       2
       2
       2
       4
       3
       1
       2
       1
       0
       3
       1
       0
       0
       2
       3
       3
       1
       2
       3
       2
       1
       4
       1
       4
       7
       1
       3
       0
       3
       2
       0
       3
       4
       0
       3
       7
       2
       0
       0
       3
       0
       1
       6
       4
       4
       1
       5
       2
       0
       0
       1
      10
       1
       1
       4
       3
       0
       2
       3
       4
       5
       4
       1
       3
       5
       3
       1
       1
       3
       1
       0
       6
       4
       2
       2
       3
       1
       2
       6
       3
       3
       1
       4
       2
       1
       3
       4
       3
       4
       0
       1
       2
       1
       1
       1
       5
       3
       0
       1
       3
       1
       5
       5
       1
       0
       2
       5
       2
       1
       4
       2
       3
       0
       3
       4
       2
       1
       1
       3
       2
       1
       1
       3
       2
       3
       2
       2
       3
       1
       0
       3
       0
       1
       4
       1
       3
       2
       2
       0
       3
       4
       3
       1
       4
       3
       2
       0
       2
       1
       5
       2
       2
       4
       9
       3
       2
       3
       5
       3
       1
       3
       2
       0
       3
       2
       0
       1
       1
       1
       1
       2
       3
       2
       2
       0
       1
       1
       3
       4
       2
       2
       5
       1
       4
       3
       2
       7
       4
       4
       2
       2
       2
       4
       2
       0
       3
       2
       3
       2
       1
       2
       4
       5
       4
       3
       1
       3
       3
       1
       1
       4
       2
       2
       0
       2
       1
       2
       3
       2
       3
       0
       2
       2
       4
       2
       1
       2
       3
       2
       3
       6
       3
       1
       5
       4
       1
       3
       2
       5
       4
       1
       5
       6
       1
       0
       2
       3
       3
       1
       5
       1
       4
       1
       1
       3
       1
       2
       4
       6
       3
       4
       4
       1
       2
       1
       1
       1
       7
       6
       2
       1
       6
       5
       1
       7
       5
       7
       2
       2
       5
       3
       4
       4
       2
       1
       5
       3
       4
       3
       2
       6
       4
       3
       6
       7
       7
       2
       4
       3
       5
       3
       6
       6
       0
       4
       4
       3
       5
       6
       8
       6
       3
       5
       8
       2
       4
       5
       4
       4
       4
       3
       8
       3
       3
       6
       4
       3
       5
      12
       2
       6
       6
       6
       6
       7
       6
       6
       8
       6
       2
       6
       5
       7
       2
       1
       4
       7
       6
       4
       4
       3
       8
       6
       6
       4
       5
       9
       6
       7
       4
       3
       7
       7
       5
       7
       3
       2
       5
       2
       6
       5
       4
       6
       3
       4
       5
      11
       6
       5
       5
       8
       6
       5
       4
       9
       8
       9
       3
       7
       3
      11
       4
       9
       5
       5
       5
       7
       5
       8
       5
       2
      10
       7
       7
       6
       8
       6
       4
       4
       5
       6
       3
       5
       8
       4
       9
       5
       5
       8
       5
       8
      11
       5
       5
       5
       6
       9
      10
       9
       5
       3
       7
      12
       9
       6
       8
       6
      10
       4
      11
       7
      10
      11
      13
       6
      11
       9
       8
       6
      10
       8
       6
      13
       5
       8
      10
      16
       8
      14
       9
       9
      16
      13
       8
      16
      17
      17
      12
      18
      11
      24
      17
      18
      12
      19
      20
      20
      22
      24
      24
      21
      22
      17
      23
      25
      27
      26
      27
      33
      43
      37
      31
      38
      39
      35
      34
      28
      29
      32
      38
      43
      53
      39
      41
      42
      37
      48
      65
      56
      59
      69
      78
      55
      61
      64
      91
      78
      83
      75
      74
     107
      72
      80
      76
     120
     116
     118
      87
     129
     123
     123
     120
     134
     124
     130
     139
     143
     134
     146
     141
     146
     166
     157
     174
     157
     194
     215
     196
     194
     179
     202
     182
     215
     226
     230
     228
     237
     222
     255
     241
     272
     231
     291
     279
     262
     287
     268
     323
     273
     326
     291
     309
     285
     277
     352
     327
     342
     283
     357
     352
     336
     357
     333
     400
     342
     429
     377
     394
     430
     401
     395
     381
     408
     399
     368
     392
     421
     393
     430
     401
     409
     443
     422
     423
     432
     397
     433
     427
     398
     435
     405
     431
     425
     395
     401
     417
     358
     400
     400
     369
     394
     379
     364
     359
     379
     358
     365
     346
     328
     341
     333
     349
     330
     333
     309
     323
     279
     273
     268
     293
     266
     273
     273
     292
     235
     253
     251
     229
     246
     219
     211
     210
     182
     227
     210
     183
     208
     191
     179
     161
     153
     163
     158
     149
     155
     156
     137
     141
     145
     135
     118
     120
     108
     117
     110
      89
     106
     103
      95
      83
      95
      92
      71
      67
      67
      72
      54
      69
      80
      69
      59
      62
      55
      50
      51
      42
      47
      40
      38
      35
      40
      34
      37
      22
      26
      22
      21
      22
      12
      23
      24
      18
      17
      11
      20
       9
      13
      14
       8
      12
      11
       9
       9
      11
      15
       4
       8
       8
       4
       4
       6
       5
       4
       3
       3
       6
       1
       3
       3
       5
       1
       4
       3
       0
       2
       2
       1
       2
       1
       1
       3
       1
       0
       1
       0
       1
       1
       0
       5
       1
       0
       1
       0
       0
       0
       0
       0
       0
       0
       0
       0
       0
       0
       0
       0
       0
       1
       0
       0
       0
       0
       0
       0
       0
       0
       0
       1
       0
       0
       0
       0
       0
       0
       0
       0
       0
       0
       0
       1
       0
       0
       0
       0
       0
       0
       0
       0
       0
       0
       0
       0
       0
       1
       0
       0
       0
       0
       0
       0
       0
       0
       0
       0
       0
       0
       0
       0
       0
       0
       0
       0
       0
       0
       0
       0
       0
       0
       0
       0
       0
       0
       0
       0
       0
       0
       0
       0
       0
       0
       0
       0
       0
       0
       1
       0
       0
       0
       0
       0
       0
       0
       0
       0
       0
       0
       0
       0
       0
       0
       0
       0
       0
       0
       0
       0
       0
       0
       0
       0
       0
       0
       0
       0
       0
       0
       0
       0
       0
       0
       0
       0
       0
       0
       0
       0
       0
       0
       0
       1
       0
       0
       0
       1
       0
       0
       0
       0
       0
       0
       0
       0
       0
       0
       0
       0
       0
       0
       0
       0
       0
       0
       0
       0
       0
       0
       0
       0
       1
       0
       0
       0
       0
       0
       0
       0
       0
       1
       0
       0
       0
       0
       0
       0
       0
       0
       0
       0
       0
       0
       0
       0
       0
       0
       0
       0
       0
       0
       0
       0
       0
       0
       0
       0
       0
       0
       0
       0
       0
       0
       1
       0
       0
       0
       0
       0
       0
       0
       0
       0
       0
       0
       0
       0
       0
       0
       1
       0
       0
       0
       0
       0
       0
       0
       0
       0
       0
       0
       0
       0
       0
       0
       0
       0
       0
       0
       0
       0
       0
       0
       0
       0
       0
       0
       0
       0
       0
       0
       0
       0
       0
       0
       0
       0
       0
       0
       0
       0
       0
       0
       0
       0
       0
       0
       0
       0
       0
       0
       0
       0
       0
       0
       0
       0
       0
       0
       0
       0
       0
       0
       0
       0
       0
       0
       0
       0
       0
       0
       0
       0
       0
       0
       0
       0
       0
       0
       0
       0
       0
       0
       0
       0
       0
       0
       0
       0
       0
       0
       0
       0
       1
       0
       1
       0
       0
       0
       0
       0
       0
       0
       0
       0
       0
       0
       0
       0
       0
       0
       0
       0
       0
       0
       0
       0
       0
       0
       0
       0
       0
       0
       0
       0
       0
       0
       0
       0
       0
       0
       0
       0
       0
       0
       0
       0
       0
       0
       0
       0
       0
       0
       0
       0
       0
       0
       0
       0
       0
       0
       0
       0
       0
$ROI:
0
$PRESETS:
Live Time
120
0
$ENER_FIT:
0.000000 0.002526
$MCA_CAL:
3
0.000000E+000 2.525835E-003 0.000000E+000 keV
$SHAPE_CAL:
3
0.000000E+000 0.000000E+000 0.000000E+000
