$SPEC_ID:
No sample description was entered.
$SPEC_REM:
DET# 1
DETDESC# 
AP# Maestro Version 6.08
$DATE_MEA:
09/21/2017 09:18:11
$MEAS_TIM:
120 120
$DATA:
0 2047
       0
       0
       0
       0
       0
       0
       0
       0
       0
       0
       0
       0
       0
       0
       0
       0
       0
       0
       0
       0
       0
       0
       0
       0
       0
       0
       0
       0
       0
       0
       0
       0
       0
       0
       0
       0
       0
       0
       0
       0
       0
       0
       0
       0
       0
       0
       0
       0
       0
       0
       0
       0
       0
       0
       0
       0
       0
       0
       0
       0
       0
       0
       0
       0
       0
       0
       0
       0
       0
       0
       0
       0
       0
       0
       0
       0
       0
       0
       0
       0
       0
       0
       0
       0
       0
       0
       0
       0
       0
       0
       0
       0
       0
       0
       0
       0
       0
       0
       0
       0
       0
       0
       0
       0
       0
       0
       0
       0
       0
       0
       0
       0
       0
       0
       0
       0
       0
       0
       0
       0
       0
       0
       0
       0
       0
       0
       0
       0
       0
       0
       0
       0
       0
       0
       0
       0
       0
       0
       0
       0
       0
       0
       0
       0
       0
       0
       0
       0
       0
       0
       0
       0
       0
       0
       0
       0
       0
       0
       0
       0
       0
       0
       0
       0
       0
       0
       0
       0
       0
       0
       0
       0
       0
       0
       0
       0
       0
       0
       0
       0
       0
       0
       0
       0
       0
       0
       0
       0
       0
       0
       0
       0
       0
       0
       0
       0
       0
       0
       4
       3
       0
       0
       0
       1
       0
       0
       1
       0
       2
       0
       2
       2
       3
       4
       1
       2
       0
       1
       0
       3
       3
       1
       3
       1
       0
       0
       0
       2
       0
       2
       1
       0
       1
       3
       1
       0
       2
       1
       0
       1
       0
       1
       1
       1
       2
       3
       1
       2
       0
       0
       1
       2
       0
       0
       1
       2
       1
       1
       1
       0
       1
       2
       4
       1
       2
       0
       0
       1
       1
       1
       4
       1
       1
       4
       1
       0
       2
       2
       1
       1
       3
       1
       2
       2
       4
       2
       3
       4
       0
       0
       3
       3
       2
       0
       3
       2
       1
       3
       1
       4
       1
       1
       2
       3
       1
       1
       3
       1
       1
       0
       4
       1
       1
       0
       2
       2
       1
       1
       0
       4
       4
       0
       1
       3
       2
       2
       3
       4
       1
       3
       1
       1
       2
       1
       0
       2
       1
       0
       2
       2
       1
       0
       2
       2
       3
       1
       2
       2
       1
       1
       0
       2
       0
       0
       0
       0
       1
       4
       0
       2
       1
       2
       1
       1
       0
       4
       2
       2
       2
       0
       0
       1
       1
       2
       1
       0
       1
       1
       2
       2
       1
       2
       2
       2
       2
       1
       1
       0
       3
       1
       2
       4
       0
       0
       3
       5
       1
       0
       1
       1
       0
       3
       0
       5
       1
       2
       1
       0
       6
       0
       4
       1
       2
       2
       2
       0
       2
       0
       0
       1
       1
       4
       3
       3
       1
       0
       1
       3
       1
       4
       1
       1
       0
       3
       4
       1
       3
       3
       0
       0
       1
       3
       1
       1
       1
       1
       0
       1
       2
       1
       1
       1
       1
       0
       0
       1
       0
       1
       1
       1
       0
       4
       4
       2
       3
       2
       1
       1
       1
       0
       2
       5
       1
       2
       4
       2
       2
       1
       3
       3
       4
       0
       2
       2
       2
       3
       2
       0
       1
       2
       1
       0
       2
       1
       3
       2
       3
       0
       1
       0
       2
       0
       0
       1
       3
       3
       2
       1
       0
       2
       2
       3
       2
       4
       1
       1
       0
       1
       2
       2
       2
       4
       2
       2
       1
       3
       0
       3
       0
       2
       0
       0
       4
       0
       2
       2
       1
       0
       2
       0
       0
       2
       1
       1
       2
       1
       3
       2
       0
       2
       0
       0
       2
       3
       4
       2
       6
       1
       0
       2
       0
       1
       3
       0
       4
       2
       2
       1
       2
       3
       1
       2
       3
       1
       4
       1
       1
       0
       2
       3
       2
       2
       2
       0
       1
       4
       1
       3
       2
       1
       2
       2
       2
       2
       2
       1
       3
       5
       0
       1
       1
       1
       2
       2
       0
       2
       1
       0
       4
       2
       1
       2
       1
       5
       3
       0
       2
       2
       3
       0
       4
       3
       2
       4
       1
       0
       0
       1
       4
       3
       0
       1
       2
       3
       3
       1
       2
       1
       1
       1
       1
       3
       4
       4
       3
       2
       2
       2
       2
       2
       2
       4
       1
       1
       0
       1
       1
       1
       2
       4
       3
       1
       1
       4
       1
       3
       1
       2
       2
       1
       4
       4
       2
       0
       1
       0
       3
       3
       2
       5
       3
       2
       1
       0
       2
       2
       6
       3
       2
       1
       1
       4
       2
       1
       4
       1
       2
       1
       2
       1
       2
       4
       2
       1
       3
       0
       3
       1
       2
       1
       2
       2
       3
       3
       8
       2
       2
       3
       1
       1
       2
       5
       2
       2
       1
       2
       5
       3
       3
       1
       0
       2
       3
       2
       2
       4
       1
       3
       3
       0
       3
       0
       0
       4
       4
       1
       3
       2
       2
       3
       3
       1
       1
       1
       3
       4
       0
       5
       2
       4
       5
       3
       1
       2
       2
       2
       1
       1
       4
       1
       3
       1
       3
       1
       3
       3
       2
       1
       0
       2
       0
       1
       4
       3
       1
       1
       2
       4
       2
       2
       2
       2
       2
       2
       1
       1
       3
       1
       5
       4
       1
       1
       2
       3
       2
       0
       2
       1
       2
       1
       0
       2
       5
       1
       2
       2
       2
       2
       3
       2
       1
       3
       3
       5
       1
       2
       1
       3
       3
       0
       1
       1
       2
       2
       4
       3
       2
       1
       0
       3
       4
       4
       0
       1
       2
       4
       3
       1
       2
       1
       0
       2
       1
       1
       0
       3
       3
       4
       1
       1
       2
       1
       3
       1
       2
       0
       4
       3
       0
       1
       3
       1
       1
       1
       1
       2
       4
       1
       1
       1
       5
       2
       1
       2
       3
       1
       4
       0
       3
       3
       2
       1
       3
       2
       3
       3
       2
       0
       2
       3
       0
       2
       3
       1
       5
       0
       3
       2
       1
       3
       2
       2
       6
       1
       2
       3
       1
       1
       3
       4
       3
       2
       2
       2
       3
       2
       1
       6
       1
       5
       3
       0
       1
       2
       1
       1
       1
       3
       0
       2
       5
       1
       2
       3
       1
       7
       0
       3
       1
       7
       3
       3
       0
       2
       2
       3
       1
       0
       0
       1
       3
       0
       1
       2
       5
       2
       0
       4
       4
       2
       3
       3
       2
       1
       4
       3
       2
       1
       0
       1
       4
       3
       3
       3
       2
       1
       2
       4
       1
       4
       1
       1
       2
       2
       1
       2
       2
       2
       2
       1
       1
       1
       4
       3
       2
       4
       1
       3
       1
       1
       2
       1
       0
       0
       2
       3
       1
       1
       1
       3
       3
       2
       0
       0
       5
       3
       4
       1
       3
       1
       3
       3
       1
       1
       3
       0
       2
       6
       1
       1
       1
       4
       7
       3
       1
       5
       1
       3
       1
       4
       1
       0
       1
       1
       2
       3
       3
       2
       3
       2
       0
       4
       0
       4
       4
       3
       1
       1
       2
       2
       5
       2
       3
       1
       2
       0
       2
       4
       1
       4
       4
       4
       2
       1
       3
       1
       1
       3
       5
       3
       3
       5
       3
       1
       0
       4
       3
       1
       1
       2
       4
       2
       4
       4
       3
       1
       5
       2
       1
       3
       1
       1
       1
       2
       2
       1
       3
       1
       4
       2
       0
       3
       4
       4
       0
       0
       2
       3
       2
       4
       5
       2
       3
       1
       0
       5
       2
       2
       1
       7
       5
       1
       0
       2
       5
       3
       0
       4
       7
       3
       5
       0
       2
       4
       1
       2
       2
       2
       2
       5
       2
       3
       0
       4
       2
       6
       0
       3
       3
       2
       4
       5
       2
       6
       4
       7
       6
       2
       2
       3
       2
       5
       4
       5
       7
       3
       3
       3
       3
       4
       6
       6
       1
       6
       2
       5
       4
       4
       4
       7
       3
       5
       6
       4
       8
       6
       4
       5
       4
       3
       6
       6
       7
       4
       4
       8
       7
       4
       6
       2
       4
       6
       5
      13
       6
       6
       4
       6
       3
       8
       7
       5
       3
       6
       8
       7
       5
       2
       4
       4
       3
       3
       9
       3
       5
       8
       7
       5
       1
       4
       4
       7
       4
       1
       4
       2
       4
       4
       5
       7
       7
       3
       3
       4
       7
       7
       5
       6
       9
       7
       5
       5
       4
       8
       4
       7
       4
       5
       6
       8
       4
       4
      10
       5
       2
       2
       4
       9
       6
       6
       6
       6
       9
       4
       8
       4
       7
       2
       8
       4
       3
       6
       9
      10
       7
       8
       4
       5
       3
       3
       6
       3
       3
       2
       7
       2
       4
       4
       8
       3
       4
       7
       8
       6
       7
      11
       7
       3
       5
       3
       6
      10
       4
       3
       8
      13
       9
      10
       9
       8
       6
      11
      11
       7
      10
       7
       5
       6
       8
       5
       8
       9
       8
      10
       7
       9
       5
       9
      18
       7
      10
      13
      11
      12
      20
      11
       9
      12
      17
      13
      10
      10
      16
      18
      15
      16
      18
      15
      23
      15
      18
      13
      27
      21
      23
      15
      14
      26
      19
      20
      27
      23
      24
      21
      28
      28
      41
      27
      31
      42
      32
      36
      47
      30
      39
      41
      48
      43
      35
      42
      41
      39
      45
      51
      45
      51
      62
      71
      68
      59
      71
      54
      72
      65
      83
      73
      85
      92
      93
      79
     100
      96
     106
      92
     128
     112
      98
     125
     107
     111
     124
     147
     125
     124
     120
     149
     186
     146
     163
     186
     157
     163
     171
     185
     147
     231
     195
     203
     220
     229
     226
     222
     210
     236
     232
     247
     275
     250
     302
     246
     268
     298
     292
     299
     290
     340
     313
     324
     330
     345
     320
     335
     333
     345
     317
     334
     368
     312
     372
     375
     348
     363
     403
     364
     411
     405
     381
     373
     375
     398
     402
     383
     393
     404
     399
     435
     403
     412
     459
     387
     419
     382
     415
     411
     405
     423
     401
     419
     395
     365
     413
     432
     377
     351
     393
     402
     394
     370
     393
     384
     378
     358
     386
     336
     356
     311
     318
     348
     300
     318
     327
     313
     265
     309
     268
     275
     267
     257
     258
     263
     258
     266
     241
     244
     207
     254
     228
     217
     223
     222
     224
     197
     186
     190
     165
     186
     150
     173
     157
     170
     163
     140
     144
     138
     139
     129
     128
     128
     100
     122
     107
      98
      94
      81
     104
      99
     105
      93
      69
      70
      88
      89
      69
      60
      69
      61
      76
      49
      70
      58
      49
      43
      42
      43
      30
      38
      32
      32
      36
      27
      40
      34
      28
      30
      19
      17
      12
      20
      21
      19
      16
      17
      15
       8
      15
      12
      18
      11
       8
       8
      10
       8
       6
       2
       5
       6
       9
       4
       5
       7
       1
       7
       4
       4
       1
       4
       4
       2
       2
       3
       4
       2
       1
       4
       1
       0
       0
       0
       0
       1
       0
       2
       0
       2
       1
       0
       0
       1
       0
       0
       0
       1
       0
       0
       0
       0
       1
       0
       0
       0
       0
       0
       0
       0
       1
       0
       0
       0
       0
       0
       0
       0
       0
       0
       0
       0
       0
       0
       0
       0
       0
       0
       0
       0
       0
       0
       0
       0
       0
       0
       0
       0
       0
       0
       0
       0
       0
       0
       0
       0
       0
       0
       0
       0
       0
       0
       0
       0
       0
       0
       1
       0
       0
       0
       0
       0
       0
       0
       0
       0
       0
       0
       0
       0
       0
       0
       0
       0
       0
       0
       0
       1
       0
       0
       0
       0
       0
       0
       0
       0
       0
       0
       0
       0
       0
       0
       0
       0
       0
       0
       0
       0
       0
       0
       0
       0
       0
       0
       0
       0
       1
       0
       0
       0
       0
       0
       1
       0
       0
       0
       0
       0
       0
       0
       0
       0
       0
       0
       0
       1
       0
       0
       0
       0
       0
       0
       0
       0
       0
       0
       0
       0
       0
       0
       0
       0
       0
       0
       0
       0
       0
       0
       0
       0
       0
       0
       0
       0
       0
       0
       0
       0
       0
       0
       0
       0
       0
       0
       0
       0
       0
       0
       0
       0
       0
       0
       0
       0
       0
       0
       0
       0
       0
       0
       0
       0
       0
       0
       0
       0
       0
       0
       0
       0
       0
       0
       0
       0
       0
       0
       0
       0
       0
       0
       0
       0
       0
       0
       0
       0
       0
       0
       0
       0
       0
       0
       0
       0
       0
       0
       0
       0
       0
       0
       0
       0
       0
       0
       0
       0
       0
       1
       0
       0
       0
       0
       0
       0
       0
       0
       0
       0
       0
       0
       0
       0
       0
       0
       0
       0
       0
       0
       0
       0
       0
       0
       0
       0
       0
       0
       0
       0
       0
       0
       0
       0
       0
       0
       0
       0
       0
       0
       0
       0
       0
       0
       0
       0
       0
       0
       0
       0
       0
       0
       0
       0
       0
       0
       0
       0
       0
       0
       0
       0
       0
       0
       0
       0
       0
       0
       0
       0
       0
       0
       0
       0
       0
       0
       0
       0
       0
       0
       0
       0
       0
       0
       0
       1
       0
       0
       0
       0
       0
       0
       1
       0
       0
       0
       0
       0
       0
       0
       0
       0
       0
       0
       0
       0
       0
       0
       0
       0
       0
       0
       0
       0
       0
       0
       0
       0
       0
       0
       0
       0
       0
       0
       0
       0
       0
       0
       0
       0
       0
       0
       0
       0
       0
       0
       0
       0
       0
       0
       0
       0
       0
       0
       0
       0
$ROI:
0
$PRESETS:
Live Time
120
0
$ENER_FIT:
0.000000 0.002526
$MCA_CAL:
3
0.000000E+000 2.525835E-003 0.000000E+000 keV
$SHAPE_CAL:
3
0.000000E+000 0.000000E+000 0.000000E+000
