$SPEC_ID:
No sample description was entered.
$SPEC_REM:
DET# 1
DETDESC# 
AP# Maestro Version 6.08
$DATE_MEA:
09/21/2017 09:14:10
$MEAS_TIM:
120 120
$DATA:
0 2047
       0
       0
       0
       0
       0
       0
       0
       0
       0
       0
       0
       0
       0
       0
       0
       0
       0
       0
       0
       0
       0
       0
       0
       0
       0
       0
       0
       0
       0
       0
       0
       0
       0
       0
       0
       0
       0
       0
       0
       0
       0
       0
       0
       0
       0
       0
       0
       0
       0
       0
       0
       0
       0
       0
       0
       0
       0
       0
       0
       0
       0
       0
       0
       0
       0
       0
       0
       0
       0
       0
       0
       0
       0
       0
       0
       0
       0
       0
       0
       0
       0
       0
       0
       0
       0
       0
       0
       0
       0
       0
       0
       0
       0
       0
       0
       0
       0
       0
       0
       0
       0
       0
       0
       0
       0
       0
       0
       0
       0
       0
       0
       0
       0
       0
       0
       0
       0
       0
       0
       0
       0
       0
       0
       0
       0
       0
       0
       0
       0
       0
       0
       0
       0
       0
       0
       0
       0
       0
       0
       0
       0
       0
       0
       0
       0
       0
       0
       0
       0
       0
       0
       0
       0
       0
       0
       0
       0
       0
       0
       0
       0
       0
       0
       0
       0
       0
       0
       0
       0
       0
       0
       0
       0
       0
       0
       0
       0
       0
       0
       0
       0
       0
       0
       0
       0
       0
       0
       0
       0
       0
       0
       0
       0
       0
       0
       0
       0
       1
       1
       1
       1
       0
       2
       1
       1
       1
       1
       2
       3
       1
       3
       3
       5
       0
       2
       1
       1
       0
       2
       1
       1
       1
       0
       0
       3
       2
       1
       1
       1
       1
       2
       0
       0
       4
       1
       0
       3
       3
       2
       1
       2
       4
       4
       1
       1
       1
       2
       2
       1
       0
       2
       2
       1
       2
       3
       1
       3
       0
       6
       2
       1
       0
       1
       0
       1
       2
       2
       1
       0
       1
       0
       0
       2
       0
       1
       2
       1
       3
       1
       0
       2
       0
       2
       1
       3
       1
       2
       3
       0
       1
       2
       2
       1
       4
       0
       1
       1
       1
       2
       2
       2
       2
       3
       0
       1
       3
       1
       0
       0
       1
       4
       1
       2
       3
       2
       2
       1
       1
       1
       0
       0
       1
       1
       0
       2
       2
       1
       3
       0
       1
       1
       1
       0
       1
       2
       1
       3
       1
       0
       2
       3
       1
       5
       1
       1
       1
       1
       1
       1
       1
       1
       2
       5
       3
       1
       2
       0
       0
       2
       0
       1
       0
       1
       0
       2
       1
       2
       3
       0
       0
       0
       2
       1
       2
       4
       2
       3
       0
       1
       2
       1
       1
       0
       1
       1
       1
       2
       3
       3
       2
       1
       1
       1
       3
       2
       0
       1
       1
       3
       1
       2
       0
       0
       0
       5
       1
       0
       3
       1
       1
       1
       2
       1
       2
       2
       2
       3
       1
       3
       3
       0
       1
       1
       2
       1
       1
       2
       1
       2
       3
       1
       2
       1
       1
       0
       1
       0
       3
       3
       6
       1
       4
       1
       1
       1
       2
       3
       3
       2
       4
       3
       2
       2
       0
       0
       0
       4
       4
       0
       6
       2
       0
       0
       2
       2
       2
       2
       1
       0
       1
       3
       2
       3
       1
       0
       2
       1
       0
       5
       0
       1
       2
       2
       1
       0
       1
       0
       3
       1
       0
       2
       2
       1
       1
       0
       0
       3
       5
       1
       1
       2
       3
       1
       0
       2
       1
       6
       1
       3
       0
       2
       0
       2
       2
       2
       2
       2
       2
       1
       4
       1
       3
       2
       2
       0
       1
       2
       1
       1
       3
       2
       1
       2
       0
       2
       1
       1
       1
       2
       3
       4
       1
       1
       3
       3
       1
       0
       1
       0
       2
       3
       1
       1
       0
       3
       2
       2
       1
       3
       1
       2
       2
       1
       2
       2
       2
       2
       1
       2
       5
       3
       3
       1
       1
       1
       4
       5
       1
       2
       1
       4
       1
       2
       5
       2
       2
       5
       2
       2
       3
       0
       3
       1
       3
       0
       1
       1
       1
       2
       2
       0
       1
       1
       3
       1
       2
       3
       0
       0
       2
       1
       2
       1
       2
       2
       0
       3
       0
       1
       2
       4
       2
       2
       0
       1
       2
       1
       2
       1
       1
       2
       2
       2
       1
       5
       1
       1
       2
       1
       3
       1
       2
       4
       2
       0
       3
       2
       0
       1
       0
       2
       2
       2
       1
       5
       7
       0
       3
       5
       2
       0
       0
       1
       0
       2
       5
       2
       3
       2
       3
       1
       3
       0
       1
       2
       0
       1
       0
       3
       4
       2
       2
       2
       1
       2
       1
       2
       0
       6
       3
       3
       1
       1
       1
       1
       3
       2
       1
       4
       5
       4
       1
       2
       1
       1
       2
      10
       4
       3
       5
       2
       3
       2
       2
       3
       2
       1
       2
       0
       3
       2
       2
       3
       2
       1
       4
       1
       4
       1
       4
       3
       2
       0
       2
       2
       3
       1
       1
       2
       2
       2
       2
       3
       2
       3
       3
       3
       1
       5
       0
       1
       2
       1
       4
       1
       1
       2
       1
       4
       3
       1
       2
       2
       1
       4
       1
       3
       2
       2
       2
       2
       1
       0
       2
       5
       3
       1
       2
       3
       1
       3
       1
       0
       3
       2
       3
       0
       4
       2
       5
       1
       1
       3
       3
       1
       1
       1
       5
       3
       1
       4
       1
       1
       2
       0
       3
       4
       2
       1
       6
       2
       2
       1
       2
       3
       1
       2
       3
       2
       4
       2
       1
       3
       2
       5
       1
       1
       3
       1
       2
       2
       0
       1
       1
       1
       1
       0
       0
       1
       1
       1
       3
       2
       2
       0
       2
       1
       6
       1
       4
       0
       2
       1
       1
       2
       4
       1
       0
       0
       0
       3
       1
       2
       5
       0
       0
       1
       1
       4
       1
       4
       2
       5
       3
       2
       3
       3
       3
       1
       1
       1
       1
       5
       3
       1
       1
       1
       0
       3
       3
       2
       1
       2
       2
       2
       4
       2
       3
       2
       4
       3
       1
       0
       1
       2
       2
       3
       3
       4
       3
       5
       2
       1
       1
       2
       0
       3
       0
       3
       1
       3
       3
       1
       2
       5
       2
       1
       6
       1
       3
       1
       3
       1
       1
       4
       2
       1
       2
       0
       1
       2
       3
       1
       3
       1
       4
       1
       0
       1
       1
       2
       1
       3
       0
       3
       4
       0
       3
       4
       1
       3
       4
       2
       0
       2
       0
       2
       3
       1
       3
       0
       2
       4
       1
       3
       5
       2
       1
       2
       6
       4
       1
       2
       1
       4
       1
       2
       2
       4
       2
       0
       5
       5
       5
       2
       3
       2
       3
       2
       1
       1
       0
       3
       3
       1
       0
       3
       2
       2
       1
       1
       2
       2
       5
       0
       2
       2
       3
       4
       2
       2
       1
       2
       0
       1
       4
       2
       0
       3
       3
       3
       5
       2
       2
       3
       2
       1
       4
       3
       1
       1
       2
       3
       6
       2
       2
       2
       1
       2
       3
       3
       2
       2
       2
       1
       0
       0
       3
       4
       2
       0
       1
       3
       1
       2
       4
       1
       4
       2
       0
       3
       5
       5
       2
       5
       2
       1
       2
       2
       2
       4
       1
       2
       2
       2
       4
       4
       5
       3
       1
       2
       1
       4
       5
       3
       2
       3
       2
       4
       3
       1
       4
       6
       1
       1
       6
       0
       2
       2
       3
       1
       3
       2
       1
       5
       2
       5
       2
       1
       1
       1
       2
       4
       2
       1
       3
       5
       1
       3
       3
       2
       3
       1
       2
       5
       2
       4
       5
       2
       6
       4
       3
       3
       4
       2
       3
       0
       6
       2
       1
       0
       2
       3
       1
       2
       2
       1
       2
       1
       1
       4
       2
       4
       1
       4
       5
       4
       5
       2
       2
       2
       4
       4
       2
       5
       3
       3
       3
       6
       4
       3
       4
       5
       2
       7
       3
       5
       9
       5
       2
       4
       1
       8
       5
       4
       1
       4
       4
       6
       4
       5
       5
       3
       5
       5
       4
       3
       4
       9
       6
       7
       4
       4
       5
       1
       6
       6
       1
       1
       5
       2
       6
       6
       4
       6
       3
       6
       4
       5
       7
       7
       9
       7
       4
       3
       4
       8
       3
      10
       4
       3
       5
       5
       6
       5
      11
       3
       5
       3
      11
       9
       5
       4
       5
       6
       6
      11
       8
       4
       6
       7
       6
       5
       6
       3
       7
       5
       5
       8
       9
       4
       2
       5
       2
       7
       3
       5
       3
       4
       4
       8
       9
       4
       4
       6
       5
       3
       5
       3
       4
       3
       6
       2
       6
       9
       6
       8
       5
       8
       4
       9
       3
       9
       5
       5
       5
       9
       7
       7
       9
       3
       5
       4
       7
       7
       4
       9
       7
       6
       7
       3
       7
       4
       8
       9
      11
      11
       4
       7
       7
       6
       9
       7
       9
       7
       7
       7
       1
       8
      11
      12
       7
      16
      12
      10
       8
       5
       5
       8
       7
       9
       4
       6
      12
       8
      10
       3
       3
      10
       8
      12
       9
      15
       8
      12
      16
       9
       9
      15
      15
      13
       5
      15
      11
      11
      18
      18
      14
      16
      14
      20
      23
      15
      24
      22
      15
      19
      36
      23
      25
      29
      19
      36
      23
      31
      22
      25
      29
      29
      30
      33
      40
      33
      48
      37
      50
      32
      40
      43
      41
      53
      60
      62
      66
      40
      48
      60
      62
      80
      61
      55
      84
      80
      73
      80
      69
      77
      82
     103
      97
      95
      95
     103
     105
     132
     121
     116
     114
     128
     133
     123
     125
     127
     145
     159
     135
     164
     150
     170
     159
     149
     165
     169
     189
     173
     208
     177
     202
     183
     211
     219
     223
     211
     230
     247
     245
     255
     236
     240
     268
     271
     275
     299
     303
     321
     299
     296
     327
     292
     320
     335
     326
     323
     323
     337
     336
     373
     363
     343
     334
     356
     370
     353
     399
     379
     409
     403
     352
     396
     368
     414
     386
     365
     431
     415
     419
     376
     441
     415
     412
     388
     403
     409
     406
     387
     384
     413
     381
     395
     400
     400
     399
     387
     383
     371
     400
     372
     341
     390
     352
     350
     323
     372
     329
     363
     368
     315
     369
     314
     329
     320
     317
     318
     290
     303
     298
     299
     293
     260
     222
     257
     292
     274
     255
     253
     224
     236
     224
     216
     216
     226
     201
     178
     205
     193
     185
     181
     182
     158
     145
     147
     153
     140
     139
     139
     145
     136
     152
     123
      94
     105
     120
      92
      98
     111
      90
      75
     103
      56
      77
      77
      79
      67
      64
      67
      66
      77
      63
      56
      35
      49
      52
      43
      40
      33
      33
      34
      40
      44
      32
      31
      25
      25
      23
      25
      26
      25
      22
      17
      17
      12
      13
      19
      10
       7
       9
      11
      12
      11
      15
       8
       8
      10
      10
       2
       5
       3
       7
       8
       3
       7
       3
       3
       4
       3
       3
       4
       4
       1
       2
       2
       3
       3
       1
       0
       1
       1
       2
       1
       1
       2
       1
       1
       1
       0
       0
       0
       0
       0
       3
       1
       1
       0
       1
       1
       1
       1
       0
       0
       0
       0
       0
       0
       0
       0
       0
       0
       0
       0
       0
       0
       0
       0
       0
       0
       0
       0
       0
       0
       0
       0
       0
       0
       0
       0
       0
       0
       0
       0
       0
       0
       0
       0
       0
       0
       0
       0
       0
       0
       0
       0
       0
       0
       0
       0
       0
       0
       0
       0
       0
       0
       0
       0
       0
       0
       1
       0
       0
       0
       0
       0
       0
       0
       0
       1
       0
       0
       0
       0
       0
       0
       0
       0
       0
       0
       0
       0
       0
       0
       0
       0
       0
       0
       0
       1
       0
       0
       0
       0
       0
       0
       0
       0
       0
       0
       0
       0
       0
       0
       0
       0
       0
       0
       0
       0
       0
       0
       0
       0
       0
       0
       0
       0
       0
       0
       0
       0
       1
       0
       0
       0
       0
       0
       0
       0
       0
       1
       0
       0
       0
       0
       0
       0
       1
       0
       0
       0
       0
       0
       1
       0
       0
       0
       0
       0
       0
       0
       0
       0
       0
       0
       0
       0
       0
       0
       0
       0
       0
       0
       0
       0
       0
       0
       0
       0
       0
       0
       0
       0
       0
       0
       0
       0
       0
       0
       0
       0
       0
       0
       0
       0
       0
       0
       0
       0
       0
       0
       0
       0
       0
       0
       0
       0
       0
       0
       0
       0
       0
       0
       0
       0
       0
       0
       0
       0
       0
       0
       0
       0
       0
       0
       0
       0
       0
       0
       0
       0
       0
       0
       0
       0
       0
       0
       0
       0
       0
       0
       0
       0
       0
       0
       0
       0
       0
       0
       0
       0
       0
       0
       0
       0
       0
       0
       0
       0
       0
       0
       0
       0
       0
       0
       0
       0
       0
       0
       0
       0
       0
       0
       0
       0
       0
       0
       0
       0
       0
       0
       0
       0
       0
       0
       0
       0
       0
       0
       0
       0
       0
       0
       0
       0
       0
       0
       0
       0
       0
       0
       0
       0
       0
       0
       0
       0
       0
       0
       1
       0
       0
       0
       0
       0
       0
       0
       0
       0
       0
       0
       0
       0
       0
       0
       0
       0
       0
       0
       0
       0
       0
       0
       0
       0
       1
       0
       0
       0
       0
       0
       0
       0
       0
       0
       0
       0
       0
       0
       0
       0
       0
       0
       0
       0
       0
       0
       0
       0
       0
       0
       0
       0
       0
       0
       0
       0
       0
       0
       0
       0
       0
       0
       0
       0
       0
       0
       0
       0
       0
       0
       0
$ROI:
0
$PRESETS:
Live Time
120
0
$ENER_FIT:
0.000000 0.002526
$MCA_CAL:
3
0.000000E+000 2.525835E-003 0.000000E+000 keV
$SHAPE_CAL:
3
0.000000E+000 0.000000E+000 0.000000E+000
