$SPEC_ID:
No sample description was entered.
$SPEC_REM:
DET# 1
DETDESC# 
AP# Maestro Version 6.08
$DATE_MEA:
09/21/2017 09:06:08
$MEAS_TIM:
120 120
$DATA:
0 2047
       0
       0
       0
       0
       0
       0
       0
       0
       0
       0
       0
       0
       0
       0
       0
       0
       0
       0
       0
       0
       0
       0
       0
       0
       0
       0
       0
       0
       0
       0
       0
       0
       0
       0
       0
       0
       0
       0
       0
       0
       0
       0
       0
       0
       0
       0
       0
       0
       0
       0
       0
       0
       0
       0
       0
       0
       0
       0
       0
       0
       0
       0
       0
       0
       0
       0
       0
       0
       0
       0
       0
       0
       0
       0
       0
       0
       0
       0
       0
       0
       0
       0
       0
       0
       0
       0
       0
       0
       0
       0
       0
       0
       0
       0
       0
       0
       0
       0
       0
       0
       0
       0
       0
       0
       0
       0
       0
       0
       0
       0
       0
       0
       0
       0
       0
       0
       0
       0
       0
       0
       0
       0
       0
       0
       0
       0
       0
       0
       0
       0
       0
       0
       0
       0
       0
       0
       0
       0
       0
       0
       0
       0
       0
       0
       0
       0
       0
       0
       0
       0
       0
       0
       0
       0
       0
       0
       0
       0
       0
       0
       0
       0
       0
       0
       0
       0
       0
       0
       0
       0
       0
       0
       0
       0
       0
       0
       0
       0
       0
       0
       0
       0
       0
       0
       0
       0
       0
       0
       0
       0
       0
       0
       0
       0
       0
       0
       0
       0
       2
       2
       3
       1
       0
       1
       1
       3
       1
       3
       1
       1
       3
       2
       2
       2
       2
       1
       0
       3
       1
       1
       1
       1
       4
       1
       3
       1
       0
       1
       0
       1
       0
       1
       2
       3
       0
       1
       3
       1
       1
       0
       0
       0
       2
       1
       1
       2
       0
       2
       0
       3
       2
       2
       1
       1
       2
       2
       4
       1
       4
       2
       2
       2
       0
       1
       0
       2
       4
       3
       1
       1
       5
       0
       2
       1
       1
       4
       3
       0
       0
       1
       1
       1
       1
       2
       0
       2
       2
       0
       3
       1
       0
       1
       0
       1
       2
       3
       0
       1
       3
       1
       1
       0
       2
       1
       3
       1
       2
       3
       2
       1
       1
       0
       0
       0
       0
       0
       1
       0
       2
       1
       1
       1
       1
       0
       1
       1
       1
       0
       1
       4
       2
       1
       1
       2
       1
       1
       2
       2
       1
       0
       2
       1
       1
       2
       2
       1
       1
       3
       0
       1
       0
       4
       1
       3
       1
       2
       1
       0
       1
       0
       2
       1
       1
       0
       2
       0
       2
       0
       3
       1
       1
       0
       1
       1
       0
       1
       2
       0
       1
       3
       1
       3
       2
       0
       1
       3
       3
       0
       1
       3
       1
       2
       1
       2
       1
       1
       2
       1
       0
       1
       3
       0
       1
       2
       2
       4
       2
       2
       3
       2
       0
       1
       4
       0
       1
       0
       1
       4
       0
       1
       3
       2
       7
       1
       5
       1
       2
       0
       3
       1
       3
       2
       1
       1
       1
       1
       2
       0
       2
       3
       2
       3
       1
       0
       2
       1
       2
       1
       1
       5
       0
       2
       3
       2
       1
       2
       3
       3
       2
       3
       1
       2
       0
       0
       1
       0
       1
       0
       0
       3
       0
       2
       1
       2
       1
       2
       2
       1
       0
       1
       6
       4
       0
       4
       4
       3
       2
       4
       2
       2
       3
       1
       0
       1
       1
       0
       0
       2
       0
       2
       2
       0
       3
       1
       4
       0
       1
       1
       0
       4
       1
       2
       3
       3
       1
       5
       0
       1
       1
       1
       1
       3
       2
       1
       0
       0
       2
       1
       1
       2
       1
       2
       2
       1
       3
       2
       1
       1
       4
       1
       3
       3
       1
       0
       2
       3
       1
       1
       1
       2
       3
       1
       0
       0
       0
       0
       3
       0
       3
       3
       1
       1
       1
       4
       2
       4
       1
       2
       3
       0
       3
       4
       3
       3
       3
       2
       0
       0
       2
       4
       1
       2
       2
       0
       3
       0
       1
       1
       0
       2
       0
       1
       3
       2
       2
       0
       1
       1
       0
       1
       1
       3
       2
       1
       2
       6
       3
       1
       1
       3
       6
       2
       2
       2
       1
       2
       0
       1
       0
       1
       5
       1
       2
       5
       2
       2
       1
       1
       2
       3
       1
       4
       2
       1
       1
       2
       0
       0
       4
       1
       1
       2
       4
       0
       1
       1
       2
       2
       1
       1
       2
       4
       3
       1
       1
       1
       2
       2
       4
       2
       2
       2
       4
       0
       1
       2
       2
       0
       1
       3
       1
       2
       0
       2
       2
       0
       1
       1
       0
       3
       3
       4
       1
       2
       1
       3
       2
       3
       2
       4
       4
       5
       0
       2
       6
       2
       2
       1
       3
       0
       4
       4
       3
       1
       3
       3
       1
       2
       1
       1
       2
       3
       2
       3
       1
       3
       1
       0
       2
       3
       0
       1
       2
       5
       2
       2
       2
       1
       1
       1
       2
       3
       1
       2
       1
       1
       3
       0
       5
       3
       3
       4
       4
       0
       3
       1
       1
       2
       4
       1
       2
       4
       1
       1
       4
       5
       2
       3
       5
       3
       2
       0
       4
       3
       1
       1
       3
       0
       3
       2
       5
       0
       3
       0
       4
       2
       4
       1
       4
       3
       1
       2
       2
       3
       2
       3
       5
       3
       3
       1
       3
       4
       2
       0
       2
       0
       3
       2
       3
       2
       1
       1
       0
       1
       3
       3
       2
       1
       1
       2
       2
       2
       1
       4
       2
       1
       0
       1
       1
       2
       5
       3
       2
       2
       4
       1
       1
       1
       0
       1
       3
       2
       0
       3
       3
       1
       0
       3
       1
       4
       3
       4
       1
       2
       1
       5
       3
       5
       1
       3
       3
       1
       1
       9
       3
       0
       1
       3
       2
       0
       0
       1
       4
       1
       4
       1
       5
       0
       2
       2
       0
       0
       1
       0
       3
       3
       1
       3
       5
       0
       1
       1
       3
       3
       2
       2
       0
       2
       5
       3
       2
       1
       0
       0
       0
       2
       2
       5
       1
       5
       0
       4
       2
       2
       1
       0
       2
       2
       1
       3
       5
       1
       4
       2
       2
       0
       2
       3
       1
       2
       2
       2
       1
       4
       3
       2
       0
       2
       1
       0
       2
       2
       2
       4
       2
       3
       1
       3
       2
       2
       1
       0
       4
       2
       2
       0
       3
       1
       4
       3
       1
       0
       2
       2
       3
       2
       2
       1
       1
       1
       1
       2
       2
       2
       4
       2
       2
       3
       1
       2
       1
       2
       4
       3
       3
       1
       1
       1
       2
       0
       3
       2
       0
       5
       1
       2
       0
       3
       4
       0
       6
       4
       0
       1
       3
       0
       2
       2
       6
       0
       1
       2
       3
       4
       5
       2
       2
       1
       2
       2
       2
       4
       1
       3
       1
       1
       3
       3
       3
       1
       0
       1
       1
       2
       4
       3
       2
       2
       3
       4
       1
       4
       2
       6
       2
       3
       5
       3
       1
       3
       3
       3
       3
       2
       0
       4
       3
       1
       2
       6
       4
       2
       1
       3
       5
       3
       1
       1
       1
       2
       0
       5
       1
       3
       2
       1
       2
       1
       3
       6
       0
       2
       1
       3
       2
       3
       2
       5
       3
       3
       4
       6
       2
       4
       2
       2
       1
       3
       1
       3
       3
       2
       3
       2
       1
       4
       3
       2
       2
       4
       2
       1
       1
       3
       3
       0
       1
       0
       2
       1
       2
       2
       4
       0
       2
       2
       4
       3
       2
       2
       2
       5
       4
       1
       4
       1
       3
       2
       7
       3
       1
       6
       3
       4
       3
       2
       2
       3
       2
       3
       7
       3
       5
       3
       5
       5
       2
       2
       3
       2
       5
       4
       1
       2
       2
       3
       4
       2
       3
       3
       3
       3
       4
       3
       2
       1
       2
       4
       5
       5
       3
       3
       3
       3
       1
       6
       7
       3
       2
       4
       3
       2
       0
       1
       3
       6
       3
       8
       4
       6
       1
       5
       5
       3
       4
       2
       3
       2
       3
       6
       3
       3
       2
       1
       2
       3
       2
       2
       4
       9
       2
       5
      12
       5
       4
       3
       7
       5
       4
       9
       5
       2
       4
       0
       8
       1
       3
       5
       6
       3
       2
       7
       6
       9
       5
       1
       6
       3
       5
       3
       4
       3
       4
       6
       4
       9
       3
       8
       2
       6
       8
       8
       5
       3
       4
       4
       3
       6
       6
       6
       8
       8
       6
       2
       5
       2
       5
       3
       4
       6
       3
       6
       3
       6
       9
       5
       5
      10
       7
       4
       4
       5
       8
       8
       4
       4
       5
       6
       9
       4
       9
       5
       1
       4
       9
       5
       5
       5
       7
       4
       5
       3
       8
       3
       5
      10
       1
       8
       2
       6
       2
       9
       8
       2
       7
       2
       4
       6
       2
       6
       2
       6
       7
       6
       7
       8
       8
       5
       1
       3
       4
       5
       8
       6
      12
       9
       9
       8
       8
      10
       5
       6
       3
       6
       5
      10
       8
       8
      17
      15
      11
       7
      11
      11
       8
      11
       6
      10
      14
      15
      12
       6
      15
      10
       9
      13
       8
      14
       9
      10
      16
       8
      13
       8
      14
      16
      14
      13
      11
      13
      18
      16
      26
      18
      20
      27
      19
      19
      16
      24
      13
      28
      26
      23
      22
      27
      22
      23
      24
      21
      29
      35
      34
      28
      29
      54
      38
      44
      44
      59
      47
      51
      51
      44
      47
      53
      52
      42
      60
      62
      63
      65
      77
      68
      81
      72
      68
      80
      81
      73
      83
      98
      73
      83
     117
      92
     110
     114
     106
     103
     109
     125
     141
     144
     131
     143
     143
     153
     166
     139
     147
     186
     178
     168
     176
     193
     190
     198
     177
     186
     235
     211
     189
     223
     242
     271
     236
     241
     250
     257
     286
     253
     280
     291
     286
     297
     311
     274
     289
     310
     293
     329
     348
     330
     309
     359
     360
     381
     356
     400
     343
     361
     407
     389
     400
     414
     363
     390
     401
     400
     409
     403
     418
     401
     356
     374
     358
     355
     423
     417
     413
     409
     407
     401
     379
     414
     350
     401
     416
     362
     417
     414
     367
     386
     412
     383
     413
     380
     387
     400
     367
     376
     395
     389
     328
     336
     369
     333
     327
     367
     325
     348
     321
     297
     298
     321
     274
     314
     270
     305
     285
     269
     285
     260
     252
     274
     228
     257
     201
     242
     228
     227
     209
     213
     198
     211
     180
     174
     174
     199
     166
     162
     134
     161
     141
     138
     135
     130
     120
      95
     116
     107
     104
     103
     105
      86
      75
      72
      95
      86
      82
      76
      80
      58
      69
      63
      62
      61
      44
      55
      56
      53
      47
      45
      34
      46
      37
      40
      30
      33
      26
      34
      32
      36
      33
      26
      23
      23
      15
      19
      19
      14
      17
      13
      14
      14
       9
       6
      12
       7
      17
      10
       4
       8
       6
       5
       7
       4
       1
       6
       5
       6
       3
       3
       5
       2
       1
       1
       4
       0
       1
       2
       0
       2
       1
       1
       2
       1
       1
       3
       2
       1
       1
       2
       0
       1
       0
       1
       0
       1
       0
       0
       1
       2
       0
       1
       0
       0
       0
       0
       0
       1
       0
       1
       0
       0
       0
       0
       0
       0
       0
       0
       0
       0
       0
       0
       0
       0
       0
       0
       0
       0
       0
       0
       0
       0
       0
       0
       0
       0
       0
       0
       0
       0
       0
       0
       0
       0
       0
       0
       0
       1
       0
       0
       0
       0
       0
       0
       0
       0
       0
       0
       0
       0
       0
       0
       0
       0
       0
       0
       0
       0
       0
       0
       0
       0
       0
       0
       0
       0
       0
       0
       0
       0
       0
       0
       0
       0
       0
       0
       0
       0
       0
       0
       0
       0
       0
       0
       0
       0
       0
       0
       0
       0
       0
       0
       0
       0
       0
       0
       0
       0
       0
       0
       0
       0
       0
       0
       0
       0
       0
       0
       0
       0
       0
       0
       0
       0
       0
       0
       0
       0
       0
       0
       0
       0
       0
       0
       0
       0
       0
       0
       0
       0
       0
       0
       0
       0
       0
       0
       0
       0
       0
       0
       0
       0
       0
       0
       0
       0
       0
       0
       0
       0
       0
       0
       0
       0
       0
       0
       0
       0
       1
       0
       0
       0
       0
       0
       0
       0
       0
       0
       0
       0
       0
       0
       0
       0
       0
       0
       1
       0
       0
       0
       0
       0
       0
       0
       0
       0
       0
       0
       0
       0
       0
       0
       0
       0
       0
       0
       0
       0
       0
       0
       0
       0
       0
       0
       0
       0
       0
       0
       0
       0
       0
       0
       0
       0
       0
       0
       0
       0
       0
       0
       0
       0
       0
       0
       0
       0
       0
       0
       0
       0
       0
       0
       0
       0
       0
       0
       0
       0
       0
       0
       0
       0
       0
       0
       0
       0
       0
       0
       0
       0
       0
       0
       0
       0
       0
       0
       0
       0
       0
       0
       0
       0
       0
       0
       0
       0
       0
       0
       0
       0
       0
       0
       0
       0
       0
       0
       0
       0
       0
       1
       0
       0
       0
       0
       0
       0
       0
       0
       0
       0
       0
       0
       0
       0
       0
       0
       0
       0
       0
       0
       0
       0
       0
       0
       1
       0
       0
       0
       0
       0
       0
       0
       0
       0
       0
       0
       0
       0
       0
       0
       0
       0
       0
       1
       0
       0
       0
       0
       0
       0
       0
       0
       0
       0
       0
       0
       0
       0
       0
       0
       0
       0
       0
       0
       0
       0
       0
       0
       0
       0
       0
       0
       0
       0
       0
       0
       0
       0
       0
       0
       0
       0
       0
       0
$ROI:
0
$PRESETS:
Live Time
120
0
$ENER_FIT:
0.000000 0.002526
$MCA_CAL:
3
0.000000E+000 2.525835E-003 0.000000E+000 keV
$SHAPE_CAL:
3
0.000000E+000 0.000000E+000 0.000000E+000
