$SPEC_ID:
No sample description was entered.
$SPEC_REM:
DET# 1
DETDESC# 
AP# Maestro Version 6.08
$DATE_MEA:
09/21/2017 09:02:07
$MEAS_TIM:
120 120
$DATA:
0 2047
       0
       0
       0
       0
       0
       0
       0
       0
       0
       0
       0
       0
       0
       0
       0
       0
       0
       0
       0
       0
       0
       0
       0
       0
       0
       0
       0
       0
       0
       0
       0
       0
       0
       0
       0
       0
       0
       0
       0
       0
       0
       0
       0
       0
       0
       0
       0
       0
       0
       0
       0
       0
       0
       0
       0
       0
       0
       0
       0
       0
       0
       0
       0
       0
       0
       0
       0
       0
       0
       0
       0
       0
       0
       0
       0
       0
       0
       0
       0
       0
       0
       0
       0
       0
       0
       0
       0
       0
       0
       0
       0
       0
       0
       0
       0
       0
       0
       0
       0
       0
       0
       0
       0
       0
       0
       0
       0
       0
       0
       0
       0
       0
       0
       0
       0
       0
       0
       0
       0
       0
       0
       0
       0
       0
       0
       0
       0
       0
       0
       0
       0
       0
       0
       0
       0
       0
       0
       0
       0
       0
       0
       0
       0
       0
       0
       0
       0
       0
       0
       0
       0
       0
       0
       0
       0
       0
       0
       0
       0
       0
       0
       0
       0
       0
       0
       0
       0
       0
       0
       0
       0
       0
       0
       0
       0
       0
       0
       0
       0
       0
       0
       0
       0
       0
       0
       0
       0
       0
       0
       0
       0
       0
       0
       0
       0
       1
       0
      11
      13
      20
      23
      20
      24
      17
      11
      17
      10
      18
      15
      16
      10
      23
      14
       9
      11
      14
      12
       9
      14
      17
      19
      14
      17
      15
       6
      16
      11
      12
      11
      11
       8
       4
       9
      16
      11
      10
      13
       7
      11
      16
      10
      11
       9
      12
       9
       7
      11
       6
       7
      12
       6
       9
       8
       9
      11
       6
       8
       5
       9
       8
      10
      13
      11
       9
      11
       4
       8
       8
       8
      12
      10
       7
       8
       9
      11
       7
      11
       2
      11
       8
       8
      12
       7
      12
       7
       6
       8
      10
       4
       8
       7
       5
      14
       3
      11
       8
       7
       7
       6
       6
       9
       8
       7
      12
       6
       3
      10
       7
       8
       7
      12
       9
       9
       4
       4
       6
       5
      11
       7
       3
       8
       7
       9
       7
       4
       7
      11
       7
       6
       9
       8
      12
       6
       5
       4
      10
       2
       9
       4
      10
       4
       9
       4
       5
       6
       0
       4
       5
       5
       8
       5
       7
       9
       7
       5
       3
       4
      12
       7
       6
       6
       4
       5
      15
       5
       5
       6
       6
       1
       3
       3
       4
       4
       6
       9
       6
       4
       4
       4
      10
       6
       7
       8
       8
       6
       5
       4
       3
      11
       6
       5
       6
       4
       4
       4
       9
       4
       7
       4
       6
       6
       8
       5
      10
       8
       4
       5
       7
       3
       7
       9
       7
       5
       5
       9
       4
       6
       6
       4
       8
       7
       3
       6
       7
       4
       8
      10
       3
       3
       6
       6
      13
       4
       7
       9
       8
       3
       4
       3
       4
       7
       4
      10
       5
       4
       2
       6
       5
       5
       5
       3
       5
       4
       4
       6
       2
       2
       2
       8
       3
       4
       3
       5
       9
       6
       4
       2
       3
       4
       5
       6
       4
       3
       9
       4
       3
       3
       4
       6
       1
       3
       2
       3
       6
       4
       5
       5
       3
       4
       5
       4
       5
       2
       2
       4
       1
       0
       2
       3
       4
       2
       2
       2
       1
       7
       6
       3
       2
       5
       4
       2
       5
       2
       3
       5
       5
       5
       2
       6
       1
       3
       5
       4
       2
       7
       2
       3
       2
       7
       2
       5
       4
       2
       4
       5
       3
       4
       3
       1
       8
       8
       3
       3
       3
       4
       2
       3
       2
       1
       3
       2
       1
       4
       2
       3
       2
       3
       2
       0
       5
       1
       3
       1
       4
       4
       3
       4
       1
       5
       2
       1
       5
       2
       0
       2
       2
       1
       5
       2
       2
       4
       1
       3
       4
       2
       2
       1
       6
       1
       0
       1
       1
       2
       4
       1
       3
       3
       1
       5
       3
       4
       2
       5
       4
       2
       3
       1
       2
       1
       3
       0
       5
       4
       2
       2
       1
       0
       3
       2
       5
       3
       2
       1
       4
       1
       2
       1
       7
       0
       0
       3
       2
       4
       2
       3
       3
       1
       3
       5
       1
       4
       2
       2
       3
       0
       5
       2
       3
       3
       4
       4
       2
       1
       2
       0
       3
       2
       2
       2
       2
       3
       3
       2
       1
       3
       4
       1
       0
       2
       2
       2
       4
       4
       1
       1
       1
       1
       3
       0
       3
       0
       2
       1
       2
       2
       1
       1
       3
       3
       2
       2
       3
       1
       2
       4
       1
       4
       1
       2
       1
       4
       3
       4
       3
       1
       2
       2
       0
       3
       2
       2
       1
       0
       3
       4
       3
       1
       1
       3
       3
       3
       0
       1
       2
       1
       1
       1
       2
       1
       2
       2
       0
       0
       2
       1
       1
       3
       0
       4
       2
       2
       2
       3
       1
       0
       3
       4
       3
       1
       4
       2
       3
       2
       1
       3
       2
       2
       4
       1
       1
       0
       3
       2
       1
       2
       1
       3
       4
       4
       2
       3
       4
       2
       6
       4
       0
       1
       5
       3
       1
       0
       1
       0
       1
       5
       1
       0
       4
       1
       2
       2
       3
       1
       2
       3
       4
       1
       3
       3
       0
       3
       6
       1
       2
       2
       3
       1
       4
       2
       2
       3
       1
       2
       2
       2
       0
       2
       3
       1
       4
       0
       2
       1
       4
       0
       6
       1
       2
       1
       3
       5
       1
       2
       3
       1
       1
       3
       0
       2
       1
       1
       3
       1
       1
       0
       2
       3
       6
       0
       2
       1
       2
       5
       3
       2
       3
       6
       2
       1
       1
       3
       3
       1
       1
       2
       1
       3
       4
       2
       2
       2
       1
       1
       1
       3
       1
       1
       3
       4
       3
       1
       2
       2
       3
       1
       5
       2
       0
       1
       3
       0
       2
       1
       4
       5
       2
       2
       0
       2
       3
       1
       2
       1
       1
       4
       4
       3
       1
       3
       1
       0
       2
       2
       2
       2
       3
       5
       0
       1
       2
       3
       1
       2
       5
       4
       4
       1
       3
       1
       0
       3
       0
       1
       3
       4
       0
       4
       1
       2
       5
       2
       3
       4
       0
       2
       2
       1
       1
       1
       4
       2
       3
       1
       0
       3
       3
       1
       1
       1
       0
       0
       1
       5
       0
       2
       1
       3
       2
       0
       2
       4
       0
       2
       4
       1
       1
       1
       0
       0
       1
       2
       6
       2
       3
       2
       2
       2
       3
       2
       5
       2
       4
       2
       1
       5
       2
       2
       1
       6
       3
       2
       0
       3
       3
       1
       4
       2
       3
       2
       2
       5
       0
       6
       3
       5
       1
       1
       1
       1
       1
       2
       0
       0
       1
       3
       2
       1
       2
       3
       4
       1
       2
       1
       1
       2
       2
       3
       4
       1
       1
       1
       1
       3
       3
       5
       3
       2
       1
       4
       1
       2
       2
       4
       3
       2
       3
       3
       3
       0
       2
       2
       0
       4
       1
       5
       2
       2
       1
       3
       0
       3
       2
       2
       2
       8
       5
       1
       4
       0
       1
       1
       2
       5
       2
       4
       1
       1
       1
       3
       5
       1
       4
       1
       2
       3
       2
       1
       0
       3
       1
       3
       2
       4
       2
       4
       1
       6
       5
       0
       4
       2
       3
       7
       4
       5
       6
       4
       3
       2
       3
       4
       1
       1
       3
       3
       3
       3
       4
       6
       2
       2
       1
       3
       3
       4
       2
       2
       1
       7
       5
       1
       2
       1
       2
       2
       2
       2
       4
       2
       3
       1
       0
       1
       4
       2
       5
       0
       3
       7
       5
       1
       2
       2
       2
       3
       1
       1
       1
       1
       1
       2
       1
       4
       4
       3
       3
       4
       3
       1
       3
       3
       1
       3
       3
       1
       6
       3
       3
       7
       5
       7
       1
       4
       2
       2
       3
       3
       6
       3
       4
       5
       8
       4
       4
       5
       2
       7
       3
       3
       7
       7
       4
       5
       5
       8
       7
       1
       3
       7
       4
       4
       1
       3
       1
       9
       5
       5
       6
       4
       4
       4
       4
       9
       7
       4
       3
       4
       8
       8
       3
       7
       5
       5
       6
       8
       4
       4
       7
       1
       7
       5
       6
       3
       3
       4
       7
       3
       6
       8
       7
       3
       2
       5
       4
       8
       6
       7
       4
       8
       4
       9
       7
       9
       6
       5
       9
       6
       6
       3
       6
       4
       7
       2
       8
       6
       9
       2
       4
       4
       7
       1
      10
       4
       2
       6
       9
       7
       1
       3
       4
       6
       6
       3
       7
       8
       8
       6
       6
      11
       8
       7
       4
       6
       9
       5
       8
       4
      10
      11
       5
       5
       4
       6
       9
       6
       5
       7
       4
       3
       6
       8
       1
       5
       7
       5
       8
       6
       4
       2
       9
       9
       3
       7
      10
      10
       8
      12
       6
       3
       7
      12
      10
       6
       6
       7
       5
       6
      11
       8
       5
       8
      11
      14
       8
      10
       8
      10
       7
       9
      10
      13
       4
      15
      18
       7
       9
      20
      10
      18
      10
      15
      14
      19
      19
      15
      21
      11
      17
      20
      13
      18
      22
      25
      26
      28
      20
      21
      23
      27
      33
      28
      36
      30
      28
      30
      46
      36
      30
      33
      41
      37
      29
      46
      46
      59
      39
      48
      66
      63
      47
      50
      58
      56
      66
      67
      73
      67
      69
      87
      72
      92
      79
      84
      73
      83
     100
      94
     102
     106
     107
      93
     104
     121
     125
     133
     132
     129
     130
     146
     158
     161
     162
     158
     153
     192
     177
     192
     159
     208
     167
     196
     207
     184
     197
     210
     245
     232
     238
     227
     231
     269
     261
     278
     280
     248
     278
     283
     314
     323
     309
     285
     306
     346
     334
     338
     314
     347
     318
     353
     369
     363
     361
     339
     399
     390
     401
     405
     368
     408
     423
     385
     388
     403
     385
     385
     426
     411
     456
     397
     391
     454
     410
     451
     422
     489
     448
     437
     406
     448
     432
     412
     432
     440
     431
     390
     391
     388
     368
     417
     390
     420
     375
     390
     365
     375
     359
     373
     337
     357
     377
     338
     347
     327
     363
     319
     293
     309
     296
     345
     315
     279
     290
     290
     297
     251
     267
     241
     247
     239
     240
     228
     254
     228
     216
     207
     205
     193
     224
     186
     156
     175
     198
     155
     157
     161
     170
     132
     145
     161
     118
     116
     104
     107
     120
     101
     105
      98
     105
      95
      87
      97
      71
      78
      71
      89
      57
      65
      52
      68
      57
      73
      44
      49
      43
      36
      40
      40
      44
      43
      46
      30
      25
      33
      34
      33
      23
      19
      24
      33
      16
      22
      19
      15
      19
      15
      12
      18
      16
       9
      12
       8
       9
      10
       4
       9
       5
       3
       4
       2
       9
       4
       6
       2
       1
       4
       6
       3
       2
       4
       1
       3
       0
       4
       0
       3
       2
       3
       0
       3
       0
       1
       0
       1
       0
       2
       1
       0
       0
       0
       1
       0
       1
       0
       0
       0
       0
       0
       0
       0
       1
       0
       0
       0
       0
       1
       0
       0
       0
       0
       0
       0
       0
       1
       0
       0
       0
       0
       0
       0
       1
       1
       0
       0
       0
       0
       0
       0
       0
       0
       0
       0
       0
       0
       0
       0
       0
       0
       0
       0
       0
       0
       0
       0
       0
       0
       0
       0
       0
       0
       0
       0
       0
       0
       0
       0
       0
       0
       1
       0
       0
       0
       0
       0
       0
       0
       0
       0
       0
       0
       0
       0
       0
       0
       0
       0
       0
       0
       0
       0
       0
       0
       0
       0
       0
       0
       0
       0
       0
       0
       0
       0
       0
       0
       0
       0
       0
       0
       0
       0
       0
       0
       0
       0
       0
       1
       0
       0
       0
       0
       0
       0
       0
       0
       0
       0
       0
       0
       0
       0
       0
       0
       0
       0
       0
       0
       0
       0
       0
       0
       0
       0
       0
       0
       0
       1
       0
       0
       0
       0
       0
       0
       0
       0
       0
       0
       0
       0
       0
       0
       0
       0
       0
       0
       0
       0
       0
       0
       0
       1
       0
       0
       0
       0
       0
       0
       0
       1
       0
       0
       0
       0
       0
       0
       0
       0
       0
       0
       0
       0
       0
       0
       0
       0
       0
       0
       0
       0
       0
       0
       0
       0
       0
       1
       0
       0
       0
       0
       0
       0
       0
       0
       0
       0
       0
       0
       0
       0
       0
       0
       0
       0
       0
       0
       0
       0
       0
       0
       0
       0
       0
       0
       0
       0
       0
       0
       0
       1
       0
       0
       0
       0
       0
       0
       0
       0
       0
       0
       0
       0
       0
       0
       0
       0
       0
       0
       0
       0
       0
       0
       0
       0
       0
       0
       0
       0
       0
       0
       0
       0
       0
       0
       0
       0
       0
       0
       0
       0
       0
       0
       0
       0
       0
       0
       0
       0
       0
       0
       0
       0
       1
       0
       0
       0
       0
       0
       1
       0
       0
       0
       0
       0
       0
       0
       0
       0
       0
       0
       0
       0
       0
       0
       0
       0
       0
       0
       0
       0
       0
       0
       0
       0
       0
       0
       0
       0
       0
       0
       0
       0
       0
       0
       0
       0
       0
       0
       0
       0
       0
       0
       0
       0
       0
       0
       0
       0
       0
       0
       0
       0
       0
       0
       0
       0
       0
       0
       0
       0
       0
       0
       0
       0
       0
       0
       0
       0
       0
       0
       0
       0
       0
       0
       0
       0
       0
       0
       0
       0
       0
$ROI:
0
$PRESETS:
Live Time
120
0
$ENER_FIT:
0.000000 0.002526
$MCA_CAL:
3
0.000000E+000 2.525835E-003 0.000000E+000 keV
$SHAPE_CAL:
3
0.000000E+000 0.000000E+000 0.000000E+000
