$SPEC_ID:
No sample description was entered.
$SPEC_REM:
DET# 1
DETDESC# 
AP# Maestro Version 6.08
$DATE_MEA:
09/21/2017 09:16:10
$MEAS_TIM:
120 120
$DATA:
0 2047
       0
       0
       0
       0
       0
       0
       0
       0
       0
       0
       0
       0
       0
       0
       0
       0
       0
       0
       0
       0
       0
       0
       0
       0
       0
       0
       0
       0
       0
       0
       0
       0
       0
       0
       0
       0
       0
       0
       0
       0
       0
       0
       0
       0
       0
       0
       0
       0
       0
       0
       0
       0
       0
       0
       0
       0
       0
       0
       0
       0
       0
       0
       0
       0
       0
       0
       0
       0
       0
       0
       0
       0
       0
       0
       0
       0
       0
       0
       0
       0
       0
       0
       0
       0
       0
       0
       0
       0
       0
       0
       0
       0
       0
       0
       0
       0
       0
       0
       0
       0
       0
       0
       0
       0
       0
       0
       0
       0
       0
       0
       0
       0
       0
       0
       0
       0
       0
       0
       0
       0
       0
       0
       0
       0
       0
       0
       0
       0
       0
       0
       0
       0
       0
       0
       0
       0
       0
       0
       0
       0
       0
       0
       0
       0
       0
       0
       0
       0
       0
       0
       0
       0
       0
       0
       0
       0
       0
       0
       0
       0
       0
       0
       0
       0
       0
       0
       0
       0
       0
       0
       0
       0
       0
       0
       0
       0
       0
       0
       0
       0
       0
       0
       0
       0
       0
       0
       0
       0
       0
       0
       0
       0
       0
       0
       0
       0
       0
       0
       2
       2
       4
       1
       2
       2
       3
       3
       2
       0
       1
       2
       1
       3
       2
       1
       2
       3
       3
       0
       0
       2
       3
       0
       1
       1
       0
       0
       1
       3
       0
       2
       1
       2
       0
       1
       0
       0
       0
       3
       1
       3
       0
       1
       0
       0
       0
       1
       2
       0
       1
       1
       1
       3
       0
       1
       1
       0
       2
       0
       1
       1
       0
       0
       0
       1
       0
       0
       0
       1
       0
       3
       0
       6
       1
       1
       2
       1
       2
       1
       1
       1
       1
       2
       2
       2
       1
       1
       3
       1
       1
       2
       1
       3
       2
       1
       0
       3
       1
       1
       0
       2
       0
       0
       0
       1
       0
       2
       1
       3
       1
       1
       2
       2
       2
       2
       1
       1
       2
       0
       3
       3
       1
       0
       1
       0
       1
       1
       0
       2
       3
       2
       3
       1
       2
       2
       3
       1
       1
       1
       2
       1
       1
       1
       3
       3
       3
       2
       6
       1
       2
       0
       3
       0
       3
       3
       0
       2
       2
       1
       3
       3
       0
       1
       4
       0
       2
       1
       1
       4
       1
       2
       0
       1
       1
       2
       4
       1
       1
       3
       1
       1
       1
       1
       5
       0
       1
       0
       0
       1
       3
       2
       0
       3
       1
       4
       2
       0
       2
       0
       1
       4
       1
       2
       3
       0
       0
       0
       0
       0
       1
       3
       1
       4
       0
       4
       2
       4
       1
       0
       1
       2
       2
       1
       2
       1
       1
       0
       3
       1
       2
       1
       4
       1
       0
       1
       1
       2
       4
       0
       1
       0
       1
       3
       3
       4
       1
       1
       1
       0
       2
       2
       3
       2
       2
       2
       1
       2
       0
       2
       2
       2
       4
       2
       2
       3
       2
       3
       1
       3
       0
       1
       2
       5
       2
       2
       3
       2
       3
       2
       3
       0
       2
       1
       0
       2
       0
       3
       3
       1
       0
       1
       3
       2
       1
       4
       2
       2
       3
       1
       0
       1
       1
       1
       4
       1
       1
       1
       1
       1
       0
       0
       2
       2
       3
       2
       1
       2
       0
       3
       3
       2
       1
       3
       4
       4
       4
       2
       1
       0
       3
       1
       1
       0
       3
       2
       2
       0
       1
       1
       4
       1
       3
       6
       1
       1
       2
       0
       3
       2
       2
       1
       1
       1
       1
       0
       2
       1
       1
       1
       4
       4
       2
       4
       0
       0
       1
       2
       1
       2
       2
       1
       5
       0
       1
       1
       2
       0
       2
       1
       1
       5
       0
       1
       1
       0
       0
       3
       1
       2
       2
       3
       2
       1
       1
       1
       5
       4
       0
       3
       1
       2
       2
       2
       1
       3
       2
       1
       1
       5
       0
       2
       1
       1
       1
       1
       2
       2
       1
       1
       2
       2
       4
       1
       2
       1
       2
       0
       1
       1
       0
       2
       1
       2
       0
       0
       0
       3
       1
       2
       2
       1
       1
       3
       0
       2
       1
       0
       1
       5
       2
       1
       3
       1
       0
       4
       3
       0
       0
       1
       2
       3
       4
       3
       6
       3
       1
       3
       2
       1
       1
       1
       0
       4
       4
       0
       3
       1
       0
       0
       0
       0
       2
       1
       1
       2
       0
       2
       3
       3
       5
       2
       2
       1
       1
       1
       1
       2
       1
       2
       4
       1
       1
       0
       3
       2
       1
       1
       3
       1
       3
       4
       0
       1
       0
       2
       2
       1
       1
       3
       2
       2
       3
       2
       4
       3
       3
       4
       1
       4
       1
       1
       2
       0
       1
       0
       2
       4
       2
       0
       2
       1
       0
       2
       0
       1
       2
       4
       4
       3
       1
       6
       4
       3
       1
       3
       1
       2
       2
       1
       2
       2
       0
       3
       1
       4
       2
       1
       2
       2
       2
       1
       4
       1
       1
       0
       2
       1
       1
       4
       1
       2
       1
       2
       1
       1
       1
       2
       3
       1
       3
       3
       1
       0
       1
       3
       1
       4
       1
       3
       3
       4
       2
       2
       1
       2
       3
       1
       0
       0
       2
       4
       2
       2
       0
       1
       3
       5
       1
       1
       1
       2
       2
       3
       3
       0
       1
       0
       1
       1
       3
       0
       2
       3
       2
       3
       3
       0
       1
       0
       1
       2
       1
       2
       4
       0
       3
       2
       2
       1
       1
       3
       0
       2
       2
       3
       1
       2
       0
       2
       2
       1
       2
       4
       0
       3
       3
       1
       6
       2
       5
       0
       4
       1
       3
       2
       6
       2
       2
       0
       1
       3
       2
       1
       2
       3
       3
       0
       2
       4
       0
       3
       2
       1
       3
       0
       4
       1
       3
       5
       1
       3
       1
       0
       3
       2
       3
       6
       1
       1
       1
       2
       3
       3
       3
       2
       4
       2
       1
       1
       1
       1
       2
       2
       2
       1
       2
       3
       2
       5
       1
       1
       5
       1
       1
       1
       2
       1
       3
       0
       2
       2
       1
       1
       1
       1
       2
       3
       3
       2
       2
       2
       1
       1
       1
       3
       1
       0
       0
       3
       3
       0
       3
       3
       0
       0
       2
       1
       2
       3
       0
       2
       2
       2
       1
       5
       1
       1
       2
       1
       3
       1
       2
       4
       0
       4
       3
       1
       1
       2
       1
       3
       1
       1
       1
       3
       1
       3
       2
       0
       1
       1
       2
       5
       1
       2
       3
       2
       3
       4
       2
       3
       4
       2
       2
       2
       2
       2
       1
       1
       2
       3
       2
       2
       2
       1
       2
       3
       2
       3
       1
       0
       2
       1
       1
       2
       1
       3
       0
       0
       0
       2
       4
       2
       3
       3
       2
       2
       2
       2
       0
       3
       2
       4
       3
       4
       2
       1
       1
       1
       2
       2
       4
       2
       1
       2
       1
       4
       4
       3
       4
       2
       4
       1
       0
       1
       3
       0
       0
       8
       2
       0
       5
       1
       7
       3
       5
       2
       3
       0
       7
       4
       1
       1
       1
       5
       0
       3
       6
       4
       4
       2
       4
       4
       2
       2
       3
       3
       3
       0
       1
       4
       2
       4
       3
       3
       2
       1
       2
       7
       1
       6
       2
       1
       1
       4
       3
       5
       3
       4
       1
       1
       2
       3
       3
       3
       2
       3
       3
       3
       2
       2
       2
       1
       3
       3
       3
       4
       1
       3
       3
       3
       2
      10
       3
       5
       3
       1
       3
       6
       3
       1
       5
       5
       4
       3
       2
       4
       2
       2
       2
       1
       1
       3
       1
       8
       1
       1
       2
       7
       1
       4
       3
       4
       3
       6
       4
       3
       5
       4
       4
       7
       3
       2
       2
       2
       5
       3
       4
       0
       6
       1
       4
       3
       3
       5
       5
       7
       3
       9
       2
       3
       5
       3
       6
       4
       3
       6
       4
      10
       6
      10
       8
       9
       6
       6
       5
       3
       4
       4
       5
       4
       2
       3
       7
       4
       6
       4
      10
      14
       7
       4
       5
       5
       5
       7
       7
       4
       4
       4
       3
       6
       4
       6
       5
       5
       4
       3
       1
       9
       6
       6
       8
       9
       9
       9
       4
       6
       6
       4
       5
       3
       4
       3
       6
       5
       6
       7
       4
       4
       6
       4
       3
       5
       6
       5
       5
       7
       4
       6
       5
       1
       7
       4
       5
       7
       4
      11
       9
       6
       2
       5
       5
       1
       7
       2
       9
       6
       5
       6
       5
       7
      10
       6
       7
       3
       6
       4
       6
       2
       7
       4
       5
       6
       8
       6
       3
       5
       6
       5
       4
       4
      10
       5
       5
       7
       4
      11
       5
       8
       6
       2
       7
      12
       7
       6
      13
       5
       7
      11
       6
       6
       7
       7
      12
       8
      10
      12
       8
      12
      10
      18
       6
      16
      12
      11
      12
      13
       8
      13
       9
      17
      11
      16
       8
       8
       9
      13
      16
      14
      21
      21
      14
      19
      21
      19
      20
      21
      30
      29
      19
      17
      21
      28
      24
      19
      27
      25
      32
      26
      28
      40
      33
      31
      38
      35
      29
      48
      46
      49
      42
      40
      55
      55
      64
      46
      53
      60
      46
      37
      46
      68
      79
      90
      74
      73
      83
      88
      82
      85
      91
     108
     103
      84
      98
     104
     116
     126
     128
     119
     121
     106
     127
     123
     139
     114
     158
     134
     155
     151
     172
     159
     167
     171
     185
     189
     219
     203
     208
     195
     222
     200
     226
     218
     225
     237
     240
     245
     258
     271
     269
     271
     294
     277
     303
     289
     273
     337
     306
     323
     327
     314
     353
     344
     303
     372
     368
     376
     355
     329
     354
     371
     384
     353
     361
     355
     356
     386
     382
     395
     406
     368
     355
     403
     398
     402
     404
     437
     418
     406
     384
     413
     409
     418
     413
     390
     398
     401
     427
     367
     370
     375
     365
     422
     382
     388
     386
     371
     372
     370
     353
     355
     400
     373
     333
     354
     338
     354
     336
     314
     328
     315
     340
     318
     311
     298
     318
     300
     263
     282
     255
     261
     281
     263
     265
     253
     270
     239
     257
     212
     226
     236
     208
     200
     198
     187
     189
     165
     180
     175
     172
     161
     166
     168
     136
     145
     122
     128
     136
     124
     120
     101
     116
     101
      92
      82
     105
     109
      93
      78
      88
      84
      68
      62
      67
      67
      63
      57
      53
      59
      51
      57
      47
      50
      42
      40
      31
      37
      32
      47
      36
      32
      28
      25
      21
      31
      24
      18
       8
      23
      14
      11
      17
      14
      14
      11
      13
       9
      11
      16
      12
       9
      11
       4
      11
       7
       3
       8
       6
       3
       5
       2
       5
       2
       6
       5
       4
       3
       7
       4
       3
       4
       2
       3
       4
       3
       2
       5
       1
       0
       0
       3
       0
       0
       0
       0
       0
       0
       0
       0
       0
       1
       1
       0
       1
       0
       0
       1
       0
       0
       0
       0
       0
       1
       0
       0
       0
       0
       0
       0
       0
       0
       0
       0
       0
       0
       0
       0
       0
       0
       0
       0
       0
       0
       0
       0
       0
       0
       0
       0
       0
       0
       0
       0
       0
       0
       0
       0
       0
       0
       0
       0
       0
       0
       0
       0
       0
       0
       0
       0
       0
       0
       0
       0
       0
       0
       0
       0
       0
       0
       0
       0
       0
       0
       0
       0
       0
       0
       0
       0
       1
       0
       0
       0
       0
       0
       0
       0
       0
       0
       0
       0
       0
       0
       0
       0
       0
       0
       0
       0
       0
       0
       0
       0
       0
       0
       0
       0
       0
       0
       0
       0
       0
       0
       0
       0
       0
       0
       0
       0
       0
       0
       0
       0
       0
       0
       0
       0
       0
       0
       0
       0
       0
       0
       0
       0
       0
       0
       0
       0
       0
       0
       0
       0
       0
       0
       0
       0
       0
       0
       0
       0
       0
       0
       0
       0
       0
       0
       0
       0
       0
       0
       0
       0
       0
       0
       0
       0
       0
       0
       0
       0
       0
       0
       0
       0
       0
       0
       1
       0
       0
       0
       0
       0
       0
       0
       0
       0
       0
       0
       0
       0
       0
       0
       0
       0
       0
       0
       0
       0
       0
       1
       0
       0
       0
       0
       0
       0
       0
       0
       0
       0
       0
       0
       0
       0
       0
       0
       0
       0
       0
       0
       0
       0
       0
       0
       1
       0
       0
       0
       0
       0
       0
       0
       0
       0
       0
       0
       0
       0
       0
       0
       0
       0
       0
       0
       0
       0
       0
       0
       0
       0
       0
       0
       0
       0
       0
       0
       0
       0
       0
       0
       0
       0
       0
       0
       0
       0
       0
       0
       0
       0
       0
       0
       0
       0
       0
       0
       0
       0
       0
       0
       0
       0
       0
       0
       0
       0
       0
       0
       0
       0
       0
       0
       0
       0
       0
       0
       0
       0
       0
       0
       0
       0
       0
       0
       0
       0
       0
       0
       0
       0
       0
       0
       0
       0
       0
       0
       0
       0
       0
       0
       0
       0
       0
       0
       0
       0
       0
       0
       0
       0
       0
       0
       0
       0
       0
       0
       0
       0
       0
       1
       1
       0
       0
       0
       0
       0
       0
       0
       0
       0
       0
       0
       0
       0
       0
       0
       0
       0
       0
       0
       0
       0
       0
       0
       0
       0
       0
       0
       0
       0
       0
       0
       0
       0
       0
       0
       0
       0
$ROI:
0
$PRESETS:
Live Time
120
0
$ENER_FIT:
0.000000 0.002526
$MCA_CAL:
3
0.000000E+000 2.525835E-003 0.000000E+000 keV
$SHAPE_CAL:
3
0.000000E+000 0.000000E+000 0.000000E+000
