SPEC_ID:	'No sample description was entered.'
SPEC_REM:	'DET# 1'
DATE_MEA:	'09/21/2017 09:20:12'
MEAS_TIM:	'120 120'
DATA:	'0 2047'
ROI:	'0'
PRESETS:	'Live Time'
ENER_FIT:	'0.000000 0.002526'
MCA_CAL:	'3'
SHAPE_CAL:	'3'

Channel	Counts
0	0
1	0
2	0
3	0
4	0
5	0
6	0
7	0
8	0
9	0
10	0
11	0
12	0
13	0
14	0
15	0
16	0
17	0
18	0
19	0
20	0
21	0
22	0
23	0
24	0
25	0
26	0
27	0
28	0
29	0
30	0
31	0
32	0
33	0
34	0
35	0
36	0
37	0
38	0
39	0
40	0
41	0
42	0
43	0
44	0
45	0
46	0
47	0
48	0
49	0
50	0
51	0
52	0
53	0
54	0
55	0
56	0
57	0
58	0
59	0
60	0
61	0
62	0
63	0
64	0
65	0
66	0
67	0
68	0
69	0
70	0
71	0
72	0
73	0
74	0
75	0
76	0
77	0
78	0
79	0
80	0
81	0
82	0
83	0
84	0
85	0
86	0
87	0
88	0
89	0
90	0
91	0
92	0
93	0
94	0
95	0
96	0
97	0
98	0
99	0
100	0
101	0
102	0
103	0
104	0
105	0
106	0
107	0
108	0
109	0
110	0
111	0
112	0
113	0
114	0
115	0
116	0
117	0
118	0
119	0
120	0
121	0
122	0
123	0
124	0
125	0
126	0
127	0
128	0
129	0
130	0
131	0
132	0
133	0
134	0
135	0
136	0
137	0
138	0
139	0
140	0
141	0
142	0
143	0
144	0
145	0
146	0
147	0
148	0
149	0
150	0
151	0
152	0
153	0
154	0
155	0
156	0
157	0
158	0
159	0
160	0
161	0
162	0
163	0
164	0
165	0
166	0
167	0
168	0
169	0
170	0
171	0
172	0
173	0
174	0
175	0
176	0
177	0
178	0
179	0
180	0
181	0
182	0
183	0
184	0
185	0
186	0
187	0
188	0
189	0
190	0
191	0
192	0
193	0
194	0
195	0
196	0
197	0
198	3
199	0
200	2
201	0
202	0
203	1
204	1
205	1
206	1
207	3
208	2
209	2
210	1
211	0
212	2
213	1
214	3
215	2
216	2
217	0
218	2
219	2
220	1
221	3
222	2
223	0
224	0
225	3
226	1
227	0
228	2
229	0
230	1
231	2
232	0
233	1
234	2
235	3
236	0
237	3
238	3
239	1
240	2
241	0
242	4
243	1
244	2
245	2
246	2
247	0
248	0
249	0
250	3
251	0
252	1
253	0
254	2
255	1
256	1
257	0
258	1
259	1
260	0
261	0
262	0
263	1
264	0
265	2
266	1
267	2
268	0
269	1
270	3
271	0
272	4
273	3
274	3
275	2
276	0
277	0
278	1
279	1
280	1
281	1
282	1
283	2
284	2
285	1
286	3
287	2
288	0
289	3
290	3
291	4
292	0
293	1
294	1
295	3
296	3
297	1
298	0
299	3
300	0
301	1
302	1
303	3
304	1
305	3
306	4
307	3
308	0
309	1
310	1
311	2
312	0
313	0
314	1
315	3
316	0
317	3
318	2
319	0
320	0
321	1
322	0
323	2
324	4
325	2
326	1
327	3
328	0
329	2
330	2
331	1
332	1
333	2
334	2
335	3
336	3
337	3
338	2
339	1
340	2
341	3
342	1
343	3
344	1
345	0
346	1
347	3
348	3
349	1
350	1
351	3
352	2
353	1
354	2
355	3
356	0
357	1
358	1
359	2
360	1
361	1
362	1
363	1
364	1
365	1
366	1
367	0
368	2
369	0
370	0
371	2
372	1
373	0
374	2
375	2
376	1
377	2
378	3
379	2
380	3
381	3
382	2
383	1
384	2
385	2
386	3
387	5
388	3
389	2
390	3
391	1
392	1
393	2
394	3
395	1
396	0
397	2
398	3
399	2
400	0
401	2
402	2
403	3
404	1
405	2
406	1
407	0
408	1
409	1
410	3
411	1
412	1
413	2
414	3
415	0
416	2
417	4
418	0
419	6
420	2
421	1
422	2
423	0
424	2
425	2
426	2
427	0
428	4
429	2
430	1
431	0
432	4
433	1
434	0
435	3
436	1
437	4
438	0
439	0
440	2
441	1
442	4
443	1
444	2
445	0
446	0
447	1
448	1
449	2
450	1
451	3
452	2
453	0
454	4
455	1
456	3
457	2
458	0
459	0
460	2
461	1
462	5
463	0
464	2
465	1
466	5
467	1
468	3
469	5
470	3
471	0
472	0
473	2
474	1
475	1
476	2
477	4
478	2
479	0
480	1
481	2
482	2
483	1
484	1
485	0
486	2
487	3
488	2
489	0
490	1
491	4
492	1
493	2
494	1
495	4
496	0
497	3
498	1
499	0
500	0
501	2
502	1
503	0
504	3
505	4
506	1
507	2
508	4
509	1
510	4
511	0
512	0
513	1
514	2
515	3
516	2
517	3
518	0
519	6
520	1
521	4
522	2
523	1
524	2
525	0
526	1
527	0
528	3
529	2
530	0
531	3
532	0
533	2
534	2
535	3
536	0
537	4
538	1
539	3
540	1
541	1
542	0
543	2
544	3
545	2
546	4
547	1
548	3
549	1
550	4
551	3
552	3
553	3
554	0
555	0
556	2
557	2
558	1
559	2
560	2
561	3
562	5
563	1
564	3
565	3
566	3
567	1
568	3
569	7
570	1
571	1
572	0
573	3
574	3
575	2
576	0
577	0
578	1
579	0
580	5
581	0
582	1
583	0
584	3
585	1
586	3
587	1
588	0
589	0
590	2
591	1
592	2
593	3
594	2
595	2
596	3
597	1
598	2
599	1
600	2
601	3
602	0
603	1
604	1
605	0
606	1
607	2
608	0
609	4
610	1
611	1
612	1
613	1
614	3
615	0
616	4
617	4
618	0
619	1
620	1
621	0
622	1
623	2
624	2
625	0
626	1
627	3
628	2
629	2
630	2
631	3
632	2
633	0
634	0
635	1
636	2
637	2
638	1
639	4
640	2
641	1
642	2
643	4
644	8
645	1
646	0
647	2
648	1
649	1
650	3
651	2
652	3
653	1
654	2
655	3
656	3
657	1
658	2
659	4
660	2
661	2
662	1
663	1
664	2
665	2
666	2
667	2
668	0
669	1
670	4
671	2
672	4
673	0
674	2
675	4
676	1
677	1
678	1
679	3
680	2
681	1
682	3
683	2
684	4
685	4
686	0
687	0
688	1
689	2
690	2
691	1
692	3
693	3
694	1
695	1
696	3
697	4
698	1
699	1
700	2
701	2
702	1
703	1
704	3
705	2
706	1
707	6
708	1
709	1
710	4
711	2
712	2
713	3
714	1
715	2
716	1
717	2
718	3
719	1
720	1
721	4
722	3
723	2
724	2
725	1
726	3
727	5
728	3
729	1
730	2
731	2
732	3
733	0
734	2
735	4
736	1
737	0
738	1
739	3
740	3
741	1
742	0
743	1
744	2
745	2
746	4
747	1
748	0
749	3
750	1
751	4
752	0
753	3
754	2
755	1
756	5
757	2
758	5
759	0
760	3
761	1
762	2
763	4
764	1
765	5
766	3
767	2
768	2
769	1
770	2
771	3
772	3
773	1
774	0
775	1
776	1
777	0
778	1
779	2
780	3
781	3
782	2
783	2
784	0
785	1
786	2
787	0
788	3
789	3
790	2
791	3
792	2
793	2
794	3
795	1
796	1
797	1
798	3
799	2
800	2
801	3
802	3
803	0
804	6
805	4
806	3
807	0
808	2
809	3
810	4
811	2
812	5
813	1
814	2
815	2
816	4
817	2
818	3
819	0
820	4
821	2
822	1
823	3
824	2
825	1
826	2
827	3
828	3
829	1
830	2
831	0
832	5
833	5
834	1
835	4
836	4
837	1
838	1
839	5
840	1
841	2
842	1
843	2
844	2
845	4
846	3
847	2
848	2
849	1
850	2
851	0
852	3
853	3
854	1
855	0
856	1
857	2
858	4
859	2
860	0
861	1
862	2
863	2
864	5
865	1
866	2
867	4
868	4
869	2
870	4
871	7
872	1
873	0
874	3
875	1
876	0
877	3
878	3
879	3
880	2
881	4
882	2
883	1
884	0
885	4
886	2
887	5
888	2
889	1
890	2
891	2
892	3
893	1
894	2
895	6
896	4
897	1
898	0
899	6
900	5
901	3
902	1
903	3
904	0
905	3
906	6
907	2
908	2
909	3
910	2
911	4
912	3
913	1
914	2
915	6
916	1
917	6
918	5
919	2
920	2
921	5
922	3
923	3
924	1
925	4
926	1
927	4
928	2
929	1
930	4
931	0
932	3
933	1
934	1
935	1
936	2
937	1
938	1
939	0
940	1
941	3
942	5
943	1
944	2
945	1
946	0
947	2
948	0
949	2
950	0
951	4
952	0
953	3
954	1
955	1
956	3
957	1
958	2
959	1
960	2
961	2
962	3
963	2
964	5
965	2
966	3
967	1
968	1
969	0
970	4
971	5
972	3
973	4
974	1
975	0
976	3
977	0
978	2
979	4
980	3
981	2
982	0
983	1
984	1
985	3
986	2
987	3
988	0
989	2
990	6
991	2
992	4
993	2
994	1
995	4
996	1
997	0
998	1
999	1
1000	1
1001	0
1002	1
1003	2
1004	0
1005	1
1006	2
1007	3
1008	2
1009	6
1010	0
1011	2
1012	2
1013	4
1014	2
1015	0
1016	1
1017	4
1018	3
1019	0
1020	1
1021	4
1022	4
1023	2
1024	5
1025	3
1026	4
1027	2
1028	2
1029	4
1030	0
1031	1
1032	1
1033	3
1034	1
1035	5
1036	0
1037	0
1038	3
1039	2
1040	4
1041	3
1042	0
1043	2
1044	6
1045	3
1046	0
1047	1
1048	2
1049	1
1050	6
1051	3
1052	2
1053	4
1054	2
1055	3
1056	1
1057	6
1058	1
1059	2
1060	1
1061	0
1062	3
1063	2
1064	3
1065	3
1066	2
1067	3
1068	2
1069	2
1070	3
1071	3
1072	0
1073	0
1074	2
1075	5
1076	0
1077	2
1078	2
1079	3
1080	3
1081	2
1082	1
1083	1
1084	2
1085	3
1086	2
1087	3
1088	1
1089	3
1090	3
1091	3
1092	0
1093	2
1094	4
1095	2
1096	3
1097	3
1098	2
1099	3
1100	0
1101	5
1102	3
1103	3
1104	2
1105	3
1106	2
1107	1
1108	0
1109	1
1110	5
1111	2
1112	4
1113	5
1114	1
1115	1
1116	2
1117	2
1118	2
1119	3
1120	1
1121	5
1122	1
1123	2
1124	4
1125	5
1126	5
1127	1
1128	0
1129	3
1130	3
1131	3
1132	3
1133	1
1134	6
1135	2
1136	2
1137	3
1138	3
1139	0
1140	2
1141	4
1142	3
1143	3
1144	3
1145	5
1146	5
1147	3
1148	1
1149	4
1150	2
1151	4
1152	4
1153	4
1154	2
1155	3
1156	2
1157	6
1158	4
1159	3
1160	6
1161	2
1162	3
1163	5
1164	2
1165	4
1166	3
1167	1
1168	4
1169	0
1170	4
1171	3
1172	3
1173	1
1174	7
1175	3
1176	7
1177	5
1178	3
1179	2
1180	2
1181	6
1182	7
1183	3
1184	2
1185	1
1186	5
1187	4
1188	5
1189	4
1190	3
1191	3
1192	3
1193	5
1194	6
1195	6
1196	3
1197	4
1198	2
1199	4
1200	1
1201	2
1202	8
1203	2
1204	5
1205	2
1206	4
1207	4
1208	5
1209	2
1210	6
1211	2
1212	5
1213	4
1214	7
1215	5
1216	5
1217	5
1218	2
1219	3
1220	5
1221	4
1222	5
1223	7
1224	7
1225	2
1226	4
1227	5
1228	1
1229	5
1230	4
1231	2
1232	7
1233	5
1234	4
1235	9
1236	2
1237	4
1238	6
1239	6
1240	5
1241	9
1242	8
1243	8
1244	6
1245	7
1246	5
1247	5
1248	7
1249	6
1250	6
1251	3
1252	3
1253	2
1254	5
1255	4
1256	5
1257	5
1258	4
1259	6
1260	4
1261	7
1262	3
1263	4
1264	1
1265	2
1266	6
1267	10
1268	4
1269	7
1270	2
1271	6
1272	7
1273	1
1274	2
1275	6
1276	5
1277	6
1278	4
1279	5
1280	6
1281	4
1282	6
1283	7
1284	6
1285	6
1286	4
1287	3
1288	6
1289	16
1290	3
1291	2
1292	7
1293	5
1294	4
1295	4
1296	3
1297	2
1298	3
1299	10
1300	5
1301	1
1302	6
1303	4
1304	7
1305	11
1306	8
1307	5
1308	7
1309	5
1310	5
1311	4
1312	8
1313	5
1314	7
1315	7
1316	9
1317	3
1318	6
1319	5
1320	5
1321	8
1322	8
1323	6
1324	4
1325	4
1326	4
1327	9
1328	3
1329	5
1330	3
1331	3
1332	4
1333	7
1334	10
1335	4
1336	5
1337	8
1338	8
1339	5
1340	6
1341	4
1342	7
1343	7
1344	7
1345	10
1346	14
1347	9
1348	7
1349	8
1350	6
1351	9
1352	6
1353	8
1354	7
1355	7
1356	4
1357	15
1358	8
1359	11
1360	9
1361	11
1362	9
1363	11
1364	10
1365	18
1366	9
1367	14
1368	12
1369	8
1370	12
1371	20
1372	13
1373	9
1374	19
1375	19
1376	19
1377	13
1378	19
1379	17
1380	23
1381	18
1382	23
1383	21
1384	29
1385	17
1386	24
1387	16
1388	22
1389	35
1390	17
1391	33
1392	29
1393	37
1394	31
1395	31
1396	35
1397	38
1398	20
1399	27
1400	28
1401	45
1402	33
1403	33
1404	41
1405	47
1406	43
1407	39
1408	45
1409	50
1410	44
1411	44
1412	51
1413	50
1414	48
1415	63
1416	72
1417	71
1418	63
1419	77
1420	63
1421	63
1422	73
1423	71
1424	77
1425	80
1426	75
1427	99
1428	87
1429	97
1430	81
1431	103
1432	121
1433	120
1434	134
1435	104
1436	109
1437	133
1438	122
1439	106
1440	119
1441	125
1442	151
1443	133
1444	166
1445	161
1446	152
1447	139
1448	147
1449	172
1450	175
1451	184
1452	203
1453	194
1454	183
1455	201
1456	209
1457	227
1458	237
1459	199
1460	224
1461	229
1462	232
1463	256
1464	256
1465	255
1466	261
1467	265
1468	253
1469	268
1470	276
1471	259
1472	280
1473	284
1474	289
1475	291
1476	295
1477	325
1478	320
1479	301
1480	329
1481	297
1482	345
1483	373
1484	357
1485	364
1486	374
1487	282
1488	356
1489	367
1490	360
1491	370
1492	385
1493	358
1494	374
1495	395
1496	375
1497	357
1498	393
1499	391
1500	397
1501	430
1502	428
1503	397
1504	387
1505	384
1506	437
1507	388
1508	408
1509	382
1510	394
1511	427
1512	376
1513	406
1514	395
1515	400
1516	418
1517	405
1518	413
1519	414
1520	391
1521	376
1522	370
1523	388
1524	375
1525	364
1526	395
1527	399
1528	360
1529	358
1530	350
1531	383
1532	357
1533	342
1534	328
1535	383
1536	321
1537	325
1538	362
1539	283
1540	331
1541	316
1542	312
1543	304
1544	305
1545	291
1546	293
1547	288
1548	290
1549	288
1550	258
1551	226
1552	259
1553	234
1554	260
1555	236
1556	201
1557	245
1558	180
1559	202
1560	225
1561	210
1562	211
1563	176
1564	203
1565	176
1566	167
1567	165
1568	168
1569	151
1570	179
1571	150
1572	144
1573	166
1574	130
1575	124
1576	126
1577	121
1578	108
1579	117
1580	124
1581	108
1582	115
1583	105
1584	93
1585	90
1586	98
1587	78
1588	73
1589	76
1590	65
1591	72
1592	79
1593	71
1594	66
1595	67
1596	55
1597	57
1598	50
1599	51
1600	57
1601	41
1602	36
1603	58
1604	49
1605	26
1606	50
1607	48
1608	27
1609	41
1610	24
1611	27
1612	23
1613	23
1614	20
1615	32
1616	26
1617	23
1618	15
1619	21
1620	22
1621	20
1622	13
1623	14
1624	15
1625	16
1626	13
1627	10
1628	15
1629	12
1630	8
1631	13
1632	6
1633	7
1634	7
1635	11
1636	4
1637	9
1638	3
1639	4
1640	3
1641	5
1642	4
1643	4
1644	5
1645	1
1646	2
1647	0
1648	3
1649	2
1650	4
1651	2
1652	0
1653	2
1654	2
1655	2
1656	2
1657	1
1658	3
1659	1
1660	1
1661	3
1662	0
1663	1
1664	1
1665	0
1666	0
1667	2
1668	1
1669	1
1670	0
1671	0
1672	1
1673	0
1674	0
1675	2
1676	0
1677	1
1678	0
1679	0
1680	0
1681	0
1682	0
1683	0
1684	0
1685	0
1686	0
1687	0
1688	1
1689	0
1690	0
1691	0
1692	0
1693	0
1694	0
1695	0
1696	0
1697	0
1698	0
1699	0
1700	0
1701	0
1702	0
1703	0
1704	0
1705	0
1706	0
1707	0
1708	0
1709	0
1710	0
1711	0
1712	0
1713	0
1714	0
1715	0
1716	0
1717	0
1718	1
1719	0
1720	0
1721	0
1722	0
1723	0
1724	0
1725	0
1726	0
1727	0
1728	0
1729	0
1730	0
1731	0
1732	0
1733	0
1734	0
1735	0
1736	0
1737	0
1738	0
1739	0
1740	0
1741	0
1742	0
1743	0
1744	0
1745	0
1746	0
1747	0
1748	0
1749	0
1750	0
1751	0
1752	0
1753	0
1754	0
1755	0
1756	1
1757	0
1758	0
1759	0
1760	0
1761	1
1762	0
1763	0
1764	0
1765	0
1766	0
1767	0
1768	0
1769	1
1770	0
1771	1
1772	0
1773	0
1774	0
1775	0
1776	0
1777	0
1778	0
1779	0
1780	0
1781	0
1782	0
1783	0
1784	0
1785	0
1786	0
1787	0
1788	0
1789	0
1790	0
1791	0
1792	0
1793	0
1794	0
1795	0
1796	0
1797	0
1798	0
1799	0
1800	0
1801	0
1802	0
1803	0
1804	0
1805	0
1806	0
1807	0
1808	0
1809	0
1810	0
1811	0
1812	0
1813	0
1814	0
1815	0
1816	0
1817	0
1818	0
1819	0
1820	0
1821	0
1822	0
1823	0
1824	0
1825	0
1826	0
1827	0
1828	0
1829	0
1830	0
1831	0
1832	0
1833	0
1834	0
1835	1
1836	0
1837	0
1838	0
1839	0
1840	0
1841	0
1842	0
1843	1
1844	0
1845	0
1846	0
1847	0
1848	0
1849	0
1850	0
1851	0
1852	0
1853	1
1854	0
1855	0
1856	0
1857	0
1858	0
1859	0
1860	0
1861	0
1862	0
1863	0
1864	0
1865	0
1866	0
1867	0
1868	0
1869	0
1870	0
1871	0
1872	0
1873	0
1874	0
1875	0
1876	0
1877	1
1878	0
1879	0
1880	0
1881	0
1882	0
1883	0
1884	0
1885	0
1886	0
1887	0
1888	0
1889	0
1890	0
1891	0
1892	0
1893	0
1894	0
1895	0
1896	0
1897	0
1898	0
1899	0
1900	0
1901	0
1902	0
1903	0
1904	0
1905	0
1906	0
1907	0
1908	0
1909	0
1910	0
1911	0
1912	0
1913	0
1914	0
1915	0
1916	0
1917	0
1918	0
1919	0
1920	1
1921	0
1922	0
1923	0
1924	0
1925	0
1926	0
1927	0
1928	0
1929	1
1930	0
1931	0
1932	0
1933	0
1934	0
1935	0
1936	0
1937	0
1938	0
1939	0
1940	0
1941	1
1942	0
1943	0
1944	0
1945	0
1946	0
1947	0
1948	0
1949	0
1950	0
1951	0
1952	0
1953	0
1954	0
1955	0
1956	0
1957	0
1958	0
1959	0
1960	0
1961	0
1962	0
1963	0
1964	0
1965	0
1966	0
1967	0
1968	0
1969	0
1970	0
1971	0
1972	0
1973	0
1974	0
1975	0
1976	0
1977	0
1978	0
1979	0
1980	0
1981	0
1982	0
1983	0
1984	1
1985	0
1986	0
1987	0
1988	0
1989	0
1990	0
1991	0
1992	0
1993	0
1994	0
1995	0
1996	0
1997	0
1998	0
1999	0
2000	0
2001	0
2002	0
2003	0
2004	0
2005	0
2006	0
2007	0
2008	0
2009	0
2010	0
2011	0
2012	0
2013	0
2014	0
2015	0
2016	0
2017	0
2018	0
2019	0
2020	0
2021	0
2022	0
2023	0
2024	0
2025	0
2026	0
2027	0
2028	0
2029	0
2030	0
2031	0
2032	0
2033	0
2034	0
2035	0
2036	0
2037	0
2038	0
2039	0
2040	0
2041	0
2042	0
2043	0
2044	0
2045	0
2046	0
2047	0
