$SPEC_ID:
No sample description was entered.
$SPEC_REM:
DET# 1
DETDESC# 
AP# Maestro Version 6.08
$DATE_MEA:
09/21/2017 09:12:09
$MEAS_TIM:
120 120
$DATA:
0 2047
       0
       0
       0
       0
       0
       0
       0
       0
       0
       0
       0
       0
       0
       0
       0
       0
       0
       0
       0
       0
       0
       0
       0
       0
       0
       0
       0
       0
       0
       0
       0
       0
       0
       0
       0
       0
       0
       0
       0
       0
       0
       0
       0
       0
       0
       0
       0
       0
       0
       0
       0
       0
       0
       0
       0
       0
       0
       0
       0
       0
       0
       0
       0
       0
       0
       0
       0
       0
       0
       0
       0
       0
       0
       0
       0
       0
       0
       0
       0
       0
       0
       0
       0
       0
       0
       0
       0
       0
       0
       0
       0
       0
       0
       0
       0
       0
       0
       0
       0
       0
       0
       0
       0
       0
       0
       0
       0
       0
       0
       0
       0
       0
       0
       0
       0
       0
       0
       0
       0
       0
       0
       0
       0
       0
       0
       0
       0
       0
       0
       0
       0
       0
       0
       0
       0
       0
       0
       0
       0
       0
       0
       0
       0
       0
       0
       0
       0
       0
       0
       0
       0
       0
       0
       0
       0
       0
       0
       0
       0
       0
       0
       0
       0
       0
       0
       0
       0
       0
       0
       0
       0
       0
       0
       0
       0
       0
       0
       0
       0
       0
       0
       0
       0
       0
       0
       0
       0
       0
       0
       0
       0
       0
       0
       0
       0
       0
       0
       1
       2
       0
       2
       2
       0
       1
       2
       4
       1
       0
       3
       0
       1
       2
       2
       1
       1
       0
       1
       1
       2
       1
       2
       4
       1
       0
       0
       1
       0
       3
       1
       1
       2
       1
       4
       2
       0
       2
       4
       3
       0
       1
       3
       0
       2
       0
       1
       0
       1
       2
       2
       0
       2
       0
       1
       2
       0
       2
       1
       1
       2
       1
       2
       2
       0
       4
       2
       1
       2
       0
       1
       2
       1
       1
       0
       2
       3
       0
       0
       0
       1
       2
       3
       2
       1
       2
       3
       0
       0
       0
       2
       2
       1
       1
       2
       3
       0
       4
       1
       2
       4
       0
       5
       2
       2
       3
       2
       2
       0
       0
       0
       2
       1
       4
       2
       0
       0
       2
       1
       2
       2
       1
       0
       1
       1
       2
       2
       2
       2
       1
       1
       4
       0
       0
       2
       0
       2
       0
       1
       3
       2
       1
       2
       2
       4
       2
       1
       2
       1
       1
       4
       1
       2
       3
       3
       0
       0
       2
       1
       0
       1
       2
       1
       2
       1
       0
       1
       2
       2
       4
       3
       4
       1
       1
       3
       2
       4
       0
       0
       0
       0
       2
       1
       1
       1
       3
       1
       1
       0
       2
       2
       1
       4
       3
       2
       2
       2
       2
       1
       1
       3
       0
       0
       3
       3
       2
       1
       1
       2
       1
       2
       0
       2
       1
       4
       2
       2
       0
       1
       4
       2
       1
       2
       0
       1
       0
       4
       1
       0
       3
       0
       0
       2
       0
       1
       0
       2
       3
       1
       0
       3
       0
       2
       1
       2
       2
       1
       0
       1
       2
       0
       1
       3
       2
       0
       2
       2
       0
       2
       1
       3
       2
       1
       2
       1
       4
       3
       0
       0
       1
       0
       0
       1
       0
       1
       5
       0
       3
       2
       3
       3
       0
       3
       1
       0
       0
       0
       1
       1
       0
       1
       1
       1
       2
       2
       0
       1
       1
       0
       0
       5
       2
       1
       4
       2
       2
       0
       2
       1
       2
       1
       1
       1
       1
       1
       1
       1
       3
       0
       1
       1
       2
       0
       1
       3
       1
       2
       1
       3
       1
       1
       4
       3
       3
       3
       0
       2
       1
       0
       0
       2
       0
       1
       1
       3
       2
       1
       1
       4
       3
       1
       0
       0
       3
       6
       4
       0
       3
       1
       1
       2
       2
       2
       2
       2
       3
       2
       3
       2
       1
       1
       5
       1
       3
       1
       2
       3
       2
       6
       0
       2
       4
       3
       5
       1
       2
       2
       1
       4
       3
       0
       2
       2
       3
       2
       2
       4
       2
       1
       2
       0
       1
       2
       4
       2
       1
       4
       2
       0
       0
       1
       1
       1
       0
       5
       1
       4
       3
       2
       0
       3
       2
       1
       3
       1
       2
       2
       1
       2
       3
       0
       1
       2
       1
       2
       2
       1
       2
       2
       0
       4
       1
       3
       2
       3
       0
       2
       2
       0
       2
       2
       4
       2
       1
       1
       2
       2
       1
       2
       2
       0
       5
       4
       4
       1
       3
       2
       1
       3
       0
       4
       0
       2
       2
       1
       1
       5
       4
       3
       1
       1
       2
       0
       2
       2
       2
       0
       3
       2
       3
       4
       1
       3
       0
       1
       2
       3
       2
       2
       3
       1
       1
       3
       2
       5
       4
       4
       2
       2
       3
       1
       3
       0
       1
       0
       1
       3
       0
       2
       0
       2
       2
       1
       2
       1
       0
       1
       3
       0
       2
       4
       5
       1
       0
       1
       0
       1
       2
       3
       4
       2
       3
       1
       3
       6
       1
       2
       1
       2
       2
       2
       2
       4
       0
       2
       2
       1
       1
       2
       5
       5
       2
       4
       0
       2
       0
       2
       2
       3
       2
       2
       0
       3
       2
       0
       6
       2
       3
       0
       2
       2
       2
       2
       5
       1
       1
       3
       1
       2
       4
       0
       4
       0
       3
       1
       1
       7
       3
       1
       1
       1
       6
       2
       2
       1
       3
       3
       3
       2
       4
       1
       3
       1
       5
       1
       3
       7
       4
       0
       0
       3
       6
       2
       5
       2
       3
       1
       1
       5
       2
       0
       2
       1
       4
       3
       5
       2
       3
       1
       4
       0
       1
       5
       2
       1
       1
       1
       1
       1
       1
       2
       3
       1
       7
       4
       3
       2
       2
       2
       0
       2
       0
       2
       3
       1
       1
       1
       2
       3
       3
       2
       2
       1
       1
       4
       0
       1
       1
       2
       4
       2
       5
       2
       4
       5
       1
       2
       0
       1
       3
       4
       2
       3
       1
       1
       2
       2
       3
       1
       0
       0
       3
       4
       0
       3
       3
       0
       1
       4
       2
       2
       0
       2
       0
       1
       2
       3
       4
       2
       2
       1
       4
       3
       3
       2
       2
       0
       2
       1
       2
       3
       1
       2
       6
       2
       4
       1
       2
       6
       2
       1
       0
       6
       2
       3
       2
       2
       3
       1
       1
       2
       1
       1
       1
       2
       2
       1
       2
       1
       5
       3
       4
       3
       5
       3
       3
       4
       5
       3
       6
       4
       3
       3
       1
       3
       3
       3
       4
       0
       1
       3
       1
       4
       1
       4
       0
       0
       2
       0
       1
       2
       0
       3
       1
       2
       0
       1
       3
       2
       1
       3
       3
       2
       3
       2
       1
       3
       3
       0
       3
       2
       3
       3
       2
       2
       2
       2
       2
       3
       1
       4
       1
       0
       1
       2
       3
       1
       1
       7
       4
       5
       3
       1
       4
       1
       3
       1
       1
       6
       3
       1
       9
       3
       3
       1
       2
       2
       0
       2
       2
       2
       4
       3
       3
       3
       1
       3
       8
       1
       2
       2
       0
       2
       0
       0
       6
       3
       0
       2
       5
       1
       2
       1
       4
       4
       3
       2
       0
       2
       2
       1
       5
       4
       1
       2
       2
       2
       3
       2
       0
       2
       2
       1
       3
       4
       2
       3
       2
       3
       2
       3
       2
       3
       1
       3
       4
       5
       3
       1
       3
       0
       1
       4
       3
       2
       0
       3
       4
       1
       3
       3
       1
       4
       2
       1
       2
       2
       1
       4
       3
       3
       0
       2
       1
       2
       3
       2
       3
       3
       2
       1
       4
       1
       0
       3
       5
       0
       1
       3
       3
       2
       0
       2
       1
       2
       2
       5
       6
       2
       5
       3
       4
       5
       2
       3
       1
       1
       7
       5
       3
       4
       0
       5
       2
       2
       2
       3
       3
       4
       3
       4
       2
       4
       4
       5
       5
       5
       5
       2
       5
       2
       6
       5
       6
       3
       2
       3
       4
       5
       2
       2
       3
       5
       7
       2
       4
       9
       6
       3
       7
      10
       5
       4
       3
       5
       6
       6
       4
       5
       1
       3
       9
       4
       3
       3
       5
       6
       9
       6
       2
       5
       5
       8
       4
       3
      10
       5
       4
       1
       3
       5
       6
       2
       9
       8
       6
       6
       5
       6
       3
       4
       4
       2
       8
       8
       6
       8
       2
       3
       4
       7
       4
       8
       2
       4
       6
       7
       5
       4
       6
       7
       4
       3
       3
       1
       6
       2
       7
       9
       4
       5
      10
       6
       4
       6
       4
       4
       5
       6
       6
       6
       3
       2
       8
       7
       4
       8
       5
       4
      11
       5
       7
       4
       7
       3
       7
       6
       7
       8
       3
       6
       2
       7
       7
       6
      11
       4
       6
       4
       7
       2
       8
       2
       4
       6
       2
       7
       5
       3
       5
       3
       8
       5
       5
       3
      10
       8
       7
       2
       5
       5
       6
       5
       6
       7
      10
       5
       6
       8
       6
       9
       6
       4
       8
      11
      11
       6
      12
      13
       6
       7
      11
       6
       9
       8
       8
      13
      11
      16
       6
      14
      22
      24
      12
      16
      19
      16
      18
      13
      20
      14
      14
      19
      17
      15
      16
      27
      17
      23
      28
      22
      16
      22
      27
      23
      22
      28
      28
      34
      25
      25
      36
      36
      39
      37
      43
      32
      38
      36
      38
      55
      43
      35
      44
      59
      63
      56
      48
      56
      58
      76
      73
      68
      66
      54
      85
      76
      79
      80
      95
      85
     106
      90
      92
      91
     118
     107
      97
     101
     104
     123
     103
     145
     132
     118
     140
     149
     139
     154
     157
     177
     179
     194
     190
     159
     184
     191
     205
     211
     197
     215
     209
     241
     226
     249
     216
     240
     224
     221
     238
     241
     279
     253
     278
     296
     258
     299
     282
     296
     322
     305
     339
     312
     320
     336
     323
     333
     381
     352
     343
     359
     364
     363
     368
     363
     390
     349
     397
     403
     382
     364
     397
     401
     388
     439
     372
     417
     394
     401
     418
     412
     449
     389
     414
     433
     390
     391
     401
     417
     384
     423
     396
     413
     372
     427
     404
     368
     392
     366
     364
     384
     390
     357
     355
     340
     352
     330
     327
     335
     352
     317
     319
     313
     304
     297
     293
     283
     328
     319
     266
     244
     247
     307
     240
     251
     253
     243
     273
     213
     231
     219
     220
     204
     215
     204
     206
     176
     186
     187
     152
     183
     177
     160
     156
     135
     142
     147
     133
     114
     109
     131
     128
     122
     116
     116
      86
     110
      97
      93
      95
      82
      65
      77
      77
      89
      62
      71
      75
      60
      65
      49
      61
      51
      49
      52
      41
      43
      49
      39
      30
      41
      24
      27
      24
      31
      15
      28
      18
      26
      32
      24
      24
      14
      22
      19
       7
      13
      16
      19
       8
      14
       8
      12
       9
       9
       8
       6
       6
       7
       6
       5
       6
       5
       3
       6
       5
       4
       2
       4
       2
       3
       0
       1
       2
       4
       2
       1
       1
       2
       2
       1
       2
       0
       0
       0
       1
       1
       1
       0
       1
       0
       1
       0
       0
       0
       1
       0
       0
       0
       0
       0
       0
       0
       0
       0
       0
       0
       0
       0
       0
       0
       0
       0
       0
       1
       0
       0
       0
       0
       0
       0
       0
       0
       0
       0
       0
       0
       0
       0
       0
       0
       0
       0
       0
       1
       0
       0
       0
       0
       0
       1
       0
       0
       0
       0
       0
       0
       1
       0
       0
       0
       0
       0
       0
       0
       0
       0
       0
       0
       0
       0
       0
       0
       0
       0
       0
       0
       0
       0
       0
       1
       0
       0
       0
       0
       0
       0
       0
       0
       0
       0
       1
       0
       0
       0
       0
       0
       0
       0
       0
       0
       0
       0
       0
       0
       0
       0
       0
       0
       0
       0
       1
       0
       0
       0
       0
       0
       0
       0
       0
       0
       1
       0
       0
       0
       0
       0
       0
       0
       0
       0
       0
       0
       0
       0
       0
       0
       0
       0
       0
       0
       0
       0
       0
       0
       0
       0
       0
       0
       0
       0
       0
       0
       0
       0
       0
       1
       0
       0
       0
       0
       0
       0
       0
       0
       0
       0
       0
       0
       0
       0
       0
       0
       0
       0
       0
       0
       0
       0
       0
       0
       0
       0
       0
       0
       0
       0
       0
       0
       1
       0
       0
       0
       0
       0
       0
       0
       0
       0
       0
       0
       0
       0
       0
       0
       0
       0
       0
       0
       0
       0
       0
       0
       0
       0
       0
       0
       0
       0
       0
       0
       0
       0
       0
       0
       0
       0
       0
       0
       0
       0
       0
       0
       0
       0
       0
       0
       0
       0
       0
       0
       0
       0
       1
       0
       0
       0
       0
       0
       0
       0
       0
       0
       0
       0
       0
       1
       0
       0
       0
       0
       0
       0
       0
       0
       0
       0
       0
       0
       0
       0
       0
       0
       0
       0
       0
       0
       0
       0
       0
       0
       0
       0
       0
       0
       0
       0
       0
       0
       0
       0
       0
       0
       0
       0
       0
       0
       0
       0
       0
       0
       0
       0
       0
       0
       0
       0
       0
       0
       0
       0
       0
       0
       0
       0
       0
       0
       0
       0
       0
       0
       0
       0
       0
       0
       0
       0
       0
       0
       0
       0
       0
       0
       0
       0
       0
       0
       0
       0
       0
       0
       0
       0
       0
       0
       0
       0
       0
       0
       0
       0
       0
       0
       0
       0
       0
       0
       0
       0
       0
       0
       0
       0
       0
       0
       0
       0
       0
       0
       0
       0
       0
       0
       0
       0
       0
       0
       0
       0
       0
$ROI:
0
$PRESETS:
Live Time
120
0
$ENER_FIT:
0.000000 0.002526
$MCA_CAL:
3
0.000000E+000 2.525835E-003 0.000000E+000 keV
$SHAPE_CAL:
3
0.000000E+000 0.000000E+000 0.000000E+000
