$SPEC_ID:
No sample description was entered.
$SPEC_REM:
DET# 1
DETDESC# 
AP# Maestro Version 6.08
$DATE_MEA:
09/21/2017 09:10:09
$MEAS_TIM:
120 120
$DATA:
0 2047
       0
       0
       0
       0
       0
       0
       0
       0
       0
       0
       0
       0
       0
       0
       0
       0
       0
       0
       0
       0
       0
       0
       0
       0
       0
       0
       0
       0
       0
       0
       0
       0
       0
       0
       0
       0
       0
       0
       0
       0
       0
       0
       0
       0
       0
       0
       0
       0
       0
       0
       0
       0
       0
       0
       0
       0
       0
       0
       0
       0
       0
       0
       0
       0
       0
       0
       0
       0
       0
       0
       0
       0
       0
       0
       0
       0
       0
       0
       0
       0
       0
       0
       0
       0
       0
       0
       0
       0
       0
       0
       0
       0
       0
       0
       0
       0
       0
       0
       0
       0
       0
       0
       0
       0
       0
       0
       0
       0
       0
       0
       0
       0
       0
       0
       0
       0
       0
       0
       0
       0
       0
       0
       0
       0
       0
       0
       0
       0
       0
       0
       0
       0
       0
       0
       0
       0
       0
       0
       0
       0
       0
       0
       0
       0
       0
       0
       0
       0
       0
       0
       0
       0
       0
       0
       0
       0
       0
       0
       0
       0
       0
       0
       0
       0
       0
       0
       0
       0
       0
       0
       0
       0
       0
       0
       0
       0
       0
       0
       0
       0
       0
       0
       0
       0
       0
       0
       0
       0
       0
       0
       0
       0
       0
       0
       0
       0
       0
       0
       2
       3
       1
       3
       2
       1
       3
       3
       0
       2
       3
       2
       1
       2
       0
       1
       0
       1
       3
       3
       1
       2
       1
       3
       1
       2
       1
       0
       3
       1
       2
       0
       0
       0
       2
       0
       1
       0
       1
       0
       1
       1
       1
       0
       1
       0
       2
       2
       1
       0
       3
       1
       1
       2
       3
       1
       2
       2
       1
       0
       0
       1
       0
       2
       0
       1
       1
       1
       1
       2
       2
       1
       3
       6
       0
       1
       4
       2
       1
       5
       1
       0
       1
       0
       1
       0
       1
       2
       0
       3
       1
       2
       3
       2
       1
       1
       0
       1
       0
       5
       3
       2
       3
       2
       1
       0
       1
       1
       2
       0
       2
       0
       1
       0
       2
       1
       0
       0
       0
       1
       2
       2
       0
       1
       2
       0
       3
       0
       2
       5
       1
       0
       1
       2
       1
       2
       3
       2
       3
       2
       0
       3
       1
       2
       2
       1
       1
       2
       0
       0
       1
       1
       1
       4
       1
       0
       2
       1
       2
       1
       0
       4
       1
       0
       1
       0
       1
       3
       3
       0
       0
       1
       1
       1
       4
       0
       0
       2
       3
       1
       1
       1
       1
       2
       1
       0
       3
       0
       0
       1
       2
       2
       2
       2
       1
       2
       2
       0
       0
       3
       2
       1
       2
       2
       4
       2
       1
       1
       2
       3
       1
       1
       2
       1
       1
       1
       0
       0
       2
       5
       3
       3
       2
       1
       3
       2
       0
       2
       3
       0
       3
       1
       0
       2
       2
       2
       0
       3
       1
       0
       1
       0
       3
       2
       1
       2
       0
       4
       1
       1
       1
       1
       0
       1
       1
       0
       4
       1
       0
       1
       2
       1
       3
       2
       1
       1
       2
       0
       2
       0
       3
       0
       2
       1
       3
       2
       1
       1
       3
       0
       1
       2
       3
       3
       0
       1
       3
       0
       3
       1
       2
       1
       3
       3
       0
       2
       1
       1
       1
       2
       1
       2
       1
       1
       0
       4
       2
       2
       2
       3
       1
       2
       6
       1
       3
       0
       3
       2
       2
       0
       2
       0
       2
       1
       3
       1
       1
       0
       0
       2
       0
       1
       0
       4
       1
       2
       4
       3
       4
       1
       1
       2
       1
       5
       0
       1
       0
       5
       2
       2
       1
       1
       1
       2
       1
       1
       3
       0
       4
       1
       1
       3
       2
       4
       1
       3
       2
       2
       2
       1
       1
       2
       3
       2
       0
       2
       0
       1
       1
       3
       2
       3
       1
       2
       0
       2
       0
       3
       4
       1
       1
       1
       2
       1
       2
       2
       2
       0
       0
       1
       1
       0
       4
       3
       1
       0
       1
       0
       1
       1
       3
       0
       4
       1
       2
       5
       3
       6
       3
       3
       4
       2
       1
       2
       3
       2
       4
       2
       0
       2
       0
       2
       1
       2
       2
       1
       3
       2
       1
       1
       4
       2
       2
       1
       3
       2
       2
       4
       3
       3
       3
       1
       0
       3
       3
       2
       5
       3
       2
       2
       1
       2
       1
       2
       3
       2
       3
       2
       5
       2
       3
       1
       1
       1
       1
       2
       1
       1
       2
       3
       3
       1
       2
       4
       1
       1
       0
       2
       2
       3
       5
       3
       3
       4
       1
       3
       2
       5
       3
       4
       2
       5
       2
       1
       2
       0
       1
       3
       0
       1
       1
       2
       1
       1
       1
       1
       4
       2
       1
       0
       2
       1
       3
       1
       1
       5
       3
       0
       3
       0
       3
       2
       4
       1
       3
       4
       2
       6
       1
       2
       5
       1
       2
       4
       3
       1
       2
       1
       2
       1
       4
       0
       5
       2
       2
       3
       1
       3
       1
       3
       2
       2
       1
       2
       0
       5
       1
       2
       1
       6
       4
       2
       3
       3
       3
       1
       3
       1
       1
       1
       4
       2
       0
       3
       0
       1
       1
       2
       1
       3
       3
       1
       2
       3
       1
       1
       1
       0
       2
       1
       2
       3
       2
       4
       1
       3
       3
       4
       3
       2
       2
       2
       0
       4
       4
       2
       0
       4
       2
       1
       3
       4
       0
       2
       3
       2
       0
       2
       2
       6
       2
       2
       5
       3
       0
       1
       3
       3
       2
       0
       3
       1
       3
       0
       1
       0
       6
       2
       4
       2
       0
       1
       2
       1
       1
       3
       2
       3
       2
       1
       4
       3
       1
       1
       3
       0
       9
       5
       1
       5
       1
       3
       1
       1
       0
       3
       5
       1
       2
       2
       3
       1
       5
       5
       0
       2
       2
       5
       4
       2
       2
       2
       4
       1
       3
       2
       1
       2
       0
       3
       4
       4
       0
       2
       2
       4
       4
       2
       1
       1
       5
       4
       6
       1
       4
       2
       2
       3
       2
       0
       3
       4
       1
       2
       1
       1
       0
       7
       2
       3
       1
       2
       0
       1
       1
       3
       2
       8
       4
       4
       3
       2
       4
       1
       4
       3
       1
       2
       3
       4
       3
       2
       0
       1
       3
       3
       3
       0
       0
       5
       0
       3
       0
       2
       0
       3
       4
       1
       2
       2
       2
       3
       4
       1
       3
       1
       2
       2
       3
       2
       6
       5
       2
       2
       1
       2
       4
       7
       3
       5
       1
       0
       2
       2
       3
       2
       3
       1
       2
       6
       4
       2
       1
       0
       4
       2
       0
       1
       2
       0
       3
       2
       3
       4
       2
       1
       1
       2
       0
       5
       3
       2
       2
       5
       3
       1
       5
       2
       2
       2
       4
       2
       1
       1
       2
       1
       3
       0
       4
       1
       3
       1
       0
       1
       2
       0
       2
       3
       1
       3
       0
       7
       2
       0
       2
       3
       2
       6
       3
       0
       6
       2
       1
       1
       0
       0
       1
       2
       3
       2
       4
       1
       1
       4
       0
       2
       3
       1
       2
       3
       3
       0
       2
       2
       2
       2
      10
       2
       2
       2
       1
       4
       6
       1
       3
       2
       2
       2
       1
       3
       4
       3
       2
       0
       1
       7
       3
       1
       0
       4
       2
       2
       1
       2
       4
       2
       3
       3
       1
       3
       3
       2
       4
       3
       2
       3
       3
       0
       3
       2
       3
       0
       3
       5
       3
       2
       3
       4
       5
       0
       3
       2
       2
       2
       4
       2
       2
       2
       4
       3
       1
       3
       0
       4
       5
       3
       3
       5
       5
       4
       4
       4
       0
       2
       2
       0
       3
       4
       3
       0
       5
       1
       3
       3
       5
       3
       7
       3
       1
       1
       7
       2
       4
       3
       5
       6
       6
       4
       1
       5
       3
       4
       3
       5
       3
       5
       4
       3
       4
       2
       4
       6
       4
      11
       4
       3
       1
       7
       7
       1
       1
       6
       2
       6
       5
       3
       5
       4
       5
       5
       4
       3
       4
       5
       2
       4
       5
       7
       4
       5
       6
       3
       4
       5
       6
       3
       3
       4
       5
       1
       3
       3
       3
       3
       7
      13
       9
       2
       5
       3
       3
       5
       4
       6
       7
       4
       8
       4
       7
      11
       4
       4
       7
       8
       7
       4
       7
       7
       5
       6
       7
       9
       6
       2
       2
      12
       4
       7
       6
       2
       4
       5
       6
       6
       3
       2
       5
       3
       3
       3
       6
       5
       3
       5
       4
       2
       6
       6
       4
       3
       8
       7
       8
       9
       5
       8
       6
       6
       9
       5
       5
       8
       7
       8
       7
       7
       2
       6
      10
       4
       5
       4
       5
       5
       3
       2
       6
       8
       2
       7
       7
       4
       5
       8
       4
       5
       8
       4
       3
       8
       8
       8
       2
       8
       8
      10
       6
       8
       3
       5
      13
      13
       6
       7
       5
      13
       5
       9
       8
       8
      10
      10
      15
       6
      10
      12
       7
      19
       7
      10
      13
       7
       8
      14
      13
      14
      13
      13
      17
      14
      18
      18
      22
      22
      20
      13
      17
      24
      24
      33
      18
      24
      25
      25
      20
      25
      31
      30
      30
      31
      32
      48
      43
      39
      36
      36
      43
      46
      38
      41
      54
      45
      44
      58
      49
      57
      59
      64
      45
      58
      57
      65
      54
      85
      76
      60
      67
      65
      87
      87
      81
     100
      96
      93
     116
     105
     106
     104
     105
     115
     124
     121
     115
     119
     132
     126
     140
     142
     137
     161
     169
     160
     157
     166
     167
     193
     190
     189
     196
     211
     234
     202
     219
     226
     213
     221
     254
     291
     253
     232
     261
     259
     267
     257
     278
     283
     294
     297
     318
     289
     296
     290
     325
     314
     305
     305
     316
     327
     332
     357
     342
     351
     392
     362
     376
     378
     412
     417
     373
     390
     376
     398
     399
     389
     392
     380
     393
     400
     442
     421
     389
     371
     407
     407
     374
     381
     449
     378
     372
     413
     381
     428
     413
     397
     395
     408
     386
     389
     415
     382
     351
     376
     374
     346
     353
     354
     392
     370
     358
     310
     314
     314
     357
     331
     286
     304
     277
     286
     277
     235
     269
     269
     261
     250
     288
     244
     262
     250
     241
     209
     203
     230
     195
     214
     201
     216
     217
     191
     185
     179
     163
     167
     157
     153
     144
     136
     136
     149
     141
     129
     132
     111
      91
     120
     105
     123
      87
      85
     106
     101
      68
      85
      61
      76
      66
      65
      61
      63
      59
      56
      48
      59
      53
      50
      56
      37
      34
      45
      42
      44
      32
      24
      39
      21
      20
      28
      24
      31
      18
      20
      29
      20
      22
      18
      12
      10
      13
      19
      15
      12
      10
       5
      10
      10
       7
      10
       5
       0
      10
       8
       6
       1
       3
       3
       3
       4
       2
       4
       7
       2
       2
       4
       4
       3
       4
       3
       3
       2
       4
       1
       1
       1
       0
       1
       1
       0
       0
       2
       0
       0
       0
       0
       1
       0
       1
       0
       0
       0
       1
       0
       0
       0
       0
       0
       0
       0
       0
       0
       0
       0
       0
       0
       0
       0
       0
       0
       0
       0
       0
       0
       0
       0
       0
       0
       0
       1
       0
       0
       0
       0
       0
       0
       0
       0
       0
       0
       0
       0
       0
       0
       0
       0
       0
       0
       0
       0
       0
       0
       0
       0
       0
       0
       0
       0
       0
       0
       0
       0
       0
       0
       0
       0
       0
       0
       0
       0
       0
       0
       0
       0
       0
       0
       0
       0
       0
       0
       0
       0
       0
       1
       0
       0
       0
       0
       0
       0
       0
       0
       0
       0
       0
       0
       0
       0
       0
       0
       0
       0
       0
       0
       0
       0
       0
       0
       0
       0
       0
       0
       0
       0
       0
       0
       0
       0
       0
       0
       0
       0
       0
       1
       0
       0
       0
       0
       0
       0
       0
       0
       0
       0
       0
       0
       0
       0
       0
       0
       0
       0
       0
       0
       0
       0
       0
       0
       0
       0
       0
       0
       0
       0
       0
       0
       0
       0
       0
       0
       0
       0
       0
       0
       0
       0
       0
       0
       0
       0
       0
       0
       0
       0
       0
       0
       0
       0
       0
       0
       0
       0
       0
       0
       0
       0
       0
       0
       0
       0
       0
       0
       0
       0
       0
       0
       0
       0
       0
       0
       0
       0
       0
       0
       0
       0
       0
       0
       0
       0
       0
       0
       0
       0
       0
       0
       0
       0
       0
       0
       0
       0
       0
       0
       0
       0
       0
       0
       0
       0
       0
       0
       0
       0
       0
       0
       0
       0
       0
       0
       0
       0
       0
       0
       0
       0
       0
       0
       0
       0
       0
       0
       0
       0
       0
       0
       0
       0
       0
       0
       0
       0
       1
       0
       0
       0
       0
       0
       0
       0
       0
       0
       0
       0
       0
       0
       0
       0
       0
       0
       0
       0
       0
       0
       0
       0
       0
       0
       0
       0
       0
       0
       0
       0
       0
       0
       0
       0
       0
       0
       0
       0
       0
       0
       0
       0
       0
       0
       0
       0
       0
       0
       0
       0
       0
       0
       0
       0
       0
       0
       0
       0
       0
       0
       0
       0
       0
       0
       0
       0
       0
       0
       0
       0
       0
       0
       0
       0
       0
       0
       0
       0
       0
       0
       0
       0
       0
       0
       0
       0
       0
       0
       0
       0
       0
       0
       0
       0
       0
       0
       0
       0
       0
       0
       0
       0
       0
       0
       0
       0
       0
       0
       0
       0
$ROI:
0
$PRESETS:
Live Time
120
0
$ENER_FIT:
0.000000 0.002526
$MCA_CAL:
3
0.000000E+000 2.525835E-003 0.000000E+000 keV
$SHAPE_CAL:
3
0.000000E+000 0.000000E+000 0.000000E+000
