$SPEC_ID:
No sample description was entered.
$SPEC_REM:
DET# 1
DETDESC# 
AP# Maestro Version 6.08
$DATE_MEA:
09/21/2017 09:20:12
$MEAS_TIM:
120 120
$DATA:
0 2047
       0
       0
       0
       0
       0
       0
       0
       0
       0
       0
       0
       0
       0
       0
       0
       0
       0
       0
       0
       0
       0
       0
       0
       0
       0
       0
       0
       0
       0
       0
       0
       0
       0
       0
       0
       0
       0
       0
       0
       0
       0
       0
       0
       0
       0
       0
       0
       0
       0
       0
       0
       0
       0
       0
       0
       0
       0
       0
       0
       0
       0
       0
       0
       0
       0
       0
       0
       0
       0
       0
       0
       0
       0
       0
       0
       0
       0
       0
       0
       0
       0
       0
       0
       0
       0
       0
       0
       0
       0
       0
       0
       0
       0
       0
       0
       0
       0
       0
       0
       0
       0
       0
       0
       0
       0
       0
       0
       0
       0
       0
       0
       0
       0
       0
       0
       0
       0
       0
       0
       0
       0
       0
       0
       0
       0
       0
       0
       0
       0
       0
       0
       0
       0
       0
       0
       0
       0
       0
       0
       0
       0
       0
       0
       0
       0
       0
       0
       0
       0
       0
       0
       0
       0
       0
       0
       0
       0
       0
       0
       0
       0
       0
       0
       0
       0
       0
       0
       0
       0
       0
       0
       0
       0
       0
       0
       0
       0
       0
       0
       0
       0
       0
       0
       0
       0
       0
       0
       0
       0
       0
       0
       0
       0
       0
       0
       0
       0
       0
       3
       0
       2
       0
       0
       1
       1
       1
       1
       3
       2
       2
       1
       0
       2
       1
       3
       2
       2
       0
       2
       2
       1
       3
       2
       0
       0
       3
       1
       0
       2
       0
       1
       2
       0
       1
       2
       3
       0
       3
       3
       1
       2
       0
       4
       1
       2
       2
       2
       0
       0
       0
       3
       0
       1
       0
       2
       1
       1
       0
       1
       1
       0
       0
       0
       1
       0
       2
       1
       2
       0
       1
       3
       0
       4
       3
       3
       2
       0
       0
       1
       1
       1
       1
       1
       2
       2
       1
       3
       2
       0
       3
       3
       4
       0
       1
       1
       3
       3
       1
       0
       3
       0
       1
       1
       3
       1
       3
       4
       3
       0
       1
       1
       2
       0
       0
       1
       3
       0
       3
       2
       0
       0
       1
       0
       2
       4
       2
       1
       3
       0
       2
       2
       1
       1
       2
       2
       3
       3
       3
       2
       1
       2
       3
       1
       3
       1
       0
       1
       3
       3
       1
       1
       3
       2
       1
       2
       3
       0
       1
       1
       2
       1
       1
       1
       1
       1
       1
       1
       0
       2
       0
       0
       2
       1
       0
       2
       2
       1
       2
       3
       2
       3
       3
       2
       1
       2
       2
       3
       5
       3
       2
       3
       1
       1
       2
       3
       1
       0
       2
       3
       2
       0
       2
       2
       3
       1
       2
       1
       0
       1
       1
       3
       1
       1
       2
       3
       0
       2
       4
       0
       6
       2
       1
       2
       0
       2
       2
       2
       0
       4
       2
       1
       0
       4
       1
       0
       3
       1
       4
       0
       0
       2
       1
       4
       1
       2
       0
       0
       1
       1
       2
       1
       3
       2
       0
       4
       1
       3
       2
       0
       0
       2
       1
       5
       0
       2
       1
       5
       1
       3
       5
       3
       0
       0
       2
       1
       1
       2
       4
       2
       0
       1
       2
       2
       1
       1
       0
       2
       3
       2
       0
       1
       4
       1
       2
       1
       4
       0
       3
       1
       0
       0
       2
       1
       0
       3
       4
       1
       2
       4
       1
       4
       0
       0
       1
       2
       3
       2
       3
       0
       6
       1
       4
       2
       1
       2
       0
       1
       0
       3
       2
       0
       3
       0
       2
       2
       3
       0
       4
       1
       3
       1
       1
       0
       2
       3
       2
       4
       1
       3
       1
       4
       3
       3
       3
       0
       0
       2
       2
       1
       2
       2
       3
       5
       1
       3
       3
       3
       1
       3
       7
       1
       1
       0
       3
       3
       2
       0
       0
       1
       0
       5
       0
       1
       0
       3
       1
       3
       1
       0
       0
       2
       1
       2
       3
       2
       2
       3
       1
       2
       1
       2
       3
       0
       1
       1
       0
       1
       2
       0
       4
       1
       1
       1
       1
       3
       0
       4
       4
       0
       1
       1
       0
       1
       2
       2
       0
       1
       3
       2
       2
       2
       3
       2
       0
       0
       1
       2
       2
       1
       4
       2
       1
       2
       4
       8
       1
       0
       2
       1
       1
       3
       2
       3
       1
       2
       3
       3
       1
       2
       4
       2
       2
       1
       1
       2
       2
       2
       2
       0
       1
       4
       2
       4
       0
       2
       4
       1
       1
       1
       3
       2
       1
       3
       2
       4
       4
       0
       0
       1
       2
       2
       1
       3
       3
       1
       1
       3
       4
       1
       1
       2
       2
       1
       1
       3
       2
       1
       6
       1
       1
       4
       2
       2
       3
       1
       2
       1
       2
       3
       1
       1
       4
       3
       2
       2
       1
       3
       5
       3
       1
       2
       2
       3
       0
       2
       4
       1
       0
       1
       3
       3
       1
       0
       1
       2
       2
       4
       1
       0
       3
       1
       4
       0
       3
       2
       1
       5
       2
       5
       0
       3
       1
       2
       4
       1
       5
       3
       2
       2
       1
       2
       3
       3
       1
       0
       1
       1
       0
       1
       2
       3
       3
       2
       2
       0
       1
       2
       0
       3
       3
       2
       3
       2
       2
       3
       1
       1
       1
       3
       2
       2
       3
       3
       0
       6
       4
       3
       0
       2
       3
       4
       2
       5
       1
       2
       2
       4
       2
       3
       0
       4
       2
       1
       3
       2
       1
       2
       3
       3
       1
       2
       0
       5
       5
       1
       4
       4
       1
       1
       5
       1
       2
       1
       2
       2
       4
       3
       2
       2
       1
       2
       0
       3
       3
       1
       0
       1
       2
       4
       2
       0
       1
       2
       2
       5
       1
       2
       4
       4
       2
       4
       7
       1
       0
       3
       1
       0
       3
       3
       3
       2
       4
       2
       1
       0
       4
       2
       5
       2
       1
       2
       2
       3
       1
       2
       6
       4
       1
       0
       6
       5
       3
       1
       3
       0
       3
       6
       2
       2
       3
       2
       4
       3
       1
       2
       6
       1
       6
       5
       2
       2
       5
       3
       3
       1
       4
       1
       4
       2
       1
       4
       0
       3
       1
       1
       1
       2
       1
       1
       0
       1
       3
       5
       1
       2
       1
       0
       2
       0
       2
       0
       4
       0
       3
       1
       1
       3
       1
       2
       1
       2
       2
       3
       2
       5
       2
       3
       1
       1
       0
       4
       5
       3
       4
       1
       0
       3
       0
       2
       4
       3
       2
       0
       1
       1
       3
       2
       3
       0
       2
       6
       2
       4
       2
       1
       4
       1
       0
       1
       1
       1
       0
       1
       2
       0
       1
       2
       3
       2
       6
       0
       2
       2
       4
       2
       0
       1
       4
       3
       0
       1
       4
       4
       2
       5
       3
       4
       2
       2
       4
       0
       1
       1
       3
       1
       5
       0
       0
       3
       2
       4
       3
       0
       2
       6
       3
       0
       1
       2
       1
       6
       3
       2
       4
       2
       3
       1
       6
       1
       2
       1
       0
       3
       2
       3
       3
       2
       3
       2
       2
       3
       3
       0
       0
       2
       5
       0
       2
       2
       3
       3
       2
       1
       1
       2
       3
       2
       3
       1
       3
       3
       3
       0
       2
       4
       2
       3
       3
       2
       3
       0
       5
       3
       3
       2
       3
       2
       1
       0
       1
       5
       2
       4
       5
       1
       1
       2
       2
       2
       3
       1
       5
       1
       2
       4
       5
       5
       1
       0
       3
       3
       3
       3
       1
       6
       2
       2
       3
       3
       0
       2
       4
       3
       3
       3
       5
       5
       3
       1
       4
       2
       4
       4
       4
       2
       3
       2
       6
       4
       3
       6
       2
       3
       5
       2
       4
       3
       1
       4
       0
       4
       3
       3
       1
       7
       3
       7
       5
       3
       2
       2
       6
       7
       3
       2
       1
       5
       4
       5
       4
       3
       3
       3
       5
       6
       6
       3
       4
       2
       4
       1
       2
       8
       2
       5
       2
       4
       4
       5
       2
       6
       2
       5
       4
       7
       5
       5
       5
       2
       3
       5
       4
       5
       7
       7
       2
       4
       5
       1
       5
       4
       2
       7
       5
       4
       9
       2
       4
       6
       6
       5
       9
       8
       8
       6
       7
       5
       5
       7
       6
       6
       3
       3
       2
       5
       4
       5
       5
       4
       6
       4
       7
       3
       4
       1
       2
       6
      10
       4
       7
       2
       6
       7
       1
       2
       6
       5
       6
       4
       5
       6
       4
       6
       7
       6
       6
       4
       3
       6
      16
       3
       2
       7
       5
       4
       4
       3
       2
       3
      10
       5
       1
       6
       4
       7
      11
       8
       5
       7
       5
       5
       4
       8
       5
       7
       7
       9
       3
       6
       5
       5
       8
       8
       6
       4
       4
       4
       9
       3
       5
       3
       3
       4
       7
      10
       4
       5
       8
       8
       5
       6
       4
       7
       7
       7
      10
      14
       9
       7
       8
       6
       9
       6
       8
       7
       7
       4
      15
       8
      11
       9
      11
       9
      11
      10
      18
       9
      14
      12
       8
      12
      20
      13
       9
      19
      19
      19
      13
      19
      17
      23
      18
      23
      21
      29
      17
      24
      16
      22
      35
      17
      33
      29
      37
      31
      31
      35
      38
      20
      27
      28
      45
      33
      33
      41
      47
      43
      39
      45
      50
      44
      44
      51
      50
      48
      63
      72
      71
      63
      77
      63
      63
      73
      71
      77
      80
      75
      99
      87
      97
      81
     103
     121
     120
     134
     104
     109
     133
     122
     106
     119
     125
     151
     133
     166
     161
     152
     139
     147
     172
     175
     184
     203
     194
     183
     201
     209
     227
     237
     199
     224
     229
     232
     256
     256
     255
     261
     265
     253
     268
     276
     259
     280
     284
     289
     291
     295
     325
     320
     301
     329
     297
     345
     373
     357
     364
     374
     282
     356
     367
     360
     370
     385
     358
     374
     395
     375
     357
     393
     391
     397
     430
     428
     397
     387
     384
     437
     388
     408
     382
     394
     427
     376
     406
     395
     400
     418
     405
     413
     414
     391
     376
     370
     388
     375
     364
     395
     399
     360
     358
     350
     383
     357
     342
     328
     383
     321
     325
     362
     283
     331
     316
     312
     304
     305
     291
     293
     288
     290
     288
     258
     226
     259
     234
     260
     236
     201
     245
     180
     202
     225
     210
     211
     176
     203
     176
     167
     165
     168
     151
     179
     150
     144
     166
     130
     124
     126
     121
     108
     117
     124
     108
     115
     105
      93
      90
      98
      78
      73
      76
      65
      72
      79
      71
      66
      67
      55
      57
      50
      51
      57
      41
      36
      58
      49
      26
      50
      48
      27
      41
      24
      27
      23
      23
      20
      32
      26
      23
      15
      21
      22
      20
      13
      14
      15
      16
      13
      10
      15
      12
       8
      13
       6
       7
       7
      11
       4
       9
       3
       4
       3
       5
       4
       4
       5
       1
       2
       0
       3
       2
       4
       2
       0
       2
       2
       2
       2
       1
       3
       1
       1
       3
       0
       1
       1
       0
       0
       2
       1
       1
       0
       0
       1
       0
       0
       2
       0
       1
       0
       0
       0
       0
       0
       0
       0
       0
       0
       0
       1
       0
       0
       0
       0
       0
       0
       0
       0
       0
       0
       0
       0
       0
       0
       0
       0
       0
       0
       0
       0
       0
       0
       0
       0
       0
       0
       0
       0
       0
       1
       0
       0
       0
       0
       0
       0
       0
       0
       0
       0
       0
       0
       0
       0
       0
       0
       0
       0
       0
       0
       0
       0
       0
       0
       0
       0
       0
       0
       0
       0
       0
       0
       0
       0
       0
       0
       0
       1
       0
       0
       0
       0
       1
       0
       0
       0
       0
       0
       0
       0
       1
       0
       1
       0
       0
       0
       0
       0
       0
       0
       0
       0
       0
       0
       0
       0
       0
       0
       0
       0
       0
       0
       0
       0
       0
       0
       0
       0
       0
       0
       0
       0
       0
       0
       0
       0
       0
       0
       0
       0
       0
       0
       0
       0
       0
       0
       0
       0
       0
       0
       0
       0
       0
       0
       0
       0
       0
       0
       0
       0
       0
       0
       0
       0
       0
       0
       1
       0
       0
       0
       0
       0
       0
       0
       1
       0
       0
       0
       0
       0
       0
       0
       0
       0
       1
       0
       0
       0
       0
       0
       0
       0
       0
       0
       0
       0
       0
       0
       0
       0
       0
       0
       0
       0
       0
       0
       0
       0
       1
       0
       0
       0
       0
       0
       0
       0
       0
       0
       0
       0
       0
       0
       0
       0
       0
       0
       0
       0
       0
       0
       0
       0
       0
       0
       0
       0
       0
       0
       0
       0
       0
       0
       0
       0
       0
       0
       0
       0
       0
       0
       0
       1
       0
       0
       0
       0
       0
       0
       0
       0
       1
       0
       0
       0
       0
       0
       0
       0
       0
       0
       0
       0
       1
       0
       0
       0
       0
       0
       0
       0
       0
       0
       0
       0
       0
       0
       0
       0
       0
       0
       0
       0
       0
       0
       0
       0
       0
       0
       0
       0
       0
       0
       0
       0
       0
       0
       0
       0
       0
       0
       0
       0
       0
       0
       0
       1
       0
       0
       0
       0
       0
       0
       0
       0
       0
       0
       0
       0
       0
       0
       0
       0
       0
       0
       0
       0
       0
       0
       0
       0
       0
       0
       0
       0
       0
       0
       0
       0
       0
       0
       0
       0
       0
       0
       0
       0
       0
       0
       0
       0
       0
       0
       0
       0
       0
       0
       0
       0
       0
       0
       0
       0
       0
       0
       0
       0
       0
       0
       0
$ROI:
0
$PRESETS:
Live Time
120
0
$ENER_FIT:
0.000000 0.002526
$MCA_CAL:
3
0.000000E+000 2.525835E-003 0.000000E+000 keV
$SHAPE_CAL:
3
0.000000E+000 0.000000E+000 0.000000E+000
