$SPEC_ID:
No sample description was entered.
$SPEC_REM:
DET# 1
DETDESC# 
AP# Maestro Version 6.08
$DATE_MEA:
09/12/2017 09:36:51
$MEAS_TIM:
1288 1288
$DATA:
0 2047
       0
       0
       0
       0
       0
       0
       0
       0
       0
       0
       0
       0
       0
       0
       0
       0
       0
       0
       0
       0
       0
       0
       0
       0
       0
       0
       0
       0
       0
       0
       0
       0
       0
       0
       0
       0
       0
       0
       0
       0
       0
       0
       0
       0
       0
       0
       0
       0
       0
       0
       0
       0
       0
       0
       0
       0
       0
       0
       0
       0
       0
       0
       0
       0
       0
       0
       0
       0
       0
       0
       0
       0
       0
       0
       0
       0
       0
       0
       0
       0
       0
       0
       0
       0
       0
       0
       0
       0
       0
       0
       0
       0
       0
       0
       0
       0
       0
       0
       0
       0
       0
       0
       0
       0
       0
       0
       0
       0
       0
       0
       0
       0
       0
       0
       0
       0
       0
       0
       0
       0
       0
       0
       0
       0
       0
       0
       0
       0
       0
       0
       0
       0
       0
       0
       0
       0
       0
       0
       0
       0
       0
       0
       0
       0
       0
       0
       0
       0
       0
       0
       0
       0
       0
       0
       0
       0
       0
       0
       0
       0
       0
       0
       0
       0
       0
       0
       0
       0
       0
       0
       0
       0
       0
       0
       0
       0
       0
       0
       0
       0
       0
       0
       0
       0
       0
       0
       0
       0
       0
       0
       0
       0
       0
       0
       0
       0
       0
       1
       4
       7
       7
       1
       4
       4
       4
       2
       2
       0
       3
       1
       4
       3
       1
       4
       0
       9
       3
       2
       2
       4
       2
       0
       5
       3
       5
       5
       2
       1
       1
       3
       0
       0
       2
       4
       2
       1
       0
       0
       1
       2
       4
       1
       0
       1
       1
       1
       2
       2
       0
       3
       0
       3
       4
       1
       0
       2
       3
       1
       2
       0
       2
       1
       5
       2
       2
       2
       1
       2
       1
       4
       1
       2
       2
       6
       2
       1
       2
       0
       2
       2
       3
       0
       0
       2
       3
       1
       1
       4
       1
       1
       3
       1
       3
       0
       3
       0
       0
       0
       2
       2
       0
       3
       1
       1
       2
       1
       4
       0
       0
       2
       2
       1
       4
       2
       1
       1
       1
       3
       1
       3
       2
       1
       3
       0
       2
       1
       3
       1
       2
       0
       4
       1
       0
       3
       0
       1
       0
       1
       0
       2
       2
       0
       2
       3
       1
       0
       2
       1
       3
       3
       2
       2
       3
       1
       1
       0
       1
       3
       3
       2
       1
       1
       0
       1
       0
       0
       0
       1
       1
       2
       1
       0
       2
       1
       2
       4
       3
       0
       2
       2
       2
       0
       0
       1
       1
       1
       2
       1
       1
       1
       0
       2
       5
       1
       2
       3
       1
       4
       3
       2
       1
       0
       0
       1
       3
       2
       2
       5
       2
       0
       0
       0
       3
       0
       1
       1
       1
       1
       0
       1
       0
       1
       2
       0
       0
       1
       0
       2
       1
       1
       1
       0
       2
       1
       1
       1
       1
       3
       1
       1
       2
       0
       0
       1
       1
       2
       0
       2
       2
       2
       0
       2
       3
       1
       1
       1
       2
       1
       1
       0
       3
       0
       1
       1
       0
       0
       0
       1
       3
       1
       2
       1
       0
       0
       0
       2
       1
       2
       2
       1
       0
       1
       0
       2
       2
       3
       4
       1
       2
       0
       0
       2
       3
       3
       2
       2
       3
       1
       2
       0
       2
       3
       2
       2
       2
       1
       0
       3
       0
       0
       1
       0
       2
       2
       1
       0
       1
       0
       3
       1
       0
       2
       3
       2
       1
       0
       0
       0
       0
       1
       1
       5
       1
       3
       0
       0
       1
       0
       2
       0
       0
       0
       1
       2
       3
       0
       2
       3
       1
       2
       0
       0
       1
       2
       0
       0
       0
       0
       1
       1
       1
       0
       1
       0
       1
       0
       0
       2
       2
       1
       1
       6
       1
       1
       0
       0
       2
       0
       0
       0
       1
       0
       2
       0
       0
       1
       3
       0
       1
       3
       2
       0
       0
       2
       1
       2
       1
       1
       0
       2
       1
       2
       1
       1
       0
       1
       2
       2
       2
       0
       0
       0
       2
       1
       0
       0
       1
       1
       0
       0
       2
       1
       1
       0
       1
       1
       0
       0
       1
       1
       1
       1
       2
       2
       3
       1
       1
       2
       2
       0
       3
       0
       2
       1
       3
       0
       1
       2
       1
       2
       2
       0
       0
       2
       1
       0
       0
       2
       2
       0
       1
       1
       3
       2
       0
       1
       1
       0
       0
       2
       1
       1
       0
       0
       0
       6
       3
       2
       1
       0
       1
       1
       2
       2
       2
       1
       0
       2
       3
       1
       2
       1
       2
       1
       0
       2
       0
       2
       1
       2
       0
       2
       1
       0
       0
       1
       4
       1
       0
       0
       5
       0
       2
       0
       1
       1
       2
       0
       6
       0
       2
       3
       2
       0
       0
       2
       3
       1
       2
       2
       0
       3
       3
       0
       1
       1
       3
       4
       0
       0
       2
       2
       0
       2
       1
       2
       0
       0
       3
       2
       1
       1
       2
       1
       1
       3
       0
       3
       2
       2
       0
       1
       1
       2
       1
       1
       1
       2
       2
       0
       0
       2
       1
       2
       2
       1
       2
       1
       0
       2
       2
       0
       0
       0
       2
       1
       3
       2
       4
       3
       0
       1
       1
       1
       3
       1
       2
       0
       1
       1
       1
       0
       0
       5
       0
       1
       0
       2
       2
       2
       1
       1
       1
       3
       0
       3
       0
       1
       1
       1
       0
       2
       1
       0
       0
       0
       0
       1
       2
       3
       1
       2
       1
       1
       1
       0
       1
       2
       0
       1
       1
       2
       1
       0
       0
       5
       1
       2
       0
       3
       0
       0
       1
       2
       1
       2
       2
       0
       2
       2
       1
       1
       1
       2
       3
       0
       0
       2
       4
       2
       3
       0
       1
       2
       4
       3
       1
       2
       2
       2
       2
       0
       4
       0
       3
       1
       2
       3
       1
       3
       2
       2
       2
       4
       4
       1
       1
       1
       1
       0
       1
       0
       2
       2
       0
       1
       2
       2
       2
       1
       0
       1
       0
       0
       6
       0
       2
       3
       2
       2
       2
       1
       4
       2
       3
       3
       0
       2
       1
       1
       1
       0
       1
       4
       3
       2
       1
       1
       2
       2
       4
       1
       0
       1
       3
       1
       1
       1
       2
       5
       5
       1
       1
       1
       0
       1
       0
       3
       3
       2
       1
       4
       2
       0
       3
       1
       4
       2
       3
       2
       2
       1
       4
       0
       2
       0
       1
       0
       4
       3
       1
       1
       2
       3
       0
       2
       0
       3
       2
       1
       1
       0
       1
       2
       0
       4
       1
       5
       2
       2
       4
       2
       4
       5
       4
       3
       4
       1
       3
       4
       2
       3
       4
       3
       3
       8
       1
       1
       5
       6
       6
       3
       4
       3
       1
       2
       5
       3
       8
       4
       3
       1
       4
       6
       5
       7
       4
       2
       4
       2
       5
       4
      10
       9
       9
       8
       6
       8
       6
      14
       9
       6
      12
      10
       7
       9
      13
      19
      15
      26
      19
      27
      24
      26
      30
      39
      43
      60
      48
      60
      67
      68
      93
     110
     101
     171
     129
     175
     199
     191
     198
     217
     202
     219
     165
     194
     168
     134
     100
      74
      77
      66
      49
      38
      33
      26
      25
      21
      13
      10
      11
      10
      11
       6
      12
      13
      13
      14
      14
       6
       6
      13
       8
      19
      16
      18
      19
      20
      17
      20
      19
      28
      25
      30
      31
      37
      49
      45
      56
      49
      55
      59
      73
      76
      74
      84
     104
     111
     152
     174
     188
     189
     215
     280
     305
     319
     311
     362
     433
     396
     424
     378
     384
     394
     372
     324
     291
     285
     227
     189
     122
     130
     108
      98
      77
      67
      57
      55
      34
      25
      29
      20
      26
      13
      12
       8
       4
       6
       9
       7
       7
       6
       2
       7
       7
       1
       2
       7
       2
       5
       9
       2
       6
       6
       2
       2
       5
       3
       2
       9
       6
       9
      10
       9
      12
       7
       5
       7
      12
       9
      18
       7
      12
      14
      10
       7
      18
      26
      12
      11
       8
      11
      11
      10
      12
       8
      12
       9
      10
       7
      14
      13
      17
       7
      16
       6
       8
       8
       5
       9
       6
       7
      10
       6
      11
       8
       6
       3
       5
       6
       6
       4
       2
       8
       6
       6
       5
       6
       8
       1
       7
       7
       4
       7
      10
       8
      11
       9
       5
      11
      12
       9
       6
      11
      12
       9
       4
       7
       7
       8
      11
       3
       8
       7
       5
       9
       7
       6
       5
       9
       9
      10
       8
      12
      17
      11
      10
      13
       9
      10
      15
      13
      15
      13
      10
      10
      16
      11
      16
      16
      10
      13
      11
      12
      20
      18
      21
      13
      14
      17
      12
      17
      25
      19
      15
      21
      23
      27
      23
      17
      20
      24
      19
      25
      20
      25
      32
      32
      21
      20
      32
      28
      37
      32
      41
      35
      35
      34
      37
      48
      34
      50
      44
      57
      38
      60
      61
      70
      61
      77
      71
      80
      96
     117
     108
     118
     124
     135
     142
     164
     180
     182
     230
     229
     267
     284
     322
     315
     402
     444
     509
     527
     587
     662
     719
     894
     928
     983
    1174
    1357
    1407
    1622
    1752
    1822
    1982
    2230
    2319
    2396
    2458
    2433
    2339
    2354
    2190
    1946
    1787
    1529
    1371
    1195
    1045
     810
     754
     544
     486
     427
     321
     213
     220
     144
     116
      91
      67
      69
      41
      40
      37
      27
      24
      27
      16
       7
       8
       8
       5
       5
       3
       6
       7
       2
       0
       2
       3
       2
       1
       1
       0
       2
       1
       2
       5
       0
       0
       2
       1
       1
       1
       1
       0
       1
       1
       1
       3
       1
       1
       1
       2
       2
       2
       2
       8
       4
       1
       5
       2
       2
       4
       1
       3
       5
       3
       6
       1
       3
       3
       2
       3
       6
       2
       3
       0
       1
       1
       3
       1
       0
       1
       2
       1
       1
       4
       1
       5
       0
       1
       6
       2
       5
       5
       2
       2
       1
       0
       4
       7
       8
       9
       2
       5
       6
       1
       2
      10
       4
      10
      10
      11
       6
      11
      12
       6
      10
       6
       6
      10
      11
      10
      12
      19
      13
      15
      21
      17
      21
      24
      31
      37
      37
      30
      46
      56
      42
      55
      38
      51
      47
      43
      50
      30
      34
      34
      34
      21
      22
      15
       9
      14
      13
      11
      10
       7
       6
       5
       4
       4
       2
       2
       1
       2
       3
       4
       3
       2
       3
       1
       1
       2
       2
       1
       1
       0
       0
       2
       0
       2
       4
       0
       0
       1
       1
       3
       2
       1
       1
       2
       2
       3
       1
       2
       5
       2
       2
       5
       3
       3
       2
       2
       0
       4
       3
       1
       1
       1
       3
       0
       2
       2
       0
       2
       0
       0
       0
       2
       0
       1
       1
       2
       0
       1
       2
       0
       0
       2
       1
       3
       2
       4
       1
       1
       0
       1
       0
       1
       1
       0
       2
       1
       0
       0
       1
       0
       4
       2
       1
       0
       2
       0
       0
       3
       1
       1
       1
       0
       4
       2
       1
       2
       0
       3
       0
       2
       3
       2
       1
       0
       2
       3
       4
       3
       3
       1
       1
       0
       2
       2
       2
       1
       4
       3
       2
       1
       7
       4
       3
       2
       0
       1
       1
       0
       2
       1
       0
       1
       1
       2
       0
       0
       2
       1
       1
       2
       4
       4
       0
       0
       1
       5
       0
       1
       4
       6
       1
       2
       3
       1
       3
       0
       2
       3
       5
       1
       1
       4
       4
       2
       5
       2
       4
       1
       4
       0
       3
       1
       3
       3
       5
       1
       2
       1
       1
       4
       3
       4
       4
       4
       3
       5
       1
       4
       5
       3
       1
       4
       8
       3
       1
       4
       5
       8
       6
       4
       5
       4
       4
       5
       8
       7
       5
       8
       8
       6
       9
       5
       9
       7
       8
       3
       6
       6
       3
      11
       6
       9
      17
      15
      10
      14
      19
      15
      13
      17
      19
      12
      15
      16
      18
      21
      22
      24
      31
      25
      32
      32
      27
      34
      31
      34
      55
      49
      68
      72
      86
      69
      80
      96
     101
     112
     138
     153
     151
     168
     168
     180
     244
     232
     235
     226
     267
     272
     263
     288
     251
     220
     225
     245
     199
     201
     154
     135
     123
      85
     107
      69
      59
      63
      33
      32
      31
      22
      21
      16
       7
      10
       7
       6
       3
       2
       3
       2
       4
       2
       0
       0
       0
       0
       0
       1
       1
       0
       0
       0
       0
       0
       0
       0
       0
       0
       0
       0
       0
       0
       0
       0
       0
       0
       0
       0
       0
       0
       0
       0
       0
       0
       0
       0
       0
       0
       0
       0
       0
       0
       0
       0
       0
       0
       0
       0
       0
       0
       0
       0
       0
       0
       0
       0
       0
       0
       0
       0
       0
       0
       0
       0
       0
       0
       0
       0
       0
       0
       0
       0
       0
       0
       0
       0
       0
       0
       0
       0
       0
       0
       0
       0
       0
       0
       0
       0
       0
       0
       0
       0
       0
       0
       0
       0
       0
       0
       0
       0
       0
       0
       0
       0
       0
       0
       0
       0
       0
       0
       0
       0
       0
       0
       0
       0
       0
       0
       0
       0
       0
       1
       0
       0
       0
       0
       0
       1
       0
       0
       0
       0
       0
       0
       0
       0
       0
       0
       0
       0
       0
       0
       0
       0
       0
       0
       0
       0
       0
       0
       0
       0
       0
       0
       0
       0
       0
       0
       0
       0
       0
       0
       0
       0
       0
       0
       0
       0
       0
       0
       0
$ROI:
0
$PRESETS:
Live Time
1000000
0
$ENER_FIT:
0.000000 0.002526
$MCA_CAL:
3
0.000000E+000 2.525835E-003 0.000000E+000 keV
$SHAPE_CAL:
3
0.000000E+000 0.000000E+000 0.000000E+000
