$SPEC_ID:
No sample description was entered.
$SPEC_REM:
DET# 1
DETDESC# 
AP# Maestro Version 6.08
$DATE_MEA:
09/12/2017 10:17:03
$MEAS_TIM:
710 711
$DATA:
0 2047
       0
       0
       0
       0
       0
       0
       0
       0
       0
       0
       0
       0
       0
       0
       0
       0
       0
       0
       0
       0
       0
       0
       0
       0
       0
       0
       0
       0
       0
       0
       0
       0
       0
       0
       0
       0
       0
       0
       0
       0
       0
       0
       0
       0
       0
       0
       0
       0
       0
       0
       0
       0
       0
       0
       0
       0
       0
       0
       0
       0
       0
       0
       0
       0
       0
       0
       0
       0
       0
       0
       0
       0
       0
       0
       0
       0
       0
       0
       0
       0
       0
       0
       0
       0
       0
       0
       0
       0
       0
       0
       0
       0
       0
       0
       0
       0
       0
       0
       0
       0
       0
       0
       0
       0
       0
       0
       0
       0
       0
       0
       0
       0
       0
       0
       0
       0
       0
       0
       0
       0
       0
       0
       0
       0
       0
       0
       0
       0
       0
       0
       0
       0
       0
       0
       0
       0
       0
       0
       0
       0
       0
       0
       0
       0
       0
       0
       0
       0
       0
       0
       0
       0
       0
       0
       0
       0
       0
       0
       0
       0
       0
       0
       0
       0
       0
       0
       0
       0
       0
       0
       0
       0
       0
       0
       0
       0
       0
       0
       0
       0
       0
       0
       0
       0
       0
       0
       0
       0
       0
       0
       0
       0
       0
       0
       0
       0
       0
       0
       1
       0
       2
       1
       1
       5
       4
       2
       2
       5
       2
       1
       2
       1
       4
       5
       3
       2
       3
       3
       4
       2
       3
       3
       2
       2
       1
       3
       2
       2
       6
       3
       6
       3
       5
       4
       6
      11
      27
      20
      42
      61
      62
      83
      85
     104
     130
     147
     134
     105
     112
      99
      70
      58
      61
      52
      36
      31
      14
      17
      10
       6
       9
       0
       5
       3
       1
       4
       1
       3
       3
       2
       0
       3
       0
       2
       1
       2
       2
       1
       1
       0
       3
       2
       4
       4
       0
       1
       0
       0
       2
       3
       1
       1
       5
       1
       0
       2
       0
       2
       5
       2
       4
       3
       0
       1
       1
       3
       4
       5
       5
       2
       6
       6
       5
       8
      15
      18
      13
      35
      38
      59
      66
      77
     104
     134
     165
     157
     151
     173
     131
     130
     117
      97
      85
      44
      27
      29
      28
      16
       8
       9
       6
       1
       1
       1
       2
       3
       1
       2
       1
       0
       1
       2
       0
       2
       0
       2
       1
       2
       1
       2
       1
       1
       2
       3
       2
       0
       2
       1
       1
       2
       3
       3
       6
       7
       5
      14
      11
      15
      10
      13
      19
      26
      25
      18
      48
      44
      56
      88
      95
     122
     109
     117
     130
     137
     123
     132
     134
     121
      99
      75
      72
      58
      38
      46
      26
      21
      27
      18
      16
       6
      13
       8
       6
      10
       4
       2
       5
       5
       1
       4
       1
       5
       1
       0
       1
       3
       1
       0
       3
       0
       1
       1
       1
       2
       3
       1
       3
       3
       0
       1
       0
       0
       2
       1
       3
       2
       0
       2
       0
       0
       3
       1
       3
       3
       0
       3
       3
       5
       6
       7
       3
       5
      14
       6
       3
      11
      12
      21
      23
      24
      30
      36
      40
      52
      33
      35
      54
      67
      73
      79
      86
      86
      99
      89
      99
     106
     101
     126
     105
     103
     102
      85
      87
      88
      94
      85
      64
      56
      45
      53
      57
      28
      34
      30
      26
      26
      19
      12
      17
      14
      11
      12
       7
       3
       7
       2
       2
       2
       3
       4
       2
       2
       2
       1
       4
       1
       3
       6
       1
       3
       1
       3
       3
       4
       6
       6
       3
       3
       3
       5
       5
       7
      10
      10
      10
      12
      11
      18
      25
      26
      28
      44
      37
      49
      50
      56
      48
      80
      78
      68
      85
      81
      75
      96
      83
      86
     104
      98
     103
     101
     121
      88
      84
      83
      98
      83
      94
      70
      73
      64
      48
      55
      57
      41
      39
      38
      25
      23
      16
      29
       9
      10
      14
       5
      15
       5
       6
       7
       1
       9
       2
       6
       2
       4
       4
       3
       2
       2
       1
       3
       3
       4
       8
      10
       8
      11
      18
      20
      14
      23
      24
      41
      38
      49
      55
      43
      47
      67
      59
      74
      70
      92
      89
      99
      78
     103
      86
     111
      90
      80
     112
      76
      93
      76
      66
      73
      59
      69
      56
      47
      41
      40
      38
      33
      23
      26
      16
      16
      16
      11
      12
      11
       4
       6
       1
       6
       4
       1
       2
       3
       1
       5
       2
       1
       4
       2
       2
       3
       3
       3
       4
       1
       3
       3
       4
       6
       1
       6
       4
       6
      10
      13
      10
      10
       6
      12
      21
      22
      25
      31
      29
      33
      43
      52
      53
      41
      60
      78
      71
      89
      89
      87
     103
      97
     103
     102
     117
      97
      89
     121
      87
     103
      84
      82
      74
      61
      62
      66
      36
      44
      44
      39
      23
      18
      23
       9
      19
       9
      10
       9
       4
       4
       7
       6
       4
       2
       1
       3
       4
       5
       5
       3
       2
       0
       6
       2
       2
       1
       1
       3
       3
       3
       1
       7
       4
       1
       7
       3
       5
       9
      15
      11
      12
      14
      30
      15
      19
      22
      36
      41
      46
      53
      64
      63
      88
      84
      85
     102
      88
     114
     110
     129
     144
     147
     125
     140
     147
     164
     154
     135
     126
     130
     118
     105
     122
      96
      80
      68
      72
      70
      73
      58
      42
      33
      31
      24
      26
      24
      16
       8
       8
       7
       9
       5
       2
       2
       3
       2
       3
       3
       3
       1
       1
       1
       1
       0
       4
       3
       1
       1
       2
       4
       0
       2
       3
       1
       5
       0
       0
       3
       1
       7
       2
       6
       3
       6
      10
       7
      13
      15
      20
      22
      24
      27
      31
      40
      39
      47
      52
      60
      75
      71
     105
     102
     110
     118
     110
     147
     119
     135
     130
     132
     147
     154
     141
     128
     153
     131
     118
     104
     118
      99
     106
      89
      87
      66
      64
      58
      36
      49
      44
      30
      28
      22
      16
      16
      11
      13
      13
       8
       8
       3
       6
       6
       3
       2
       2
       2
       1
       2
       2
       3
       3
       5
       3
       6
       1
       4
       4
       2
       8
      10
       8
      12
       7
      24
      18
      24
      18
      30
      24
      43
      51
      54
      57
      60
      83
      85
      90
     100
     106
      99
     103
     138
      98
     116
     106
     124
     119
      89
     110
     127
      93
      93
      80
      91
      68
      73
      62
      55
      33
      45
      40
      29
      35
      24
      19
      13
       9
      14
       6
      13
       5
      11
       2
       2
       4
       6
       8
       1
       1
       3
       2
       2
       4
       3
       8
       5
       6
      10
       8
      11
      13
      12
      19
      19
      14
      25
      32
      43
      38
      39
      62
      53
      69
      57
      63
      61
     102
      91
      84
     108
      99
     102
     118
     119
     104
     128
     128
     134
     105
      97
      97
      98
      70
      70
      78
      61
      66
      52
      63
      41
      48
      36
      28
      17
      14
      18
      11
      11
      11
      10
      13
       7
       6
       3
       5
       1
       1
       0
       4
       1
       4
       2
       1
       1
       1
       2
       2
       2
       0
       2
       0
       0
       2
       1
       1
       4
       2
       1
       1
       3
       2
       2
       2
       3
       1
       5
       4
       7
       7
       7
      12
       9
      16
      16
      18
      18
      22
      29
      48
      38
      52
      51
      40
      59
      62
      69
      78
      58
      82
      94
      96
      77
      94
      81
      96
      86
      99
      84
      75
      88
      72
      72
      61
      68
      66
      44
      50
      38
      32
      33
      23
      16
      24
      27
      14
      11
      17
       8
       8
       6
       4
       6
       2
       6
       4
       4
       5
       4
       3
       0
       3
       2
       5
       1
       1
       5
       3
       3
       3
       4
       2
       2
       3
       4
       8
       3
      10
       6
      13
      12
      12
      19
      12
      28
      26
      27
      29
      32
      38
      58
      57
      60
      56
      62
      64
      83
      75
      94
     103
     102
     102
      92
     107
     105
      90
     109
     101
     103
      93
      82
      82
      63
      64
      85
      82
      50
      37
      36
      54
      33
      33
      27
      20
      31
      18
      17
      22
       6
       7
       7
      10
       6
       7
       5
       6
       1
       3
       7
       4
      10
       4
       5
       9
      11
       9
      10
      21
      24
      21
      34
      27
      48
      44
      48
      56
      61
      69
      79
      96
     101
     102
      97
     125
     153
     135
     133
     141
     165
     166
     164
     141
     191
     176
     162
     170
     170
     161
     170
     146
     140
     142
     101
     105
     111
      90
      68
      65
      70
      44
      49
      49
      28
      33
      26
      21
      20
      12
      14
      14
       7
       4
       5
       4
       9
       4
       1
       1
       3
       2
       2
       2
       1
       1
       2
       1
       1
       0
       0
       1
       2
       1
       0
       1
       1
       1
       1
       0
       2
       1
       0
       0
       0
       2
       0
       2
       1
       2
       0
       0
       1
       0
       1
       0
       0
       0
       0
       0
       0
       1
       0
       0
       0
       0
       1
       1
       0
       3
       0
       3
       1
       0
       0
       1
       0
       0
       0
       2
       1
       1
       0
       0
       2
       0
       0
       1
       2
       0
       1
       1
       1
       0
       1
       1
       1
       2
       1
       0
       0
       0
       1
       0
       0
       0
       1
       0
       0
       1
       2
       0
       1
       0
       0
       2
       0
       2
       3
       1
       0
       0
       3
       0
       1
       1
       1
       0
       0
       0
       0
       0
       0
       1
       0
       1
       1
       0
       0
       1
       1
       0
       0
       2
       1
       1
       3
       1
       1
       2
       2
       1
       0
       3
       2
       1
       1
       1
       0
       0
       1
       0
       0
       1
       0
       2
       0
       0
       1
       1
       2
       1
       1
       1
       0
       0
       2
       1
       0
       1
       1
       0
       3
       1
       1
       0
       1
       2
       0
       1
       0
       3
       1
       1
       0
       0
       0
       0
       0
       0
       0
       3
       2
       0
       1
       1
       1
       0
       1
       2
       1
       0
       1
       0
       1
       0
       2
       1
       1
       1
       0
       2
       0
       2
       1
       2
       2
       1
       1
       2
       1
       1
       1
       1
       1
       2
       4
       0
       1
       2
       1
       0
       0
       2
       0
       3
       1
       2
       2
       0
       2
       0
       2
       3
       0
       0
       3
       1
       1
       1
       1
       1
       1
       1
       1
       0
       1
       1
       3
       0
       0
       1
       2
       0
       0
       3
       1
       1
       0
       1
       0
       0
       1
       0
       1
       3
       2
       1
       2
       2
       0
       0
       2
       2
       1
       0
       1
       1
       2
       3
       1
       1
       1
       1
       2
       2
       1
       1
       1
       2
       1
       2
       3
       1
       2
       1
       0
       1
       0
       0
       0
       4
       0
       3
       2
       1
       2
       1
       2
       3
       2
       0
       1
       1
       2
       2
       1
       2
       4
       1
       1
       1
       1
       1
       1
       3
       0
       0
       1
       0
       2
       1
       2
       5
       3
       2
       3
       3
       2
       2
       3
       2
       3
       1
       3
       2
       4
       4
       5
       2
       3
       1
       5
       1
       5
       0
       4
       2
       3
       4
       2
       1
       7
       2
       2
       1
       3
       5
       2
       1
       7
       1
       2
       6
       4
       4
       4
       6
       3
       1
       7
       6
       5
       3
       3
       5
       8
       3
       4
       1
       4
       5
       8
       3
       7
       4
       8
       5
       4
       7
       5
       4
       2
       3
       5
       8
       6
       9
       2
       7
       6
       5
       2
       4
      10
       4
       6
       0
       2
       6
       4
       5
       9
       7
       7
       5
       7
       3
       6
       8
       5
       5
      10
       4
       8
       5
       6
       9
       5
       7
       6
       8
       5
      13
       9
      12
       9
      12
       8
      10
       5
      12
       5
      15
      12
      11
      16
       9
      16
      15
      12
      14
      11
      13
      10
      18
      14
      18
      15
      15
      12
      15
      13
      22
      24
      13
      18
      24
      26
      18
      24
      15
      26
      35
      26
      27
      22
      26
      22
      32
      36
      38
      36
      37
      54
      29
      31
      42
      57
      50
      50
      56
      61
      66
      56
      84
      86
      81
      96
      94
      92
     107
     126
     132
     138
     167
     155
     163
     197
     194
     226
     289
     268
     277
     322
     307
     430
     390
     401
     518
     512
     515
     598
     623
     654
     690
     770
     797
     809
     884
     937
     957
    1034
    1092
    1169
    1241
    1233
    1159
    1175
    1204
    1231
    1181
    1123
    1131
    1122
     997
     958
     946
     831
     762
     714
     669
     621
     577
     471
     489
     417
     384
     338
     273
     246
     226
     185
     168
     160
     121
     102
     114
      72
      56
      56
      38
      41
      28
      23
      23
      20
      12
      12
       7
       8
       1
       2
       6
       5
       7
       1
       1
       3
       3
       2
       1
       2
       0
       2
       2
       0
       2
       0
       1
       0
       0
       0
       0
       0
       0
       0
       0
       0
       0
       1
       0
       0
       0
       0
       0
       0
       0
       0
       0
       0
       0
       0
       1
       0
       0
       0
       0
       0
       0
       0
       0
       0
       0
       0
       0
       0
       0
       0
       0
       0
       0
       0
       0
       0
       0
       0
       0
       0
       0
       0
       0
       0
       0
       0
       0
       0
       0
       0
       0
       0
       0
       0
       0
       0
       0
       0
       0
       0
       0
       0
       0
       0
       0
       0
       0
       0
       0
       0
       0
       0
       0
       0
       0
       0
       0
       0
       0
       0
       0
       0
       0
       0
       0
       1
       0
       0
       0
       0
       0
       0
       0
       0
       0
       0
       0
       0
       0
       0
       0
       0
       0
       0
       0
       0
       0
       0
       0
       0
       0
       0
       0
       0
       0
       0
       0
       0
       0
       0
       0
       0
       0
       0
       0
       0
       0
       0
       0
       0
$ROI:
0
$PRESETS:
Live Time
1000000
0
$ENER_FIT:
0.000000 0.002526
$MCA_CAL:
3
0.000000E+000 2.525835E-003 0.000000E+000 keV
$SHAPE_CAL:
3
0.000000E+000 0.000000E+000 0.000000E+000
