$SPEC_ID:
No sample description was entered.
$SPEC_REM:
DET# 1
DETDESC# 
AP# Maestro Version 6.08
$DATE_MEA:
09/14/2017 10:05:25
$MEAS_TIM:
44 44
$DATA:
0 2047
       0
       0
       0
       0
       0
       0
       0
       0
       0
       0
       0
       0
       0
       0
       0
       0
       0
       0
       0
       0
       0
       0
       0
       0
       0
       0
       0
       0
       0
       0
       0
       0
       0
       0
       0
       0
       0
       0
       0
       0
       0
       0
       0
       0
       0
       0
       0
       0
       0
       0
       0
       0
       0
       0
       0
       0
       0
       0
       0
       0
       0
       0
       0
       0
       0
       0
       0
       0
       0
       0
       0
       0
       0
       0
       0
       0
       0
       0
       0
       0
       0
       0
       0
       0
       0
       0
       0
       0
       0
       0
       0
       0
       0
       0
       0
       0
       0
       0
       0
       0
       0
       0
       0
       0
       0
       0
       0
       0
       0
       0
       0
       0
       0
       0
       0
       0
       0
       0
       0
       0
       0
       0
       0
       0
       0
       0
       0
       0
       0
       0
       0
       0
       0
       0
       0
       0
       0
       0
       0
       0
       0
       0
       0
       0
       0
       0
       0
       0
       0
       0
       0
       0
       0
       0
       0
       0
       0
       0
       0
       0
       0
       0
       0
       0
       0
       0
       0
       0
       0
       0
       0
       0
       0
       0
       0
       0
       0
       0
       0
       0
       0
       0
       0
       0
       0
       0
       0
       0
       0
       0
       0
       0
       0
       0
       0
       0
       0
       0
       0
       1
       1
       0
       0
       0
       1
       2
       0
       0
       1
       0
       0
       0
       1
       1
       0
       2
       2
       0
       0
       0
       0
       3
       0
       0
       1
       0
       1
       0
       0
       0
       0
       0
       0
       1
       0
       0
       2
       1
       0
       1
       0
       0
       0
       0
       0
       0
       0
       0
       0
       2
       1
       0
       1
       1
       0
       0
       0
       0
       1
       3
       1
       0
       0
       1
       1
       0
       1
       0
       0
       0
       0
       0
       0
       0
       0
       1
       1
       0
       1
       1
       1
       0
       0
       2
       0
       0
       1
       1
       0
       0
       0
       1
       0
       3
       0
       1
       0
       1
       1
       0
       0
       1
       0
       3
       0
       1
       1
       1
       0
       1
       1
       1
       1
       3
       0
       0
       0
       0
       0
       1
       1
       1
       0
       0
       0
       2
       0
       0
       0
       0
       0
       0
       1
       0
       0
       2
       0
       0
       0
       0
       0
       1
       1
       0
       0
       1
       0
       1
       0
       0
       0
       0
       0
       1
       0
       1
       0
       1
       1
       3
       2
       0
       1
       0
       1
       1
       0
       0
       1
       1
       0
       0
       0
       1
       1
       0
       0
       0
       0
       0
       0
       0
       0
       2
       0
       0
       1
       1
       1
       0
       0
       1
       1
       0
       1
       1
       1
       0
       0
       0
       2
       0
       0
       0
       1
       0
       0
       0
       0
       0
       0
       1
       1
       1
       0
       0
       0
       0
       0
       1
       1
       1
       1
       0
       0
       0
       1
       1
       0
       0
       1
       1
       0
       0
       0
       0
       0
       0
       0
       1
       0
       0
       1
       0
       1
       0
       1
       1
       1
       1
       0
       0
       0
       2
       2
       0
       2
       1
       0
       0
       0
       3
       0
       0
       0
       1
       2
       0
       2
       1
       0
       1
       1
       0
       0
       0
       0
       2
       3
       1
       1
       0
       1
       0
       0
       0
       0
       0
       0
       0
       0
       0
       1
       0
       2
       0
       1
       0
       0
       2
       0
       1
       0
       0
       0
       0
       1
       0
       0
       0
       0
       1
       0
       1
       3
       0
       1
       0
       0
       0
       0
       0
       1
       0
       0
       0
       0
       0
       0
       0
       0
       2
       1
       0
       0
       1
       0
       0
       0
       0
       1
       2
       0
       0
       0
       1
       0
       2
       0
       0
       2
       0
       1
       0
       1
       1
       0
       0
       0
       0
       1
       1
       0
       0
       0
       0
       0
       1
       0
       1
       0
       0
       0
       0
       0
       0
       0
       0
       1
       0
       1
       0
       0
       0
       0
       0
       1
       2
       1
       0
       0
       0
       1
       1
       0
       0
       1
       0
       1
       0
       1
       1
       0
       1
       1
       1
       2
       2
       0
       0
       0
       1
       1
       0
       0
       1
       1
       0
       0
       0
       0
       0
       0
       1
       0
       0
       1
       0
       0
       2
       1
       1
       3
       0
       0
       0
       0
       0
       0
       1
       0
       0
       1
       0
       1
       0
       0
       0
       0
       1
       0
       0
       0
       0
       0
       0
       0
       1
       0
       0
       0
       0
       2
       0
       0
       2
       0
       0
       2
       0
       3
       0
       0
       0
       1
       0
       2
       0
       0
       0
       0
       0
       0
       0
       0
       2
       0
       0
       1
       0
       0
       1
       2
       0
       0
       1
       0
       0
       0
       0
       1
       0
       0
       1
       2
       0
       1
       1
       0
       0
       0
       0
       0
       0
       0
       0
       0
       0
       1
       0
       0
       0
       0
       0
       1
       1
       1
       1
       0
       0
       1
       0
       0
       0
       0
       0
       0
       1
       1
       1
       1
       0
       0
       2
       2
       1
       0
       0
       0
       1
       0
       0
       0
       1
       0
       0
       0
       1
       0
       0
       0
       0
       0
       1
       0
       2
       0
       1
       0
       1
       0
       0
       0
       1
       1
       0
       1
       0
       0
       1
       0
       0
       0
       1
       0
       0
       2
       1
       0
       0
       0
       1
       1
       1
       1
       0
       0
       0
       1
       0
       0
       0
       0
       1
       1
       1
       0
       0
       2
       0
       1
       2
       0
       1
       1
       0
       0
       0
       0
       2
       0
       0
       0
       1
       0
       0
       0
       0
       1
       1
       0
       0
       0
       0
       0
       0
       0
       0
       0
       1
       1
       0
       0
       1
       1
       1
       0
       0
       2
       0
       0
       0
       0
       1
       0
       0
       2
       0
       0
       1
       0
       0
       0
       0
       4
       1
       0
       1
       2
       0
       0
       1
       1
       1
       0
       0
       1
       1
       0
       1
       0
       0
       0
       0
       0
       1
       0
       0
       0
       0
       0
       0
       1
       0
       0
       0
       0
       0
       0
       1
       0
       2
       0
       1
       1
       1
       0
       0
       0
       1
       0
       0
       0
       0
       0
       1
       0
       1
       0
       0
       1
       1
       0
       0
       0
       0
       0
       1
       0
       0
       0
       2
       0
       0
       2
       1
       0
       1
       0
       0
       0
       1
       0
       0
       0
       1
       1
       0
       2
       0
       0
       0
       0
       0
       1
       0
       0
       0
       1
       1
       0
       1
       1
       0
       0
       0
       1
       0
       1
       0
       1
       0
       1
       2
       0
       0
       0
       0
       0
       2
       0
       0
       1
       0
       0
       0
       2
       0
       1
       1
       0
       0
       0
       0
       0
       2
       0
       0
       0
       2
       0
       0
       0
       0
       0
       0
       1
       0
       0
       0
       0
       1
       0
       1
       2
       1
       0
       0
       1
       1
       0
       0
       0
       0
       1
       1
       0
       0
       0
       0
       0
       1
       0
       1
       2
       1
       0
       0
       0
       0
       0
       0
       0
       0
       0
       2
       0
       0
       0
       1
       2
       1
       0
       3
       0
       0
       0
       0
       1
       0
       1
       0
       0
       0
       0
       1
       1
       0
       0
       1
       0
       0
       0
       0
       1
       1
       1
       0
       1
       2
       2
       0
       0
       0
       1
       1
       1
       0
       0
       1
       0
       0
       0
       0
       1
       0
       1
       1
       0
       0
       0
       0
       0
       1
       0
       1
       1
       0
       0
       2
       0
       0
       0
       2
       0
       0
       0
       0
       1
       2
       1
       1
       2
       0
       0
       0
       0
       1
       1
       1
       1
       0
       0
       1
       1
       0
       0
       0
       1
       1
       0
       0
       0
       0
       0
       0
       0
       1
       0
       0
       0
       0
       0
       0
       0
       0
       0
       0
       0
       0
       2
       0
       1
       0
       1
       1
       1
       0
       1
       3
       0
       0
       0
       0
       0
       0
       0
       0
       0
       1
       0
       0
       2
       1
       0
       0
       0
       0
       0
       0
       0
       3
       2
       2
       0
       0
       2
       1
       1
       0
       0
       1
       0
       0
       2
       1
       0
       1
       1
       0
       1
       0
       1
       1
       0
       0
       0
       0
       2
       0
       0
       1
       0
       0
       1
       0
       1
       0
       0
       0
       0
       0
       1
       0
       0
       1
       1
       0
       0
       0
       0
       0
       0
       0
       0
       1
       0
       1
       0
       2
       0
       1
       0
       1
       1
       1
       3
       0
       0
       0
       1
       0
       2
       2
       0
       0
       1
       0
       2
       1
       0
       1
       1
       0
       1
       0
       0
       0
       0
       0
       0
       0
       0
       1
       2
       1
       2
       1
       2
       1
       0
       0
       0
       1
       3
       0
       1
       3
       2
       0
       2
       1
       1
       4
       1
       0
       0
       2
       1
       1
       1
       0
       2
       2
       1
       0
       0
       4
       0
       1
       2
       2
       1
       3
       1
       0
       2
       1
       2
       1
       2
       3
       1
       1
       0
       1
       0
       3
       1
       1
       1
       1
       0
       1
       0
       1
       1
       0
       2
       1
       1
       0
       1
       0
       1
       2
       0
       0
       2
       1
       2
       0
       2
       0
       2
       0
       0
       1
       3
       2
       3
       0
       2
       0
       0
       0
       2
       0
       3
       2
       1
       0
       2
       0
       2
       1
       1
       0
       1
       0
       1
       0
       0
       0
       3
       1
       0
       4
       1
       2
       0
       0
       3
       3
       2
       0
       0
       1
       0
       1
       0
       0
       2
       0
       0
       0
       1
       1
       2
       1
       1
       1
       4
       2
       1
       3
       2
       2
       1
       0
       2
       1
       2
       0
       1
       4
       3
       5
       2
       2
       3
       2
       2
       3
       4
       3
       4
       4
       4
       1
       3
       1
       2
       2
       3
       6
       4
       4
       4
       4
       4
       6
       4
       3
       5
      10
       5
       7
       7
       7
       5
       4
       7
      10
      10
       4
       6
       7
      10
      14
      11
       9
      11
      15
      15
      12
      13
      12
      12
      14
      18
      12
      18
      20
      21
      23
      18
      14
      18
      27
      18
      27
      26
      32
      29
      24
      27
      32
      26
      39
      34
      30
      40
      23
      27
      29
      51
      38
      39
      35
      49
      57
      51
      49
      47
      58
      73
      50
      48
      56
      54
      72
      63
      59
      70
      66
      62
      82
      67
      72
      66
      77
      82
      78
      78
     104
      84
      83
      76
      64
      84
      91
      82
     103
      85
      97
      85
      93
      74
      90
     108
      97
     113
      93
     109
     107
      86
     108
     104
     100
     104
     104
      89
     108
      94
     121
      95
     107
     110
      87
      91
      86
     112
      88
     103
      91
     102
      80
      96
      99
     101
     108
      93
      79
      82
      76
      99
      64
      67
      84
      82
      88
      78
      69
      68
      68
      56
      74
      62
      51
      70
      59
      62
      52
      60
      48
      45
      42
      58
      40
      46
      47
      41
      50
      35
      30
      38
      26
      24
      23
      41
      24
      14
      26
      22
      23
      28
      21
      21
      16
      18
      14
      16
      12
      10
       9
      18
      10
      14
      13
      10
       9
      15
       8
       7
       4
       3
       6
       5
       6
       7
       3
       5
       6
       1
       2
       5
       3
       3
       2
       2
       5
       3
       5
       0
       0
       0
       1
       3
       2
       3
       3
       0
       2
       0
       3
       0
       0
       0
       0
       1
       0
       1
       0
       0
       0
       0
       0
       0
       1
       0
       0
       0
       0
       0
       0
       0
       0
       0
       0
       0
       0
       0
       0
       1
       0
       0
       0
       0
       0
       1
       0
       0
       0
       0
       0
       0
       0
       0
       0
       0
       0
       0
       0
       0
       0
       0
       0
       0
       0
       0
       0
       0
       0
       0
       0
       0
       0
       0
       0
       0
       0
       0
       0
       0
       0
       0
       0
       0
       0
       0
       0
       0
       0
       0
       0
       0
       0
       0
       0
       0
       0
       0
       0
       0
       0
       0
       0
       0
       0
       0
       0
       0
       0
       0
       0
       0
       0
       0
       0
       0
       0
       0
       0
       0
       0
       0
       0
       0
       0
       0
       0
       0
       0
       0
       0
       0
       0
       0
       0
       0
       0
       0
       0
       0
       0
       0
       0
       0
       0
       0
       0
       0
       0
       0
       0
       0
       0
       0
       0
       0
       0
       0
       0
       0
       0
       0
       0
       0
       0
       0
       0
       0
       0
       0
       0
       0
       0
       0
       0
       0
       0
       0
       0
       0
       0
       0
       0
       0
       0
       0
       0
       0
       0
       0
       0
       0
       0
       0
       0
       0
       0
       0
       0
       0
       0
       0
       0
       0
       0
       0
       0
       0
       0
       0
       0
       0
       0
       0
       0
       0
       0
       0
       0
       0
       0
       0
       0
       0
       0
       0
       0
       0
       0
       0
       0
       0
       0
       0
       0
       0
       0
       0
       0
       0
       0
       0
       0
       0
       0
       0
       0
       0
       0
       0
       0
       0
       0
       0
       0
       0
       0
       0
       0
       0
       0
       0
       0
       0
       0
       0
       0
       0
       0
       0
       0
       0
       0
       0
       0
       0
       0
       0
       0
       0
       0
       0
       0
       0
       0
       0
       0
       0
       0
       0
       0
       0
       0
       0
       0
       0
       0
       0
       0
       0
       0
       0
       0
       0
       0
       0
       0
       0
       0
       0
       0
       0
       0
       0
       0
       0
       0
       0
       0
       0
       0
       0
       0
       0
       0
       0
       0
       0
       0
       0
       0
       0
       0
       0
       0
       0
       0
       0
       0
       0
       0
       0
       0
       0
       0
       0
       0
       0
       0
       0
       0
       0
       0
       0
       0
       0
       0
       0
       0
       0
       0
       0
       0
       0
       0
       0
       0
       0
       0
       0
       0
       0
       0
$ROI:
1
1425 1700
$PRESETS:
Live Time
1000000
0
$ENER_FIT:
0.000000 0.002526
$MCA_CAL:
3
0.000000E+000 2.525835E-003 0.000000E+000 keV
$SHAPE_CAL:
3
0.000000E+000 0.000000E+000 0.000000E+000
