$SPEC_ID:
No sample description was entered.
$SPEC_REM:
DET# 1
DETDESC# 
AP# Maestro Version 6.08
$DATE_MEA:
09/14/2017 10:06:54
$MEAS_TIM:
22 22
$DATA:
0 2047
       0
       0
       0
       0
       0
       0
       0
       0
       0
       0
       0
       0
       0
       0
       0
       0
       0
       0
       0
       0
       0
       0
       0
       0
       0
       0
       0
       0
       0
       0
       0
       0
       0
       0
       0
       0
       0
       0
       0
       0
       0
       0
       0
       0
       0
       0
       0
       0
       0
       0
       0
       0
       0
       0
       0
       0
       0
       0
       0
       0
       0
       0
       0
       0
       0
       0
       0
       0
       0
       0
       0
       0
       0
       0
       0
       0
       0
       0
       0
       0
       0
       0
       0
       0
       0
       0
       0
       0
       0
       0
       0
       0
       0
       0
       0
       0
       0
       0
       0
       0
       0
       0
       0
       0
       0
       0
       0
       0
       0
       0
       0
       0
       0
       0
       0
       0
       0
       0
       0
       0
       0
       0
       0
       0
       0
       0
       0
       0
       0
       0
       0
       0
       0
       0
       0
       0
       0
       0
       0
       0
       0
       0
       0
       0
       0
       0
       0
       0
       0
       0
       0
       0
       0
       0
       0
       0
       0
       0
       0
       0
       0
       0
       0
       0
       0
       0
       0
       0
       0
       0
       0
       0
       0
       0
       0
       0
       0
       0
       0
       0
       0
       0
       0
       0
       0
       0
       0
       0
       0
       0
       0
       0
       0
       0
       0
       0
       0
       0
       0
       1
       0
       0
       2
       0
       1
       0
       0
       0
       0
       0
       1
       0
       0
       0
       1
       0
       0
       1
       1
       0
       0
       1
       0
       0
       0
       0
       1
       0
       1
       0
       0
       0
       1
       1
       0
       0
       0
       0
       0
       0
       1
       1
       0
       0
       0
       1
       0
       1
       0
       0
       1
       0
       0
       0
       0
       1
       0
       1
       0
       0
       0
       0
       0
       0
       0
       0
       0
       0
       0
       1
       0
       2
       0
       1
       1
       1
       0
       0
       0
       1
       0
       0
       1
       1
       1
       0
       0
       0
       0
       0
       1
       0
       0
       0
       1
       0
       0
       0
       2
       1
       0
       1
       0
       0
       0
       0
       1
       0
       0
       1
       0
       1
       1
       0
       0
       0
       1
       0
       1
       0
       0
       0
       1
       0
       0
       0
       0
       1
       1
       0
       0
       0
       0
       1
       0
       1
       0
       1
       0
       2
       0
       0
       0
       1
       0
       1
       1
       0
       0
       0
       0
       0
       0
       1
       0
       0
       0
       1
       2
       1
       0
       0
       2
       1
       0
       0
       0
       0
       0
       0
       0
       0
       0
       0
       0
       0
       1
       1
       0
       1
       0
       0
       0
       0
       2
       0
       1
       0
       1
       0
       1
       0
       1
       0
       0
       1
       1
       0
       0
       1
       0
       0
       0
       0
       0
       0
       2
       0
       1
       0
       0
       1
       0
       0
       1
       0
       0
       1
       0
       0
       0
       2
       2
       1
       1
       1
       2
       0
       0
       1
       0
       0
       0
       0
       0
       0
       0
       0
       1
       0
       1
       0
       1
       1
       0
       0
       0
       1
       0
       0
       0
       1
       1
       0
       0
       0
       0
       1
       1
       1
       0
       0
       0
       0
       0
       0
       2
       0
       0
       0
       0
       1
       0
       0
       0
       1
       0
       1
       0
       0
       0
       0
       0
       0
       0
       0
       0
       0
       0
       0
       0
       0
       0
       0
       0
       1
       0
       0
       0
       0
       0
       0
       0
       1
       0
       0
       0
       1
       0
       1
       1
       0
       0
       2
       1
       0
       1
       0
       0
       0
       1
       0
       0
       1
       0
       0
       1
       1
       0
       2
       0
       1
       0
       1
       1
       0
       1
       1
       1
       0
       0
       0
       0
       1
       0
       0
       1
       1
       1
       0
       0
       0
       1
       0
       1
       1
       0
       0
       1
       1
       0
       0
       1
       0
       0
       0
       1
       0
       0
       0
       0
       0
       0
       0
       0
       1
       0
       0
       0
       0
       1
       0
       0
       1
       1
       0
       1
       1
       0
       0
       0
       2
       0
       1
       1
       0
       0
       0
       0
       0
       0
       0
       0
       1
       0
       1
       0
       0
       0
       0
       0
       1
       1
       2
       0
       0
       0
       0
       0
       0
       1
       0
       0
       0
       0
       0
       1
       1
       0
       0
       1
       1
       0
       0
       0
       1
       0
       0
       0
       1
       0
       2
       1
       1
       1
       1
       0
       1
       1
       0
       0
       0
       2
       0
       0
       0
       1
       0
       0
       0
       1
       1
       0
       0
       0
       0
       0
       0
       0
       0
       0
       1
       3
       0
       2
       2
       1
       0
       0
       0
       1
       0
       0
       0
       0
       0
       1
       1
       1
       0
       0
       0
       0
       1
       1
       0
       1
       0
       0
       1
       0
       0
       0
       0
       1
       0
       0
       1
       0
       0
       0
       2
       0
       0
       1
       1
       0
       1
       0
       1
       0
       0
       3
       0
       0
       0
       0
       0
       0
       0
       3
       1
       1
       0
       0
       0
       0
       1
       0
       0
       0
       1
       1
       0
       1
       0
       0
       0
       1
       0
       2
       0
       0
       1
       1
       1
       0
       0
       0
       0
       0
       0
       0
       1
       0
       1
       0
       1
       0
       0
       0
       0
       0
       0
       0
       0
       0
       0
       0
       0
       0
       0
       1
       0
       0
       0
       0
       0
       0
       0
       1
       1
       1
       0
       1
       0
       0
       1
       0
       0
       0
       1
       0
       0
       0
       0
       0
       0
       0
       0
       0
       1
       0
       2
       0
       0
       0
       1
       1
       0
       0
       0
       0
       0
       0
       0
       1
       0
       0
       1
       0
       1
       1
       1
       0
       1
       0
       3
       0
       0
       0
       0
       0
       0
       0
       0
       0
       1
       0
       2
       0
       0
       0
       1
       0
       0
       0
       0
       2
       0
       0
       0
       0
       3
       2
       0
       0
       0
       2
       0
       1
       0
       0
       0
       0
       0
       1
       0
       0
       1
       0
       0
       1
       0
       0
       0
       1
       0
       1
       0
       1
       0
       1
       0
       1
       0
       0
       0
       0
       0
       0
       0
       2
       0
       1
       0
       2
       1
       0
       0
       0
       0
       0
       1
       1
       0
       1
       0
       0
       0
       0
       0
       0
       0
       0
       1
       0
       2
       0
       0
       0
       2
       0
       0
       1
       0
       0
       0
       0
       0
       0
       0
       0
       0
       2
       0
       0
       1
       0
       2
       0
       0
       1
       0
       0
       0
       0
       0
       0
       0
       0
       0
       0
       0
       0
       2
       0
       2
       1
       0
       1
       1
       0
       1
       0
       0
       2
       1
       0
       0
       0
       1
       0
       0
       0
       1
       1
       2
       1
       0
       0
       0
       0
       1
       1
       2
       1
       0
       0
       0
       2
       1
       1
       0
       1
       0
       0
       0
       0
       1
       0
       0
       0
       1
       0
       0
       1
       1
       0
       0
       0
       0
       1
       0
       2
       0
       0
       0
       0
       0
       0
       1
       1
       0
       0
       0
       0
       0
       0
       0
       0
       0
       1
       0
       1
       1
       0
       0
       0
       1
       2
       0
       1
       0
       0
       0
       0
       0
       1
       0
       1
       0
       0
       0
       0
       1
       1
       1
       0
       0
       0
       2
       1
       1
       0
       1
       0
       0
       0
       0
       0
       1
       0
       0
       0
       0
       1
       0
       1
       1
       1
       0
       1
       0
       1
       0
       0
       1
       0
       0
       0
       1
       1
       0
       0
       0
       1
       0
       1
       0
       0
       1
       1
       0
       0
       0
       2
       1
       1
       1
       0
       0
       3
       2
       1
       0
       0
       2
       2
       2
       2
       1
       0
       0
       1
       0
       1
       1
       2
       0
       0
       1
       0
       0
       1
       0
       0
       0
       0
       1
       0
       1
       0
       4
       0
       0
       0
       0
       0
       0
       0
       0
       2
       0
       0
       1
       1
       0
       1
       0
       0
       2
       0
       0
       1
       1
       1
       0
       0
       0
       1
       2
       0
       1
       1
       2
       0
       1
       0
       1
       1
       1
       0
       0
       1
       0
       0
       0
       0
       1
       0
       1
       2
       1
       2
       0
       1
       1
       0
       0
       2
       1
       1
       2
       0
       1
       0
       2
       0
       0
       1
       2
       2
       0
       0
       0
       0
       0
       1
       1
       1
       1
       1
       0
       1
       1
       0
       0
       0
       0
       0
       0
       0
       1
       1
       1
       0
       1
       0
       1
       1
       0
       0
       0
       2
       0
       0
       1
       2
       3
       2
       1
       2
       1
       0
       3
       2
       0
       0
       1
       2
       2
       1
       2
       1
       2
       0
       0
       1
       0
       1
       0
       1
       1
       2
       0
       0
       0
       0
       1
       0
       3
       2
       4
       3
       0
       4
       1
       6
       1
       1
       0
       3
       0
       2
       1
       3
       1
       0
       0
       0
       3
       2
       1
       1
       0
       1
       2
       0
       2
       1
       1
       1
       4
       0
       0
       3
       1
       2
       2
       2
       0
       1
       0
       1
       2
       1
       2
       1
       0
       1
       2
       1
       0
       0
       1
       0
       3
       1
       0
       4
       0
       0
       1
       2
       1
       2
       0
       2
       4
       2
       0
       1
       1
       1
       2
       4
       1
       1
       3
       1
       2
       1
       0
       1
       0
       0
       0
       1
       0
       1
       0
       1
       0
       2
       1
       0
       0
       2
       1
       1
       2
       2
       2
       1
       2
       0
       3
       1
       4
       2
       3
       1
       2
       0
       1
       2
       1
       0
       0
       3
       0
       2
       0
       0
       3
       4
       3
       1
       5
       1
       1
       1
       1
       4
       5
       3
       3
       2
       2
       1
       4
       1
       4
       2
       5
       7
       1
       7
       1
       5
       1
       3
       6
       3
       9
       5
       2
       3
       6
       2
       3
       2
       7
       9
       5
       6
       7
       7
       2
       6
      13
       8
       6
       5
       8
       4
       9
       8
      19
       7
       9
       7
      15
      13
      12
      14
      11
      15
      10
      12
      10
      17
      12
      10
      13
      10
      14
      13
      27
      19
      21
      21
      20
      22
      19
      25
      21
      32
      25
      31
      35
      23
      31
      27
      27
      33
      37
      34
      28
      36
      40
      38
      43
      43
      44
      55
      56
      55
      55
      50
      51
      57
      65
      67
      62
      62
      64
      66
      67
      62
      67
      71
      69
      82
      79
      65
      74
      60
      77
      74
      75
      79
      78
      79
      98
      75
      86
      78
      95
      83
     106
      76
     110
      84
     104
     118
      95
      77
     111
     117
      75
     100
     101
      96
     130
      85
      95
     100
     104
      97
      93
     122
     110
      96
      82
      91
      81
      98
      94
      93
      80
      80
      94
      81
      69
      93
      80
      90
      71
      68
      79
      66
      75
      65
      68
      81
      65
      58
      67
      77
      59
      64
      70
      47
      50
      56
      55
      51
      57
      46
      61
      48
      57
      46
      39
      48
      45
      34
      39
      33
      51
      39
      36
      27
      33
      30
      39
      23
      21
      20
      34
      17
      26
      16
      16
      25
      21
      13
      14
      18
      17
      11
      19
      19
      10
      11
      17
      10
      12
      13
      11
      17
      14
       7
      15
       8
       7
      12
      10
       9
       3
       7
       5
       7
       7
       5
       3
       2
       5
       8
       4
       3
       3
       2
       3
       2
       2
       2
       1
       1
       2
       2
       1
       0
       1
       0
       1
       0
       2
       0
       0
       0
       0
       1
       1
       0
       1
       1
       0
       0
       1
       0
       0
       0
       0
       0
       0
       0
       0
       0
       0
       0
       0
       0
       0
       0
       0
       0
       0
       0
       0
       0
       0
       0
       0
       0
       0
       0
       0
       0
       0
       0
       0
       0
       0
       0
       0
       0
       0
       0
       0
       0
       0
       1
       0
       0
       0
       0
       0
       1
       0
       0
       0
       0
       0
       0
       0
       0
       0
       0
       0
       0
       0
       0
       0
       1
       0
       0
       0
       0
       0
       0
       0
       0
       0
       0
       0
       0
       0
       0
       0
       0
       0
       0
       0
       0
       0
       0
       0
       0
       0
       0
       0
       0
       0
       0
       0
       0
       0
       0
       0
       0
       0
       0
       0
       0
       0
       0
       0
       0
       0
       0
       0
       0
       0
       0
       0
       0
       0
       0
       0
       0
       0
       0
       0
       0
       0
       0
       0
       0
       0
       0
       1
       0
       0
       0
       0
       0
       0
       0
       0
       0
       0
       0
       0
       0
       0
       0
       0
       0
       0
       0
       0
       0
       0
       0
       0
       0
       0
       0
       0
       0
       0
       0
       0
       0
       0
       0
       0
       0
       0
       0
       0
       0
       0
       0
       0
       0
       0
       0
       0
       0
       0
       0
       0
       0
       0
       0
       0
       0
       0
       0
       0
       0
       0
       0
       0
       0
       0
       0
       0
       0
       0
       0
       0
       0
       0
       0
       0
       0
       0
       0
       0
       0
       0
       0
       0
       0
       0
       0
       0
       0
       0
       0
       0
       0
       0
       0
       0
       0
       0
       0
       0
       0
       0
       0
       0
       0
       0
       0
       0
       0
       0
       0
       0
       0
       0
       0
       0
       0
       0
       0
       0
       0
       0
       0
       0
       0
       0
       0
       0
       0
       0
       0
       0
       0
       0
       0
       0
       0
       0
       0
       0
       0
       0
       0
       0
       0
       0
       0
       0
       0
       0
       0
       0
       0
       0
       0
       0
       0
       0
       0
       0
       0
       0
       0
       0
       0
       0
       0
       0
       0
       0
       0
       0
       0
       0
       0
       0
       0
       0
       0
       0
       0
       0
       0
       0
       0
       0
       0
       0
       0
       0
       0
       0
       0
       0
       0
       0
       0
       0
       0
       0
       0
       0
       0
       0
       0
       0
       0
       0
       0
       0
       0
       0
       0
       0
$ROI:
1
1425 1700
$PRESETS:
Live Time
1000000
0
$ENER_FIT:
0.000000 0.002526
$MCA_CAL:
3
0.000000E+000 2.525835E-003 0.000000E+000 keV
$SHAPE_CAL:
3
0.000000E+000 0.000000E+000 0.000000E+000
