$SPEC_ID:
No sample description was entered.
$SPEC_REM:
DET# 1
DETDESC# 
AP# Maestro Version 6.08
$DATE_MEA:
09/14/2017 10:14:27
$MEAS_TIM:
34 34
$DATA:
0 2047
       0
       0
       0
       0
       0
       0
       0
       0
       0
       0
       0
       0
       0
       0
       0
       0
       0
       0
       0
       0
       0
       0
       0
       0
       0
       0
       0
       0
       0
       0
       0
       0
       0
       0
       0
       0
       0
       0
       0
       0
       0
       0
       0
       0
       0
       0
       0
       0
       0
       0
       0
       0
       0
       0
       0
       0
       0
       0
       0
       0
       0
       0
       0
       0
       0
       0
       0
       0
       0
       0
       0
       0
       0
       0
       0
       0
       0
       0
       0
       0
       0
       0
       0
       0
       0
       0
       0
       0
       0
       0
       0
       0
       0
       0
       0
       0
       0
       0
       0
       0
       0
       0
       0
       0
       0
       0
       0
       0
       0
       0
       0
       0
       0
       0
       0
       0
       0
       0
       0
       0
       0
       0
       0
       0
       0
       0
       0
       0
       0
       0
       0
       0
       0
       0
       0
       0
       0
       0
       0
       0
       0
       0
       0
       0
       0
       0
       0
       0
       0
       0
       0
       0
       0
       0
       0
       0
       0
       0
       0
       0
       0
       0
       0
       0
       0
       0
       0
       0
       0
       0
       0
       0
       0
       0
       0
       0
       0
       0
       0
       0
       0
       0
       0
       0
       0
       0
       0
       0
       0
       0
       0
       0
       0
       0
       0
       0
       0
       0
       0
       0
       0
       1
       0
       0
       0
       0
       0
       0
       2
       0
       1
       0
       1
       1
       0
       1
       1
       1
       1
       0
       1
       2
       0
       1
       2
       2
       0
       0
       0
       0
       0
       0
       0
       1
       0
       0
       0
       2
       0
       0
       0
       1
       1
       1
       1
       1
       1
       0
       0
       1
       1
       0
       0
       0
       0
       0
       0
       0
       0
       2
       0
       0
       0
       2
       1
       0
       0
       0
       0
       0
       0
       0
       0
       0
       1
       0
       0
       0
       0
       0
       0
       0
       2
       0
       2
       1
       0
       3
       0
       0
       0
       0
       0
       1
       0
       1
       0
       0
       0
       1
       1
       0
       0
       1
       0
       1
       0
       2
       2
       0
       0
       1
       1
       0
       2
       0
       1
       1
       1
       0
       0
       1
       1
       1
       0
       0
       0
       0
       0
       0
       1
       0
       1
       0
       0
       0
       0
       0
       0
       0
       2
       0
       0
       1
       0
       1
       0
       1
       1
       0
       1
       0
       1
       0
       0
       0
       1
       1
       0
       1
       0
       1
       0
       1
       0
       0
       1
       0
       0
       0
       0
       0
       0
       0
       1
       0
       1
       1
       0
       1
       0
       0
       0
       1
       0
       1
       1
       0
       0
       2
       0
       0
       0
       0
       0
       0
       1
       0
       0
       2
       1
       0
       1
       0
       1
       0
       0
       0
       1
       2
       1
       1
       0
       1
       0
       1
       1
       1
       0
       0
       2
       1
       0
       0
       1
       0
       0
       0
       1
       0
       0
       1
       0
       1
       1
       0
       0
       1
       1
       0
       0
       0
       1
       0
       0
       1
       0
       0
       0
       0
       1
       0
       0
       0
       0
       0
       0
       0
       1
       0
       1
       0
       0
       0
       1
       0
       1
       2
       1
       0
       0
       0
       0
       1
       0
       0
       0
       1
       1
       0
       0
       1
       0
       0
       0
       1
       2
       0
       0
       0
       1
       1
       0
       2
       0
       1
       0
       2
       1
       0
       0
       0
       1
       0
       1
       1
       1
       0
       0
       0
       0
       0
       1
       0
       1
       0
       0
       1
       0
       0
       1
       1
       0
       0
       0
       0
       0
       0
       1
       0
       0
       0
       0
       0
       0
       0
       0
       0
       0
       0
       0
       0
       0
       0
       0
       0
       1
       0
       0
       0
       0
       0
       0
       1
       1
       0
       0
       0
       2
       0
       0
       0
       0
       1
       0
       0
       0
       0
       0
       0
       0
       0
       0
       0
       1
       0
       0
       0
       0
       0
       0
       0
       1
       0
       1
       0
       0
       1
       0
       1
       0
       0
       0
       0
       1
       0
       1
       0
       1
       1
       0
       1
       1
       1
       0
       1
       1
       0
       1
       1
       0
       1
       1
       0
       0
       1
       0
       1
       1
       1
       0
       0
       0
       0
       1
       0
       0
       0
       1
       0
       1
       0
       0
       1
       0
       1
       2
       0
       2
       0
       1
       0
       0
       0
       1
       0
       2
       1
       1
       1
       1
       2
       0
       0
       1
       0
       2
       1
       0
       0
       0
       0
       0
       0
       0
       0
       0
       0
       0
       0
       0
       0
       0
       1
       0
       0
       0
       0
       0
       0
       0
       0
       1
       0
       0
       0
       1
       1
       0
       1
       1
       0
       0
       3
       1
       0
       0
       1
       0
       0
       2
       2
       0
       1
       1
       1
       0
       0
       1
       1
       0
       0
       0
       0
       2
       0
       0
       1
       0
       0
       1
       2
       0
       0
       0
       1
       0
       0
       1
       0
       0
       0
       1
       0
       1
       0
       0
       0
       0
       1
       0
       0
       0
       0
       0
       2
       0
       0
       0
       0
       0
       0
       0
       0
       0
       1
       1
       1
       1
       1
       0
       1
       2
       0
       0
       0
       0
       1
       0
       1
       0
       0
       0
       0
       0
       0
       0
       0
       0
       0
       0
       0
       1
       1
       0
       0
       0
       0
       0
       0
       0
       0
       0
       1
       1
       0
       0
       1
       2
       0
       1
       1
       0
       0
       0
       1
       0
       0
       0
       0
       1
       1
       0
       0
       2
       0
       1
       0
       0
       0
       1
       0
       2
       1
       0
       0
       0
       0
       0
       0
       0
       1
       0
       0
       0
       0
       0
       1
       0
       0
       0
       3
       0
       1
       2
       1
       1
       0
       1
       0
       0
       1
       1
       0
       0
       0
       0
       0
       0
       0
       0
       0
       1
       1
       0
       1
       0
       1
       0
       1
       0
       0
       2
       0
       0
       0
       0
       0
       0
       1
       2
       2
       0
       1
       0
       2
       1
       1
       1
       0
       1
       0
       0
       0
       0
       1
       1
       1
       0
       0
       0
       1
       0
       1
       0
       0
       0
       0
       0
       0
       0
       0
       0
       1
       0
       1
       0
       0
       2
       1
       0
       0
       0
       2
       0
       1
       2
       1
       0
       0
       0
       0
       0
       1
       0
       1
       0
       0
       1
       0
       0
       1
       0
       0
       1
       0
       1
       0
       0
       0
       0
       0
       0
       1
       1
       1
       0
       1
       0
       0
       0
       0
       0
       0
       0
       0
       0
       1
       0
       0
       0
       1
       0
       1
       0
       1
       0
       1
       0
       0
       1
       1
       0
       0
       1
       0
       0
       0
       1
       1
       1
       1
       0
       0
       1
       0
       0
       1
       0
       0
       0
       0
       0
       0
       0
       2
       0
       0
       0
       0
       1
       0
       0
       0
       0
       2
       0
       0
       1
       1
       0
       1
       0
       0
       1
       0
       1
       1
       1
       1
       0
       0
       0
       1
       1
       1
       0
       0
       0
       0
       1
       0
       0
       0
       0
       0
       0
       1
       0
       2
       0
       2
       2
       0
       0
       0
       1
       0
       2
       0
       0
       0
       1
       0
       0
       0
       0
       1
       0
       0
       2
       2
       1
       0
       1
       1
       0
       2
       1
       0
       0
       0
       0
       1
       1
       0
       0
       1
       0
       0
       0
       1
       0
       1
       0
       0
       0
       0
       1
       0
       0
       0
       0
       0
       0
       0
       0
       1
       1
       1
       1
       0
       1
       0
       1
       0
       0
       1
       1
       0
       0
       0
       3
       0
       0
       0
       0
       0
       0
       0
       2
       0
       2
       0
       0
       1
       1
       0
       0
       1
       1
       0
       0
       1
       0
       1
       1
       0
       0
       0
       0
       0
       0
       1
       0
       0
       0
       0
       0
       0
       0
       1
       1
       0
       0
       0
       0
       0
       0
       0
       0
       1
       0
       1
       1
       0
       1
       3
       0
       0
       0
       0
       1
       0
       0
       1
       0
       1
       0
       0
       0
       0
       0
       2
       0
       0
       0
       0
       1
       0
       0
       0
       0
       0
       1
       1
       0
       0
       0
       1
       1
       0
       0
       1
       2
       0
       0
       1
       2
       0
       1
       0
       2
       1
       2
       1
       0
       0
       0
       0
       0
       0
       0
       2
       0
       0
       0
       0
       2
       0
       1
       1
       2
       0
       0
       1
       0
       2
       0
       0
       0
       1
       0
       0
       0
       0
       0
       0
       2
       2
       0
       2
       0
       0
       0
       0
       1
       2
       0
       3
       0
       0
       0
       1
       1
       1
       0
       1
       3
       1
       0
       0
       1
       0
       1
       1
       1
       1
       1
       0
       1
       0
       0
       1
       2
       0
       2
       0
       2
       2
       2
       0
       2
       0
       1
       4
       1
       3
       0
       2
       1
       1
       0
       0
       1
       0
       1
       2
       2
       3
       1
       1
       0
       2
       5
       0
       2
       2
       1
       0
       0
       0
       0
       3
       2
       1
       1
       0
       0
       1
       0
       0
       1
       1
       2
       0
       0
       0
       2
       1
       3
       1
       1
       1
       1
       2
       0
       1
       2
       0
       3
       2
       2
       1
       1
       2
       0
       1
       2
       3
       3
       1
       2
       2
       0
       0
       0
       0
       1
       1
       3
       1
       0
       0
       4
       2
       0
       2
       2
       1
       0
       0
       2
       2
       0
       2
       3
       0
       0
       1
       0
       2
       1
       1
       2
       2
       0
       1
       2
       0
       1
       3
       2
       1
       2
       3
       2
       2
       2
       2
       2
       2
       3
       1
       4
       2
       2
       1
       2
       1
       4
       1
       1
       0
       7
       4
       2
       5
       3
       3
       7
       5
       1
       5
       1
       3
       1
       3
       3
       4
       1
       4
       3
       4
       1
       5
       4
       3
       4
       4
       7
       3
       9
       5
       8
       4
       3
       7
       3
       4
       9
      14
       6
       6
       8
       7
       7
      11
       9
      13
      14
      11
      14
      20
      13
      12
      15
      19
      10
      19
      19
      21
      18
      20
      25
      15
      26
      20
      23
      23
      35
      37
      31
      27
      35
      19
      27
      25
      36
      38
      27
      31
      34
      35
      37
      44
      40
      42
      49
      40
      45
      38
      50
      41
      52
      50
      55
      67
      58
      54
      63
      67
      59
      85
      56
      85
      71
      69
      59
      70
      86
      72
      72
      77
      69
      84
      80
      82
      72
      75
     103
      94
      88
      96
     105
     106
      99
     100
      94
     101
     105
      94
      96
      85
     100
     101
     104
     103
      85
      94
     104
     107
     117
      80
     107
      85
     112
     101
      95
      94
      92
     106
      92
      85
      94
      90
      87
      88
      91
      97
      86
      93
     101
      97
      96
      70
      85
      68
      67
      74
      78
      72
      73
      63
      60
      64
      65
      51
      49
      53
      48
      49
      55
      57
      70
      40
      46
      45
      50
      45
      43
      41
      38
      34
      48
      29
      34
      31
      37
      24
      26
      25
      24
      23
      24
      21
      24
      23
      19
      16
      15
      20
      16
      10
      16
       9
      14
      16
      16
      16
       8
      12
       8
      13
       7
       9
       6
       7
      11
       4
       8
       9
       3
       5
       2
       3
       3
       2
       5
       2
       4
       4
       3
       0
       3
       3
       2
       2
       3
       1
       0
       2
       1
       1
       1
       0
       2
       0
       0
       0
       3
       1
       0
       0
       0
       0
       2
       0
       0
       0
       0
       0
       0
       1
       0
       0
       0
       0
       0
       0
       0
       0
       0
       0
       0
       0
       0
       0
       0
       0
       0
       0
       0
       0
       0
       0
       0
       0
       0
       0
       0
       0
       0
       0
       0
       0
       0
       0
       0
       0
       0
       0
       0
       0
       0
       0
       0
       0
       0
       0
       0
       0
       0
       0
       0
       0
       0
       0
       0
       0
       0
       0
       0
       0
       0
       0
       0
       0
       0
       0
       0
       0
       0
       0
       0
       0
       0
       0
       0
       0
       0
       0
       0
       0
       0
       0
       0
       0
       0
       0
       0
       0
       0
       0
       0
       0
       0
       0
       0
       0
       0
       0
       0
       0
       0
       0
       0
       0
       0
       0
       0
       0
       0
       0
       0
       0
       0
       0
       0
       0
       0
       0
       0
       0
       0
       0
       0
       0
       0
       0
       0
       0
       0
       0
       0
       0
       0
       0
       0
       0
       0
       0
       0
       0
       0
       0
       0
       0
       0
       0
       0
       0
       0
       0
       0
       0
       0
       0
       0
       0
       0
       0
       0
       0
       1
       0
       0
       0
       0
       0
       0
       0
       0
       0
       0
       0
       0
       0
       0
       0
       0
       0
       0
       0
       0
       0
       0
       0
       0
       0
       0
       0
       0
       0
       0
       0
       0
       1
       0
       0
       0
       0
       0
       0
       0
       0
       0
       0
       0
       0
       0
       0
       0
       0
       0
       0
       0
       0
       0
       0
       0
       0
       0
       0
       0
       1
       0
       0
       0
       0
       0
       0
       0
       0
       0
       0
       0
       0
       0
       0
       0
       0
       0
       0
       0
       0
       0
       0
       0
       0
       0
       0
       0
       0
       0
       0
       0
       0
       0
       0
       0
       0
       0
       0
       0
       0
       0
       0
       0
       0
       0
       0
       0
       0
       0
       0
       0
       0
       0
       0
       0
       0
       0
       0
       0
       0
       0
       0
       0
       0
       0
       0
       0
       0
       0
       0
       0
       0
       0
       0
       0
       0
       0
       0
       0
       0
       0
       0
       0
       0
       0
       0
       0
       0
       0
       0
       0
       0
       0
       0
       0
       0
       0
       0
       0
       0
       0
       0
       0
       0
       0
       0
       0
       0
       0
       0
       0
       0
       0
       0
       0
       0
       0
       0
       0
       0
       0
       0
$ROI:
1
1425 1700
$PRESETS:
Live Time
1000000
0
$ENER_FIT:
0.000000 0.002526
$MCA_CAL:
3
0.000000E+000 2.525835E-003 0.000000E+000 keV
$SHAPE_CAL:
3
0.000000E+000 0.000000E+000 0.000000E+000
