$SPEC_ID:
No sample description was entered.
$SPEC_REM:
DET# 1
DETDESC# 
AP# Maestro Version 6.08
$DATE_MEA:
09/14/2017 09:53:02
$MEAS_TIM:
60 60
$DATA:
0 2047
       0
       0
       0
       0
       0
       0
       0
       0
       0
       0
       0
       0
       0
       0
       0
       0
       0
       0
       0
       0
       0
       0
       0
       0
       0
       0
       0
       0
       0
       0
       0
       0
       0
       0
       0
       0
       0
       0
       0
       0
       0
       0
       0
       0
       0
       0
       0
       0
       0
       0
       0
       0
       0
       0
       0
       0
       0
       0
       0
       0
       0
       0
       0
       0
       0
       0
       0
       0
       0
       0
       0
       0
       0
       0
       0
       0
       0
       0
       0
       0
       0
       0
       0
       0
       0
       0
       0
       0
       0
       0
       0
       0
       0
       0
       0
       0
       0
       0
       0
       0
       0
       0
       0
       0
       0
       0
       0
       0
       0
       0
       0
       0
       0
       0
       0
       0
       0
       0
       0
       0
       0
       0
       0
       0
       0
       0
       0
       0
       0
       0
       0
       0
       0
       0
       0
       0
       0
       0
       0
       0
       0
       0
       0
       0
       0
       0
       0
       0
       0
       0
       0
       0
       0
       0
       0
       0
       0
       0
       0
       0
       0
       0
       0
       0
       0
       0
       0
       0
       0
       0
       0
       0
       0
       0
       0
       0
       0
       0
       0
       0
       0
       0
       0
       0
       0
       0
       0
       0
       0
       0
       0
       0
       0
       0
       0
       0
       0
       0
       0
       0
       2
       1
       1
       0
       0
       1
       1
       0
       0
       0
       2
       2
       0
       0
       0
       1
       0
       2
       1
       0
       1
       2
       0
       0
       2
       1
       1
       1
       1
       0
       0
       0
       0
       0
       1
       1
       1
       1
       1
       1
       0
       0
       1
       1
       1
       2
       1
       0
       1
       0
       2
       1
       0
       1
       0
       1
       1
       0
       0
       0
       1
       1
       2
       0
       1
       0
       0
       0
       1
       1
       0
       2
       0
       1
       1
       0
       0
       0
       0
       2
       0
       0
       0
       0
       0
       2
       0
       0
       1
       2
       0
       1
       0
       1
       0
       2
       1
       1
       0
       0
       0
       0
       1
       2
       0
       1
       0
       2
       0
       0
       0
       1
       1
       2
       1
       0
       0
       0
       1
       0
       1
       2
       0
       2
       2
       0
       0
       0
       1
       0
       2
       0
       0
       3
       1
       1
       1
       0
       1
       2
       2
       0
       1
       1
       0
       0
       0
       0
       0
       0
       0
       1
       0
       0
       0
       0
       1
       0
       3
       0
       0
       0
       0
       1
       0
       0
       1
       0
       3
       0
       0
       0
       1
       1
       0
       0
       1
       0
       1
       0
       0
       1
       0
       0
       1
       1
       1
       1
       0
       0
       1
       1
       1
       2
       0
       0
       2
       0
       0
       2
       0
       2
       0
       0
       0
       0
       1
       0
       1
       0
       3
       0
       1
       0
       0
       0
       0
       2
       1
       0
       0
       0
       0
       0
       2
       0
       2
       0
       0
       0
       0
       1
       2
       0
       0
       0
       1
       1
       2
       0
       0
       1
       2
       0
       1
       1
       0
       1
       0
       0
       0
       0
       0
       0
       0
       0
       1
       0
       0
       0
       2
       1
       0
       1
       1
       0
       0
       0
       1
       1
       0
       0
       1
       0
       0
       1
       1
       0
       0
       0
       1
       0
       0
       1
       0
       2
       0
       0
       0
       1
       0
       0
       1
       0
       0
       2
       1
       1
       0
       0
       0
       1
       1
       0
       1
       0
       0
       0
       1
       0
       1
       1
       0
       0
       0
       1
       1
       2
       1
       0
       0
       3
       0
       1
       0
       0
       0
       1
       3
       1
       1
       0
       0
       1
       1
       1
       0
       1
       1
       2
       0
       0
       0
       0
       1
       1
       1
       0
       2
       0
       0
       0
       1
       1
       0
       1
       0
       0
       0
       0
       1
       2
       0
       1
       0
       0
       0
       2
       0
       1
       0
       1
       0
       2
       1
       1
       0
       0
       1
       2
       0
       1
       0
       0
       2
       1
       0
       0
       1
       1
       0
       1
       0
       0
       0
       2
       2
       0
       0
       0
       0
       1
       0
       0
       1
       0
       1
       0
       1
       0
       1
       0
       0
       0
       2
       0
       0
       1
       0
       2
       1
       0
       1
       1
       0
       1
       0
       1
       0
       0
       1
       1
       1
       1
       1
       2
       0
       0
       0
       0
       0
       0
       0
       2
       1
       0
       0
       0
       0
       0
       1
       1
       0
       1
       0
       1
       1
       0
       0
       0
       1
       1
       0
       2
       0
       0
       1
       2
       2
       2
       0
       0
       1
       0
       1
       0
       0
       0
       1
       1
       0
       2
       1
       0
       0
       0
       0
       1
       0
       0
       0
       0
       0
       0
       0
       0
       1
       0
       1
       0
       2
       0
       1
       1
       0
       1
       0
       1
       0
       0
       2
       0
       0
       2
       0
       0
       0
       0
       1
       0
       0
       1
       0
       0
       2
       1
       1
       0
       0
       0
       2
       0
       1
       1
       1
       1
       1
       1
       0
       0
       0
       0
       0
       0
       0
       1
       1
       0
       1
       0
       2
       0
       2
       1
       0
       1
       0
       1
       2
       0
       1
       1
       0
       0
       1
       1
       0
       1
       0
       0
       0
       1
       0
       0
       0
       1
       0
       0
       0
       0
       0
       1
       2
       2
       2
       3
       0
       2
       0
       0
       0
       1
       0
       0
       1
       1
       0
       0
       0
       0
       1
       0
       1
       0
       0
       1
       1
       0
       0
       0
       0
       0
       0
       1
       2
       0
       0
       1
       0
       2
       0
       0
       0
       1
       0
       0
       3
       0
       1
       0
       0
       0
       0
       0
       1
       0
       0
       0
       0
       0
       2
       0
       0
       1
       0
       0
       0
       0
       1
       0
       0
       0
       0
       0
       0
       0
       0
       0
       1
       2
       0
       1
       1
       0
       0
       1
       0
       0
       1
       0
       2
       0
       0
       0
       0
       0
       0
       0
       3
       1
       1
       1
       1
       0
       2
       0
       1
       0
       0
       2
       1
       0
       0
       1
       1
       1
       0
       1
       0
       0
       1
       0
       2
       0
       0
       0
       1
       0
       0
       0
       0
       0
       0
       0
       0
       0
       0
       0
       1
       0
       0
       0
       0
       0
       0
       1
       0
       0
       0
       0
       0
       1
       0
       0
       0
       0
       1
       1
       2
       0
       1
       1
       0
       1
       1
       0
       0
       1
       0
       1
       1
       0
       0
       0
       0
       1
       1
       1
       0
       0
       0
       0
       1
       2
       0
       0
       0
       1
       0
       0
       0
       0
       2
       0
       0
       1
       0
       0
       0
       0
       0
       0
       1
       1
       1
       0
       0
       0
       0
       0
       1
       0
       0
       0
       1
       0
       0
       1
       0
       1
       0
       0
       1
       1
       0
       1
       0
       2
       1
       1
       0
       0
       0
       0
       0
       0
       0
       0
       0
       0
       0
       0
       1
       0
       1
       0
       1
       0
       1
       1
       0
       3
       1
       1
       0
       0
       0
       0
       0
       0
       0
       0
       0
       0
       0
       0
       1
       0
       1
       0
       1
       3
       1
       0
       0
       0
       0
       0
       1
       0
       2
       1
       0
       0
       1
       0
       0
       0
       0
       2
       0
       0
       0
       0
       0
       0
       0
       1
       0
       0
       0
       0
       3
       0
       0
       0
       2
       0
       2
       1
       0
       0
       0
       0
       0
       0
       0
       1
       1
       0
       0
       0
       3
       0
       1
       1
       2
       1
       0
       0
       0
       0
       0
       0
       0
       0
       1
       0
       1
       0
       0
       0
       1
       0
       1
       0
       1
       0
       0
       0
       0
       0
       1
       1
       0
       0
       1
       1
       0
       1
       0
       1
       0
       0
       0
       0
       1
       0
       0
       1
       1
       0
       0
       2
       0
       1
       0
       1
       0
       0
       0
       1
       0
       0
       0
       0
       0
       1
       1
       1
       1
       0
       1
       0
       1
       0
       2
       0
       0
       0
       0
       1
       0
       0
       0
       0
       0
       1
       0
       0
       0
       1
       0
       0
       0
       0
       0
       0
       0
       0
       0
       0
       2
       0
       0
       0
       0
       2
       0
       0
       1
       1
       0
       1
       0
       1
       0
       0
       0
       0
       1
       0
       2
       1
       1
       0
       0
       1
       0
       0
       1
       0
       0
       0
       0
       1
       0
       1
       1
       0
       1
       0
       0
       2
       1
       0
       1
       1
       1
       0
       0
       0
       0
       0
       0
       2
       0
       0
       2
       1
       1
       3
       0
       0
       0
       0
       1
       3
       0
       1
       1
       4
       2
       1
       0
       0
       0
       0
       0
       2
       1
       0
       1
       1
       2
       2
       1
       1
       0
       2
       2
       0
       0
       0
       1
       3
       0
       0
       2
       1
       0
       0
       2
       1
       0
       2
       0
       0
       2
       1
       2
       0
       0
       0
       0
       1
       1
       0
       1
       0
       1
       2
       2
       0
       0
       0
       0
       0
       2
       0
       0
       0
       1
       2
       1
       1
       1
       0
       0
       0
       3
       1
       1
       0
       1
       1
       1
       0
       1
       2
       0
       1
       1
       2
       0
       2
       0
       1
       0
       0
       1
       1
       0
       0
       0
       1
       3
       0
       2
       3
       1
       0
       1
       0
       0
       1
       1
       0
       1
       0
       2
       0
       1
       2
       0
       0
       2
       1
       1
       2
       1
       0
       0
       1
       0
       1
       3
       2
       0
       0
       1
       2
       2
       0
       1
       2
       0
       2
       3
       0
       0
       2
       0
       1
       0
       1
       1
       0
       1
       0
       0
       0
       1
       2
       4
       0
       2
       1
       1
       4
       2
       0
       2
       1
       3
       2
       1
       2
       2
       3
       2
       5
       1
       3
       1
       2
       6
       3
       2
       1
       4
       1
       2
       5
       5
       3
       1
       2
       2
       6
       1
       2
       5
       4
       3
       7
       6
       3
      11
       7
       7
       8
       6
      10
      10
       7
       3
      12
      12
       7
      11
      12
       9
      18
      13
       8
      14
      10
      10
       8
      14
      16
      10
      10
      14
      17
      14
      22
      20
      14
      21
      32
      21
      20
      31
      26
      15
      24
      19
      24
      25
      27
      27
      40
      29
      42
      33
      37
      29
      50
      33
      31
      40
      53
      33
      39
      44
      48
      40
      35
      46
      56
      40
      64
      43
      70
      48
      43
      47
      48
      66
      42
      65
      60
      54
      51
      61
      58
      57
      56
      48
      67
      65
      49
      57
      53
      60
      57
      75
      61
      58
      61
      62
      65
      72
      57
      62
      53
      59
      63
      53
      57
      53
      63
      73
      64
      46
      57
      71
      44
      47
      55
      59
      39
      41
      50
      61
      42
      45
      38
      35
      44
      40
      33
      51
      39
      38
      39
      34
      32
      29
      34
      41
      35
      31
      24
      28
      23
      39
      25
      27
      21
      24
      15
      23
      21
      24
      18
      19
      15
      17
      21
      15
      18
      12
      15
      15
      11
      17
      13
      11
       8
      17
      14
      11
      10
      10
      14
      11
      11
      11
       6
       8
       9
       7
       9
       8
       4
       9
       6
       8
       9
       6
      10
       1
       6
       2
       6
       2
       2
       4
       3
       2
       7
       5
       5
       3
       2
       2
       2
       0
       2
       4
       0
       1
       0
       1
       0
       0
       0
       1
       1
       1
       1
       0
       0
       3
       0
       1
       0
       0
       0
       0
       0
       0
       0
       0
       0
       0
       0
       0
       0
       1
       0
       0
       0
       0
       0
       0
       0
       0
       0
       0
       0
       0
       0
       0
       0
       0
       0
       0
       0
       0
       0
       0
       0
       0
       0
       0
       0
       0
       0
       0
       0
       0
       0
       0
       0
       0
       0
       0
       0
       0
       0
       0
       0
       0
       0
       0
       0
       0
       0
       0
       0
       0
       0
       0
       0
       0
       0
       0
       0
       0
       0
       0
       0
       0
       0
       0
       0
       0
       0
       0
       0
       0
       0
       0
       0
       0
       0
       0
       0
       0
       0
       0
       0
       0
       0
       0
       0
       0
       0
       0
       0
       0
       0
       0
       0
       0
       0
       0
       0
       0
       0
       0
       0
       0
       0
       0
       0
       0
       0
       0
       0
       0
       0
       0
       0
       0
       0
       0
       0
       0
       0
       0
       0
       0
       0
       0
       0
       0
       0
       0
       0
       0
       0
       0
       0
       0
       0
       0
       0
       0
       0
       0
       0
       0
       0
       0
       0
       0
       0
       0
       0
       0
       0
       0
       0
       0
       0
       0
       0
       0
       0
       0
       0
       0
       0
       0
       0
       0
       0
       0
       0
       0
       0
       0
       0
       0
       0
       0
       0
       0
       0
       0
       0
       0
       0
       0
       0
       0
       0
       0
       0
       0
       0
       0
       0
       0
       0
       0
       0
       0
       0
       0
       0
       0
       0
       0
       0
       0
       0
       0
       0
       0
       0
       0
       0
       0
       0
       0
       0
       0
       0
       0
       0
       0
       0
       0
       0
       0
       0
       0
       0
       0
       0
       0
       0
       0
       0
       0
       0
       0
       0
       0
       0
       0
       0
       0
       0
       0
       0
       0
       0
       0
       0
       0
       0
       0
       0
       0
       0
       0
       0
       0
       0
       0
       0
       0
       0
       0
       0
       0
       0
       0
       0
       0
       0
       0
       0
       0
       0
       0
       0
       0
       0
       0
       0
       0
       0
       0
       0
       0
       0
       0
       0
       0
       0
       0
       0
       0
       0
       0
       0
       0
       0
       0
       0
       0
       0
       0
       0
       0
       0
       0
       0
       0
       0
       0
       0
       0
       0
       0
       0
       0
       0
       0
       0
       0
       0
       0
       0
       0
       0
       0
       0
       0
       0
       0
       0
       0
       0
       0
       0
       0
       0
       0
       0
$ROI:
1
1425 1700
$PRESETS:
Live Time
1000000
0
$ENER_FIT:
0.000000 0.002526
$MCA_CAL:
3
0.000000E+000 2.525835E-003 0.000000E+000 keV
$SHAPE_CAL:
3
0.000000E+000 0.000000E+000 0.000000E+000
