$SPEC_ID:
No sample description was entered.
$SPEC_REM:
DET# 1
DETDESC# 
AP# Maestro Version 6.08
$DATE_MEA:
09/14/2017 10:08:56
$MEAS_TIM:
32 32
$DATA:
0 2047
       0
       0
       0
       0
       0
       0
       0
       0
       0
       0
       0
       0
       0
       0
       0
       0
       0
       0
       0
       0
       0
       0
       0
       0
       0
       0
       0
       0
       0
       0
       0
       0
       0
       0
       0
       0
       0
       0
       0
       0
       0
       0
       0
       0
       0
       0
       0
       0
       0
       0
       0
       0
       0
       0
       0
       0
       0
       0
       0
       0
       0
       0
       0
       0
       0
       0
       0
       0
       0
       0
       0
       0
       0
       0
       0
       0
       0
       0
       0
       0
       0
       0
       0
       0
       0
       0
       0
       0
       0
       0
       0
       0
       0
       0
       0
       0
       0
       0
       0
       0
       0
       0
       0
       0
       0
       0
       0
       0
       0
       0
       0
       0
       0
       0
       0
       0
       0
       0
       0
       0
       0
       0
       0
       0
       0
       0
       0
       0
       0
       0
       0
       0
       0
       0
       0
       0
       0
       0
       0
       0
       0
       0
       0
       0
       0
       0
       0
       0
       0
       0
       0
       0
       0
       0
       0
       0
       0
       0
       0
       0
       0
       0
       0
       0
       0
       0
       0
       0
       0
       0
       0
       0
       0
       0
       0
       0
       0
       0
       0
       0
       0
       0
       0
       0
       0
       0
       0
       0
       0
       0
       0
       0
       0
       0
       0
       0
       0
       0
       0
       1
       1
       0
       2
       0
       0
       0
       1
       0
       0
       2
       0
       0
       1
       0
       1
       0
       0
       0
       0
       0
       0
       1
       0
       0
       0
       0
       1
       1
       0
       0
       2
       1
       0
       1
       1
       1
       0
       2
       0
       0
       0
       2
       0
       0
       0
       0
       0
       1
       0
       0
       0
       0
       0
       0
       0
       0
       0
       0
       0
       0
       1
       1
       0
       0
       1
       1
       0
       0
       0
       0
       0
       0
       0
       0
       0
       1
       0
       0
       0
       1
       0
       2
       0
       0
       1
       0
       0
       0
       0
       0
       1
       0
       0
       0
       0
       1
       1
       0
       1
       0
       0
       0
       0
       0
       1
       0
       1
       2
       1
       1
       0
       0
       1
       3
       1
       1
       0
       1
       0
       0
       1
       1
       0
       1
       1
       1
       1
       0
       0
       1
       0
       0
       0
       1
       2
       1
       0
       0
       0
       0
       0
       3
       2
       0
       0
       1
       0
       0
       0
       1
       0
       1
       0
       0
       0
       0
       1
       0
       0
       0
       0
       0
       1
       1
       0
       0
       1
       3
       1
       0
       1
       2
       0
       0
       1
       0
       1
       0
       2
       0
       0
       2
       0
       0
       0
       0
       2
       2
       0
       0
       0
       0
       1
       1
       1
       0
       0
       0
       1
       0
       0
       1
       0
       0
       2
       0
       0
       0
       0
       0
       1
       0
       0
       1
       0
       0
       0
       0
       0
       0
       1
       0
       1
       1
       0
       3
       0
       1
       1
       0
       1
       1
       0
       0
       0
       0
       0
       0
       0
       0
       1
       0
       0
       0
       0
       0
       0
       1
       0
       0
       1
       0
       0
       1
       1
       0
       0
       0
       0
       1
       1
       1
       2
       0
       1
       0
       2
       1
       1
       0
       2
       1
       0
       0
       0
       0
       1
       1
       1
       2
       0
       0
       2
       0
       0
       0
       1
       0
       0
       1
       0
       1
       0
       0
       0
       0
       1
       0
       2
       2
       0
       1
       0
       1
       1
       0
       0
       0
       0
       3
       0
       0
       1
       0
       0
       0
       0
       0
       0
       0
       1
       1
       0
       0
       1
       1
       0
       0
       1
       0
       0
       0
       0
       0
       1
       0
       1
       0
       0
       0
       0
       1
       0
       0
       0
       0
       1
       0
       0
       0
       0
       1
       1
       0
       3
       2
       1
       1
       1
       0
       1
       1
       1
       1
       1
       0
       0
       1
       0
       1
       0
       0
       0
       0
       1
       0
       0
       0
       0
       0
       0
       1
       2
       1
       1
       0
       0
       3
       1
       2
       2
       0
       0
       0
       1
       0
       2
       0
       0
       1
       0
       1
       0
       2
       0
       0
       0
       0
       0
       1
       1
       0
       2
       2
       0
       0
       0
       0
       1
       1
       0
       0
       1
       0
       0
       0
       0
       0
       0
       1
       1
       1
       1
       0
       0
       1
       0
       1
       1
       0
       1
       2
       1
       1
       0
       0
       0
       1
       1
       0
       0
       0
       1
       0
       0
       0
       0
       0
       0
       0
       0
       0
       0
       0
       1
       0
       1
       0
       1
       0
       1
       0
       1
       0
       0
       0
       1
       1
       0
       1
       0
       0
       1
       0
       0
       4
       2
       1
       0
       0
       0
       0
       2
       0
       1
       1
       0
       1
       1
       0
       0
       0
       0
       0
       1
       0
       1
       1
       1
       0
       1
       1
       0
       1
       1
       1
       1
       0
       0
       0
       1
       0
       0
       0
       0
       0
       0
       1
       0
       1
       2
       0
       0
       1
       0
       1
       1
       0
       0
       1
       0
       1
       0
       0
       1
       1
       1
       0
       0
       0
       1
       0
       1
       0
       0
       1
       0
       0
       3
       0
       0
       0
       0
       1
       1
       0
       1
       1
       0
       1
       1
       0
       0
       0
       1
       0
       1
       1
       0
       0
       0
       2
       0
       0
       0
       3
       0
       0
       0
       1
       1
       0
       2
       1
       1
       1
       0
       1
       1
       1
       3
       2
       0
       0
       0
       0
       0
       1
       0
       0
       0
       1
       0
       0
       0
       1
       0
       1
       1
       0
       0
       0
       1
       1
       0
       0
       1
       2
       0
       0
       1
       1
       1
       1
       1
       2
       0
       0
       1
       1
       0
       3
       0
       1
       1
       0
       0
       0
       0
       1
       1
       1
       0
       0
       0
       0
       0
       0
       0
       0
       0
       0
       1
       1
       2
       0
       1
       1
       1
       1
       0
       0
       1
       1
       0
       0
       0
       1
       3
       0
       2
       1
       0
       0
       0
       0
       1
       0
       1
       1
       0
       1
       0
       3
       1
       0
       1
       2
       1
       0
       1
       0
       0
       1
       1
       0
       0
       0
       0
       1
       0
       0
       0
       0
       2
       2
       0
       2
       1
       0
       0
       1
       2
       1
       2
       0
       1
       0
       2
       1
       0
       0
       0
       0
       0
       1
       0
       1
       1
       1
       0
       0
       0
       1
       0
       1
       0
       1
       1
       0
       0
       1
       0
       1
       1
       0
       0
       1
       0
       0
       0
       0
       0
       2
       1
       1
       1
       0
       0
       0
       0
       0
       0
       1
       1
       0
       0
       3
       0
       1
       0
       0
       1
       1
       1
       1
       0
       0
       0
       1
       1
       1
       2
       0
       1
       0
       2
       2
       1
       0
       0
       1
       0
       0
       0
       0
       1
       2
       0
       1
       0
       1
       0
       0
       1
       0
       0
       0
       0
       1
       0
       0
       0
       1
       1
       0
       0
       2
       0
       0
       0
       2
       0
       1
       0
       1
       1
       0
       1
       0
       2
       0
       0
       2
       0
       0
       0
       1
       1
       0
       1
       1
       1
       0
       0
       0
       1
       0
       3
       0
       1
       0
       0
       1
       2
       0
       0
       1
       1
       0
       1
       0
       0
       1
       2
       1
       1
       0
       0
       0
       0
       0
       1
       0
       3
       1
       2
       1
       0
       1
       1
       0
       0
       1
       0
       2
       0
       1
       0
       0
       0
       1
       1
       1
       1
       0
       0
       1
       0
       4
       0
       0
       0
       0
       1
       0
       1
       0
       0
       1
       0
       0
       0
       1
       1
       3
       1
       1
       0
       1
       0
       1
       0
       1
       0
       2
       0
       0
       1
       0
       1
       0
       0
       0
       0
       1
       0
       0
       1
       0
       0
       1
       0
       1
       1
       0
       1
       0
       1
       1
       1
       0
       0
       0
       0
       1
       0
       0
       0
       1
       0
       0
       0
       1
       0
       1
       0
       0
       0
       0
       1
       0
       0
       0
       1
       0
       1
       2
       0
       1
       1
       0
       0
       0
       0
       1
       1
       1
       1
       4
       2
       1
       1
       2
       3
       2
       0
       0
       1
       3
       1
       1
       0
       1
       1
       0
       0
       1
       1
       0
       2
       0
       1
       0
       2
       1
       0
       0
       1
       1
       0
       1
       1
       0
       1
       2
       0
       0
       0
       2
       0
       1
       1
       1
       2
       1
       0
       0
       2
       1
       1
       0
       3
       0
       1
       0
       0
       5
       1
       0
       1
       1
       0
       1
       1
       0
       2
       1
       1
       1
       1
       1
       1
       2
       0
       1
       1
       0
       0
       3
       0
       1
       1
       0
       1
       0
       3
       1
       2
       1
       0
       1
       1
       1
       2
       2
       0
       2
       1
       2
       1
       1
       2
       1
       2
       0
       3
       1
       2
       3
       2
       1
       1
       4
       2
       2
       1
       1
       2
       2
       2
       1
       1
       1
       0
       2
       4
       0
       3
       0
       1
       1
       1
       2
       1
       2
       1
       0
       1
       1
       4
       1
       4
       1
       2
       0
       2
       0
       1
       1
       2
       1
       3
       2
       1
       2
       3
       2
       0
       1
       2
       1
       2
       1
       2
       2
       1
       0
       0
       4
       0
       1
       0
       3
       2
       1
       0
       2
       4
       1
       1
       0
       4
       2
       0
       0
       0
       2
       1
       0
       0
       1
       2
       1
       1
       2
       2
       1
       3
       1
       2
       0
       0
       4
       0
       7
       1
       4
       1
       3
       2
       2
       2
       1
       1
       1
       3
       2
       2
       4
       3
       1
       2
       1
       3
       0
       4
       0
       1
       2
       4
       1
       2
       5
       1
       4
       5
       6
       6
       6
       2
       3
       5
       4
       7
       4
       7
       4
       5
       9
       3
       8
       7
       7
       5
       8
       7
       7
       3
       3
       5
       9
       6
      10
      14
      11
       5
      11
      12
      10
       7
      13
      12
      10
       8
      14
      11
      10
      13
      21
       9
      19
      15
      17
      14
      26
      30
      22
      14
      30
      26
      25
      19
      23
      26
      33
      22
      22
      24
      26
      33
      35
      26
      27
      42
      43
      40
      47
      47
      48
      33
      47
      48
      43
      57
      46
      53
      54
      55
      65
      52
      52
      68
      54
      70
      69
      73
      66
      76
      64
      73
      69
      71
      78
      87
      84
      83
      90
      92
      78
      83
     102
      90
      97
      89
      70
      86
     103
      76
      91
      81
      89
      89
      96
      97
     105
     106
      91
      89
     100
      83
      77
      96
      87
      94
     104
     117
     108
      94
     104
     102
     112
      77
     106
      89
      82
      91
      85
      72
      90
      78
      78
     112
      81
      80
      78
      70
      63
      76
      72
      78
      60
      68
      50
      81
      67
      65
      63
      52
      74
      55
      51
      60
      59
      46
      52
      58
      45
      51
      59
      36
      40
      41
      29
      42
      42
      50
      36
      27
      33
      26
      42
      26
      33
      19
      37
      24
      28
      16
      20
      29
      22
      13
      30
      19
      13
      20
      19
      17
      18
      15
      15
      22
      13
      16
      21
      18
      10
      13
       8
      10
       5
      10
       9
      10
       4
       8
       5
       1
      11
       5
      10
       7
       3
       4
       7
       3
       3
       4
       3
       4
       2
       7
       3
       3
       6
       2
       3
       1
       4
       3
       1
       0
       0
       3
       0
       1
       0
       1
       0
       0
       0
       1
       2
       0
       1
       0
       1
       2
       0
       0
       0
       0
       1
       0
       0
       0
       0
       0
       0
       0
       1
       0
       1
       0
       0
       0
       0
       0
       0
       0
       0
       0
       0
       0
       0
       0
       0
       0
       0
       0
       0
       0
       0
       0
       0
       0
       0
       0
       0
       0
       0
       0
       0
       0
       0
       0
       0
       0
       0
       0
       0
       0
       0
       0
       0
       0
       0
       0
       0
       0
       0
       0
       0
       0
       0
       0
       0
       0
       0
       0
       0
       0
       0
       0
       0
       0
       0
       0
       0
       0
       0
       0
       0
       0
       0
       0
       0
       0
       0
       0
       0
       0
       0
       0
       0
       0
       0
       0
       0
       0
       0
       0
       0
       0
       0
       0
       0
       0
       0
       0
       0
       0
       0
       0
       0
       0
       0
       0
       0
       0
       0
       0
       0
       0
       0
       0
       0
       0
       0
       0
       0
       0
       0
       0
       0
       0
       0
       0
       0
       0
       0
       0
       0
       0
       0
       0
       0
       0
       0
       0
       0
       0
       0
       0
       0
       0
       0
       0
       0
       0
       0
       0
       0
       0
       0
       0
       0
       0
       0
       0
       0
       0
       0
       0
       0
       0
       0
       0
       0
       0
       0
       0
       0
       0
       0
       0
       0
       0
       0
       0
       0
       0
       0
       0
       0
       0
       0
       1
       0
       0
       0
       0
       0
       0
       0
       0
       0
       0
       0
       0
       0
       0
       0
       0
       0
       0
       0
       0
       0
       0
       0
       0
       0
       0
       0
       0
       0
       0
       0
       0
       0
       0
       0
       0
       0
       0
       0
       0
       0
       0
       0
       0
       0
       0
       0
       0
       0
       0
       0
       0
       0
       0
       0
       0
       0
       0
       0
       0
       0
       0
       0
       0
       0
       0
       0
       0
       0
       0
       0
       0
       0
       0
       0
       0
       0
       0
       0
       0
       0
       0
       0
       0
       0
       0
       0
       0
       0
       0
       0
       0
       0
       0
       0
       0
       0
       0
       0
       0
       0
       0
       0
       0
       0
       0
       0
       0
       0
       0
       0
       0
       0
       0
       0
       0
       0
       0
       0
       0
       0
       0
       0
       0
       0
       0
       0
       0
       0
       0
       0
       0
       0
       0
       0
       0
       0
       0
       0
       0
       0
       0
       0
       0
       0
       0
       0
       0
       0
$ROI:
1
1425 1700
$PRESETS:
Live Time
1000000
0
$ENER_FIT:
0.000000 0.002526
$MCA_CAL:
3
0.000000E+000 2.525835E-003 0.000000E+000 keV
$SHAPE_CAL:
3
0.000000E+000 0.000000E+000 0.000000E+000
